# ch150.tsp
150
0 576 188 410 139 656 76 110 630 168 751 559 543 396 330 303 777 340 595 462 329 302 475 588 444 285 589 644 533 89 570 463 270 40 172 696 606 487 636 613 603 602 489 416 435 372 539 104 488 498 465 232 582 348 452 307 637 462 295 723 702 236 104 445 404 752 475 501 669 545 436 456 87 575 310 59 386 327 274 393 494 115 358 87 392 521 21 237 118 368 524 335 194 212 110 136 183 12 619 176 576 601 25 399 296 514 114 551 460 504 290 483 165 622 388 561 664 616 518 574 238 390 584 163 299 236 653 464 555 724 434 468 341 388 523 510 541 389 579 751 424 349 202 509 504 262 489 770 270 379
576 0 591 666 489 82 500 471 69 525 325 220 633 422 428 403 434 311 46 136 541 647 339 217 139 295 471 86 54 508 497 321 337 553 424 272 38 327 339 155 365 63 229 593 647 232 80 560 439 143 174 392 176 269 159 269 366 140 428 413 282 598 535 542 224 425 275 715 265 112 624 454 590 598 290 602 370 451 457 434 82 592 221 493 298 85 590 505 471 218 707 272 396 502 560 469 412 564 78 462 316 121 555 693 350 651 529 90 212 78 366 540 535 101 615 282 444 219 720 81 464 395 565 414 610 360 272 683 432 362 322 223 386 267 115 553 182 236 125 497 155 320 454 439 485 315 440 368 607 615
188 591 0 222 298 662 191 184 629 68 681 503 367 274 215 211 677 444 622 458 162 115 379 532 453 346 455 640 562 146 428 375 255 155 186 634 612 395 544 578 501 597 434 238 249 360 532 87 357 556 439 199 541 325 508 342 537 511 191 620 638 48 102 281 481 650 405 314 605 595 253 320 104 408 391 139 288 201 159 266 515 303 403 175 498 560 174 101 168 374 337 320 211 93 294 149 298 189 652 326 487 649 199 211 246 332 289 594 419 513 232 322 59 662 205 483 545 561 330 564 134 280 425 226 112 237 585 277 429 636 350 552 247 344 573 347 613 363 553 628 458 459 353 379 360 316 358 688 83 194
410 666 222 0 508 719 402 384 683 257 646 508 178 249 240 272 600 613 706 532 131 115 358 534 540 498 349 689 653 355 310 368 373 376 356 614 674 376 495 600 442 650 455 85 44 446 592 307 282 677 493 330 558 410 633 476 477 629 249 545 614 174 316 157 625 573 412 92 586 705 67 247 325 239 550 360 297 217 229 237 605 525 533 383 663 663 396 211 365 476 117 415 373 233 515 338 490 410 739 532 452 754 420 40 336 131 506 698 458 592 320 189 255 755 51 464 452 560 108 613 244 274 274 407 112 376 562 56 345 582 354 695 281 400 685 203 741 432 587 521 571 631 556 299 256 469 282 637 140 52
139 489 298 508 0 571 107 127 550 251 714 523 613 425 364 326 762 213 500 396 403 411 474 548 370 197 612 566 440 154 603 457 248 150 178 657 522 482 620 556 598 525 457 494 524 323 468 212 514 388 414 237 535 313 346 234 628 360 329 712 664 341 196 505 289 739 456 597 631 437 519 490 213 632 202 195 397 370 321 426 408 104 269 125 261 422 160 306 146 306 614 296 181 281 72 174 78 130 519 38 561 491 116 505 291 592 41 448 422 425 293 538 253 518 476 539 670 575 612 504 289 410 631 131 398 215 620 558 572 700 430 345 358 361 416 565 422 350 518 755 334 218 63 533 542 186 516 740 373 468
656 82 662 719 571 0 580 550 37 597 288 238 670 472 486 466 408 391 87 204 599 710 376 224 214 376 490 40 134 585 521 360 410 632 500 244 51 362 338 149 375 69 268 643 697 303 131 636 475 214 230 465 185 337 239 349 367 219 491 398 253 666 611 586 304 405 314 762 245 172 673 495 667 628 371 680 422 509 521 484 163 674 302 573 374 160 670 572 549 293 751 343 473 571 642 545 494 644 96 544 330 155 636 749 417 692 611 151 261 153 433 580 607 120 668 298 446 215 765 106 532 446 591 494 673 435 259 732 455 340 368 292 444 327 183 590 238 301 139 486 237 399 536 471 520 395 476 334 671 670
76 500 191 402 107 580 0 38 555 145 681 488 515 345 279 247 711 277 520 386 302 304 412 516 368 211 536 568 458 47 522 398 198 58 103 625 530 423 569 538 539 526 418 393 419 297 463 108 436 426 390 166 510 276 379 231 572 389 244 658 631 234 90 410 335 686 407 492 598 472 416 408 116 539 240 110 327 281 229 343 419 145 284 22 330 447 90 205 53 292 509 261 122 179 123 79 119 64 545 135 509 528 57 398 228 491 106 478 388 429 225 445 147 549 372 493 605 544 507 498 194 335 543 87 292 164 583 453 499 656 369 400 283 318 450 473 472 317 504 692 349 288 162 457 458 187 437 700 266 363
110 471 184 384 127 550 38 0 523 128 643 451 487 309 244 211 674 266 492 353 276 292 375 479 336 187 500 536 430 43 487 361 161 83 66 588 499 385 531 503 502 494 380 367 398 262 430 109 401 404 355 129 473 239 356 202 535 364 209 621 593 222 86 380 316 649 369 472 560 448 392 373 129 508 222 132 290 248 197 308 389 181 257 23 320 421 121 179 20 259 488 225 84 154 157 47 115 99 518 148 472 504 94 383 191 465 136 453 351 397 188 414 132 523 350 455 568 507 486 465 163 298 510 57 275 127 545 433 463 618 332 384 247 280 426 441 453 280 469 654 321 279 173 421 423 160 402 663 252 342
630 69 629 683 550 37 555 523 0 565 268 202 633 436 451 431 384 379 93 173 563 674 340 189 187 354 455 18 123 558 485 323 379 605 472 219 31 325 306 115 341 33 231 607 661 271 97 607 438 211 194 433 150 305 228 324 334 208 455 370 229 633 582 549 293 379 277 725 218 175 637 458 638 592 354 652 386 474 486 448 143 653 281 546 367 154 643 539 521 265 714 311 445 538 621 517 473 618 112 525 295 169 610 713 384 655 590 153 225 126 399 543 575 138 632 263 413 182 728 70 499 410 555 468 637 406 230 696 419 314 332 291 409 291 182 553 245 268 103 457 217 389 518 434 483 371 439 313 636 634
168 525 68 257 251 597 145 128 565 0 632 448 376 240 175 161 638 380 555 393 162 166 335 478 386 278 430 576 494 98 408 329 188 129 118 583 546 350 500 519 461 533 379 251 274 294 468 70 329 488 377 133 483 261 440 274 497 443 145 582 587 96 64 277 413 612 353 347 554 527 272 295 104 407 324 137 243 167 117 235 448 277 335 126 433 492 161 69 109 307 364 254 144 46 262 86 239 164 584 275 442 581 171 256 184 348 250 526 360 447 171 315 10 594 227 435 513 507 362 501 84 241 417 162 148 169 535 308 400 592 301 484 199 284 505 343 545 300 492 598 390 395 301 351 341 248 331 643 124 218
751 325 681 646 714 288 681 643 268 632 0 193 530 418 468 472 127 596 360 331 558 683 304 166 363 526 318 254 372 665 359 306 483 717 579 60 293 287 151 178 205 262 263 561 609 391 282 692 364 463 302 522 184 406 463 483 172 443 491 142 51 665 672 489 521 134 280 653 83 437 583 400 728 469 549 753 393 485 523 428 364 809 468 665 600 405 758 580 633 411 630 422 559 591 779 618 638 740 380 700 198 437 737 683 458 568 749 415 294 333 467 464 642 405 600 198 228 140 650 254 550 404 425 600 644 517 98 635 305 78 332 540 435 363 438 460 507 366 218 228 422 610 702 347 394 530 364 46 656 606
559 220 503 508 523 238 488 451 202 448 193 0 435 260 296 292 252 422 266 158 399 521 150 30 191 339 254 200 246 474 283 140 290 526 387 137 207 133 126 96 145 174 71 426 479 200 145 505 242 325 116 331 54 213 310 294 150 291 313 214 143 493 484 362 358 235 100 537 110 317 453 268 541 391 368 563 222 316 345 272 217 617 289 473 436 275 566 403 441 223 522 229 367 411 586 427 447 548 296 510 96 340 545 541 269 462 557 298 101 185 279 349 458 321 458 62 225 59 539 142 369 240 353 407 482 324 97 511 217 183 159 393 258 171 309 356 384 174 100 288 255 438 513 236 286 340 243 217 489 461
543 633 367 178 613 670 515 487 633 376 530 435 0 228 266 307 459 665 678 511 214 281 294 456 530 545 212 633 635 470 171 313 416 505 440 511 632 308 382 531 328 602 405 129 135 450 553 440 195 682 462 392 489 419 644 512 358 634 294 408 508 321 440 112 654 434 358 134 486 698 119 180 467 68 598 503 281 251 294 220 590 653 557 494 709 653 533 311 468 485 105 430 447 336 636 440 575 540 710 628 356 739 547 215 367 50 621 686 423 569 355 95 378 732 167 379 311 476 126 566 325 255 111 492 261 433 462 135 228 457 313 719 293 389 681 80 747 425 531 366 577 684 649 200 150 521 194 511 289 177
396 422 274 249 425 472 345 309 436 240 418 260 228 0 67 99 403 442 465 292 141 266 115 288 307 323 193 440 416 309 178 120 197 357 248 377 428 132 273 351 227 403 206 172 226 222 346 309 92 456 248 189 309 191 416 286 264 408 101 346 379 251 297 123 426 376 163 293 348 475 202 65 344 220 374 376 54 74 124 12 370 489 329 323 483 431 394 176 292 258 287 202 246 194 466 266 372 389 498 432 220 520 391 281 147 234 444 465 212 352 138 134 248 517 199 224 273 315 299 366 159 28 210 295 227 221 326 261 160 366 105 491 70 164 457 157 522 200 338 358 350 461 449 113 117 301 93 419 238 201
330 428 215 240 364 486 279 244 451 175 468 296 266 67 0 41 464 401 467 293 113 227 165 325 300 281 259 458 413 243 243 162 151 290 186 422 439 181 329 380 287 418 233 177 227 207 356 244 158 439 257 129 340 170 397 250 323 391 35 407 425 199 230 154 397 437 196 302 393 465 209 129 279 272 334 310 75 23 59 64 365 423 301 257 446 423 328 114 227 238 303 177 186 130 401 200 314 322 499 372 272 514 325 265 104 260 380 458 227 353 91 179 184 516 189 270 338 354 311 381 93 66 268 235 189 168 372 266 226 422 138 465 42 161 446 205 505 193 361 424 332 420 391 180 180 256 160 473 193 188
303 403 211 272 326 466 247 211 431 161 472 292 307 99 41 0 479 360 441 267 141 244 176 321 272 240 290 440 385 214 277 168 110 264 149 424 418 190 340 370 303 398 224 215 263 176 336 225 190 406 237 90 331 139 361 210 338 358 25 424 428 204 208 195 358 453 194 339 395 434 246 164 261 312 293 290 84 59 55 100 337 391 263 226 405 393 303 111 194 204 342 143 147 119 367 169 275 294 473 333 282 484 296 293 65 300 345 428 212 327 50 220 170 488 222 275 361 350 349 363 78 88 307 196 207 127 375 302 253 432 141 427 39 140 413 246 469 167 347 448 299 379 351 210 216 215 191 482 205 220
777 434 677 600 762 408 711 674 384 638 127 252 459 403 464 479 0 673 473 408 534 657 304 236 441 587 252 371 474 688 293 314 518 739 608 165 405 290 143 279 177 372 309 516 560 445 376 704 328 562 367 546 268 449 555 542 141 535 493 57 155 653 687 444 607 27 307 591 169 543 534 367 740 393 619 769 395 477 522 412 457 849 540 694 686 506 780 578 661 472 564 467 592 593 821 641 689 767 496 753 202 551 766 639 483 504 793 522 346 425 488 412 647 522 560 223 149 220 585 356 554 398 348 638 620 552 165 579 258 72 343 636 440 401 540 400 614 415 314 111 505 689 760 307 345 585 328 83 636 567
340 311 444 613 213 391 277 266 379 380 596 422 665 442 401 360 673 0 310 266 487 543 438 439 233 120 593 396 257 309 599 416 250 335 263 537 349 438 541 420 538 362 371 571 615 246 319 375 513 186 307 285 412 262 153 158 557 172 377 633 545 476 352 554 88 656 393 692 517 236 601 503 392 662 68 386 395 418 388 449 241 311 134 283 54 232 359 404 279 211 699 246 242 386 281 295 158 328 323 177 490 286 315 623 298 660 253 251 333 268 310 575 387 317 570 460 620 459 704 352 370 418 647 219 517 239 512 653 549 604 395 132 374 308 217 599 210 278 380 697 174 19 159 526 553 146 515 630 500 565
595 46 622 706 500 87 520 492 93 555 360 266 678 465 467 441 473 310 0 174 579 683 384 261 171 311 517 109 62 531 543 365 367 575 450 309 68 372 383 196 411 102 274 635 688 267 126 587 484 128 217 423 220 304 158 291 410 141 466 454 319 633 561 585 222 466 320 758 305 85 666 498 616 643 298 624 412 490 493 476 107 603 237 515 289 79 610 540 494 248 750 305 422 535 572 495 425 583 33 471 362 78 574 731 385 694 541 64 255 114 401 584 565 55 655 327 488 262 763 125 499 438 610 436 647 388 313 725 477 402 366 205 425 306 97 598 152 274 169 540 172 317 460 484 530 334 485 404 642 654
462 136 458 532 396 204 386 353 173 393 331 158 511 292 293 267 408 266 174 0 405 511 225 173 33 201 374 185 124 386 393 204 206 435 299 272 154 217 282 162 289 142 124 461 514 99 77 434 323 180 53 261 147 134 156 162 303 139 292 372 280 463 409 414 200 392 163 585 251 187 492 331 466 484 218 481 239 316 321 303 79 496 137 376 278 142 474 370 350 94 579 139 273 368 465 344 318 450 207 376 239 228 443 557 214 525 434 175 93 60 230 417 403 225 481 205 372 193 590 112 329 265 455 299 474 233 246 551 330 338 198 240 251 132 172 432 244 100 122 443 97 281 375 327 369 210 324 364 471 480
329 541 162 131 403 599 302 276 563 162 558 399 214 141 113 141 534 487 579 405 0 125 256 428 412 369 299 569 525 257 269 260 243 291 237 518 552 273 411 488 362 530 341 91 128 317 469 227 207 547 370 202 447 280 502 346 399 499 118 477 520 124 226 120 495 507 300 205 489 575 118 168 256 248 422 292 180 90 100 130 477 439 402 281 535 534 320 98 257 345 216 284 250 123 423 229 373 326 612 422 360 625 333 152 205 189 408 569 338 465 189 160 164 628 83 365 394 455 218 493 120 160 263 290 87 248 467 166 278 503 241 565 155 274 554 186 610 305 471 475 440 504 444 228 202 341 207 557 103 80
302 647 115 115 411 710 304 292 674 166 683 521 281 266 227 244 657 543 683 511 125 0 380 550 512 434 415 683 625 258 381 383 324 270 280 642 662 398 536 607 486 641 460 159 150 416 579 202 329 634 480 271 567 379 587 422 523 587 219 600 644 70 215 222 568 630 421 204 613 668 162 290 215 334 484 249 300 206 190 255 577 417 482 287 595 629 286 146 274 439 232 379 301 158 409 252 405 303 714 438 485 720 314 97 298 239 404 664 453 570 282 262 160 727 115 489 514 578 221 606 187 282 361 327 39 316 591 171 400 627 362 639 268 383 646 284 694 411 588 592 531 559 464 350 317 404 329 682 43 105
475 339 379 358 474 376 412 375 340 335 304 150 294 115 165 176 304 438 384 225 256 380 0 176 250 327 157 341 346 386 169 23 227 437 309 262 338 18 165 244 128 308 111 276 329 193 259 401 100 404 173 246 202 177 372 283 163 359 191 248 264 361 384 212 400 278 65 388 233 411 304 119 437 260 372 465 92 181 222 126 303 554 308 393 468 366 477 278 361 229 375 195 297 292 527 339 408 466 417 472 108 449 465 392 185 316 500 398 133 279 187 204 344 439 309 109 196 202 391 272 252 100 230 345 342 260 211 361 112 257 45 454 137 130 397 214 469 161 238 281 306 456 483 102 146 315 101 309 352 313
588 217 532 534 548 224 516 479 189 478 166 30 456 288 325 321 236 439 261 173 428 550 176 0 206 362 267 185 248 503 300 168 318 555 416 109 199 159 122 76 152 164 100 452 505 225 147 534 265 332 137 360 41 240 321 318 149 301 343 203 116 522 513 386 372 221 129 561 83 319 479 292 570 409 388 592 251 345 375 300 224 643 308 501 450 279 595 432 470 246 545 256 395 440 613 456 472 577 290 534 106 337 573 568 298 485 583 299 128 192 308 372 488 316 484 77 227 29 562 136 398 268 370 434 511 352 73 536 234 165 188 403 287 200 313 377 388 200 92 282 269 454 537 256 307 364 266 194 518 488
444 139 453 540 370 214 368 336 187 386 363 191 530 307 300 272 441 233 171 33 412 512 250 206 0 174 401 200 113 372 418 228 198 419 286 304 163 243 315 191 321 158 154 473 525 96 98 422 345 154 83 254 179 133 125 139 335 110 296 405 312 462 397 429 167 425 190 597 284 168 504 351 453 506 187 466 253 323 323 317 65 472 107 359 245 124 457 369 335 80 593 134 259 364 440 331 292 432 202 349 271 214 424 564 214 540 409 159 120 62 230 435 396 216 489 238 404 226 604 134 328 279 479 281 476 221 279 563 358 371 219 209 259 143 151 453 219 108 151 475 64 248 347 351 391 187 347 397 471 488
285 295 346 498 197 376 211 187 354 278 526 339 545 323 281 240 587 120 311 201 369 434 327 362 174 0 481 370 249 228 484 306 130 267 160 468 327 330 449 362 438 329 279 452 497 144 271 290 397 218 225 168 343 150 170 46 462 178 257 542 475 371 264 434 135 567 291 574 444 261 483 385 314 543 53 318 277 298 270 329 213 299 74 208 166 237 301 292 192 116 580 133 135 276 267 201 119 273 334 176 394 317 263 510 178 540 236 267 241 229 190 455 287 338 452 367 517 386 585 307 255 299 529 130 407 122 435 535 437 521 284 206 254 199 239 479 269 175 323 598 140 139 176 411 435 30 398 555 391 448
589 471 455 349 612 490 536 500 455 430 318 254 212 193 259 290 252 593 517 374 299 415 157 267 401 481 0 452 487 502 41 179 370 549 438 303 461 160 173 343 122 427 251 267 308 349 392 500 101 554 321 375 306 332 526 438 147 511 294 198 300 422 488 195 556 226 212 340 280 557 282 135 534 152 527 567 215 263 315 196 449 681 465 516 625 512 586 362 484 386 314 349 431 384 657 459 552 581 548 615 161 588 584 388 323 253 633 540 282 422 320 160 437 572 311 192 103 281 335 395 351 202 108 481 381 400 257 327 45 245 198 608 254 286 544 149 618 318 353 177 460 612 629 80 98 466 100 299 401 319
644 86 640 689 566 40 568 536 18 576 254 200 633 440 458 440 371 396 109 185 569 683 341 185 200 370 452 0 140 570 482 326 390 618 484 207 48 326 299 109 336 43 234 611 664 282 108 618 439 229 203 444 146 315 245 338 328 225 464 359 216 642 594 552 310 367 280 728 207 192 640 460 650 591 370 664 392 481 495 452 159 669 297 559 384 171 657 548 533 277 716 322 457 548 637 529 488 632 126 541 291 184 624 719 394 657 606 170 231 141 409 545 586 152 638 260 406 176 731 77 508 415 552 481 645 418 220 699 416 302 335 308 416 300 199 554 261 277 103 447 233 406 535 434 483 386 440 299 645 639
533 54 562 653 440 134 458 430 123 494 372 246 635 416 413 385 474 257 62 124 525 625 346 248 113 249 487 140 0 469 510 325 307 513 388 316 92 336 369 196 390 113 238 585 638 209 101 525 445 91 173 363 209 246 105 229 395 86 409 449 326 573 499 538 170 464 282 709 306 71 616 455 554 606 239 562 363 436 436 427 48 544 175 453 244 33 548 481 432 188 703 247 360 475 512 433 365 521 90 412 339 104 512 677 327 649 481 53 213 67 343 541 504 103 602 304 471 255 714 119 440 389 575 374 589 326 310 675 446 402 322 170 372 255 66 556 140 221 161 530 110 266 402 447 491 272 446 413 584 601
89 508 146 355 154 585 47 43 558 98 665 474 470 309 243 214 688 309 531 386 257 258 386 503 372 228 502 570 469 0 486 374 186 52 88 611 535 398 547 532 514 528 403 347 372 292 463 67 401 446 384 143 500 266 397 240 548 405 208 634 616 188 45 368 359 663 387 445 583 489 370 371 86 497 265 95 297 242 190 307 427 184 297 29 363 461 93 160 37 293 462 254 113 134 166 47 155 80 557 180 487 545 82 351 207 445 152 493 377 433 201 404 100 563 325 473 575 532 460 498 154 302 503 98 245 155 567 406 467 635 345 427 253 303 467 431 495 307 499 662 360 322 207 422 420 201 402 681 219 316
570 497 428 310 603 521 522 487 485 408 359 283 171 178 243 277 293 599 543 393 269 381 169 300 418 484 41 482 510 486 0 191 367 530 426 342 489 176 212 376 160 456 272 229 268 358 417 478 89 572 340 366 336 337 541 442 187 528 278 239 339 393 469 159 567 267 230 299 319 578 243 115 512 113 532 545 210 244 296 179 470 666 473 500 633 533 567 340 470 395 273 353 423 362 644 443 546 564 575 608 194 612 568 350 317 212 622 562 300 443 312 122 415 598 274 223 144 316 294 423 332 193 70 472 348 394 296 287 66 286 206 622 245 294 565 108 637 328 383 212 474 618 623 73 68 466 87 340 370 283
463 321 375 368 457 360 398 361 323 329 306 140 313 120 162 168 314 416 365 204 260 383 23 168 228 306 179 326 325 374 191 0 210 425 295 261 320 25 173 232 142 291 93 287 341 171 241 392 120 382 152 232 190 156 350 262 174 337 186 260 263 360 374 226 377 289 46 402 232 390 316 135 428 281 350 456 87 180 217 132 282 539 286 380 446 345 466 274 347 207 391 174 281 287 511 327 390 453 398 454 114 428 452 401 170 332 484 377 112 258 174 220 338 419 318 108 214 195 405 255 245 101 252 329 345 243 210 374 134 264 29 431 130 108 376 233 447 139 224 298 283 434 465 123 166 295 121 314 353 321
270 337 255 373 248 410 198 161 379 188 483 290 416 197 151 110 518 250 367 206 243 324 227 318 198 130 370 390 307 186 367 210 0 237 98 427 359 235 375 346 351 347 220 323 370 108 283 228 278 310 198 56 314 80 263 103 381 263 128 466 433 267 204 305 252 494 211 446 400 344 354 261 261 417 183 279 157 168 144 202 260 332 160 183 295 307 278 178 152 119 451 68 77 169 303 141 182 259 397 246 316 398 255 390 50 410 276 342 191 259 61 327 198 408 326 296 422 347 457 316 137 176 406 120 291 35 385 408 328 459 182 322 127 120 323 352 371 121 314 508 207 269 259 295 312 105 280 502 281 323
40 553 155 376 150 632 58 83 605 129 717 526 505 357 290 264 739 335 575 435 291 270 437 555 419 267 549 618 513 52 530 425 237 0 139 663 582 449 598 582 565 576 455 378 398 342 512 69 448 484 434 195 551 317 436 284 599 445 256 685 668 202 65 406 393 714 439 467 635 528 399 416 63 536 298 52 347 287 234 353 472 150 339 60 388 503 41 197 86 341 488 304 163 172 139 99 177 35 600 184 539 584 44 366 259 476 135 534 428 480 253 443 127 605 352 525 625 583 483 547 198 351 544 139 264 205 619 429 515 687 397 458 302 355 506 471 530 358 549 711 403 345 211 470 464 242 449 733 236 342
172 424 186 356 178 500 103 66 472 118 579 387 440 248 186 149 608 263 450 299 237 280 309 416 286 160 438 484 388 88 426 295 98 139 0 524 449 320 466 444 436 441 317 327 364 204 376 137 339 374 296 63 412 178 325 161 469 330 152 555 530 213 111 330 295 583 304 440 497 414 355 313 167 455 206 182 225 193 146 249 344 245 221 86 316 383 180 145 54 207 452 166 28 124 219 45 136 161 477 189 406 470 159 362 125 423 196 416 289 348 122 361 127 485 317 390 502 445 453 411 117 236 454 53 255 67 481 401 400 553 266 366 184 216 392 388 428 219 411 589 281 279 209 359 365 130 340 598 237 310
696 272 634 614 657 244 625 588 219 583 60 137 511 377 422 424 165 537 309 272 518 642 262 109 304 468 303 207 316 611 342 261 427 663 524 0 242 245 130 121 183 209 208 529 580 334 224 641 334 407 243 468 125 349 405 424 157 385 444 158 10 621 620 460 463 161 230 629 29 383 554 367 677 455 490 700 348 441 476 388 306 752 409 610 542 349 703 533 578 352 608 365 504 543 722 564 579 685 331 641 162 387 682 650 406 546 692 361 237 275 415 438 592 357 566 153 227 82 627 198 501 361 411 543 604 461 52 608 283 96 285 483 388 308 382 437 454 309 160 248 363 551 643 319 369 471 334 97 613 571
606 38 612 674 522 51 530 499 31 546 293 207 632 428 439 418 405 349 68 154 552 662 338 199 163 327 461 48 92 535 489 320 359 582 449 242 0 324 319 130 350 35 227 600 653 252 83 585 437 181 182 414 158 287 197 299 347 178 443 388 251 616 560 545 262 398 274 720 237 146 630 455 616 594 325 629 377 462 472 440 114 625 253 522 336 123 619 523 498 242 710 292 422 521 593 494 445 594 93 496 302 146 585 703 367 652 562 124 216 102 383 540 556 118 623 269 426 196 724 67 482 402 558 443 625 384 247 689 423 334 326 260 397 279 152 552 217 252 108 474 188 358 489 435 483 345 438 337 622 624
487 327 395 376 482 362 423 385 325 350 287 133 308 132 181 190 290 438 372 217 273 398 18 159 243 330 160 326 336 398 176 25 235 449 320 245 324 0 150 228 117 294 98 293 346 192 247 415 113 396 164 257 186 180 367 285 150 353 206 236 247 378 397 229 396 265 54 405 216 402 321 135 451 271 373 479 107 198 237 144 294 564 307 405 467 357 490 294 372 228 391 198 306 307 536 351 415 478 404 479 92 438 477 410 195 331 509 388 124 269 198 219 359 427 326 92 189 184 407 258 267 117 240 354 359 268 194 378 115 242 54 449 152 131 389 228 461 160 223 273 301 456 489 112 159 319 114 293 369 330
636 339 544 495 620 338 569 531 306 500 151 126 382 273 329 340 143 541 383 282 411 536 165 122 315 449 173 299 369 547 212 173 375 598 466 130 319 150 0 191 54 284 171 410 458 305 268 565 213 451 235 404 163 307 436 403 29 417 356 93 127 524 547 338 482 120 164 503 108 440 432 250 601 325 483 629 257 344 387 283 343 706 407 551 559 399 639 443 519 335 481 325 450 457 678 500 547 626 411 611 60 459 624 532 341 419 650 421 209 311 346 313 509 437 450 82 108 124 500 258 417 264 281 495 498 409 86 484 155 93 202 519 302 259 433 310 508 275 214 162 379 558 619 196 243 444 213 146 511 456
613 155 578 600 556 149 538 503 115 519 178 96 531 351 380 370 279 420 196 162 488 607 244 76 191 362 343 109 196 532 376 232 346 582 444 121 130 228 191 0 227 95 148 519 573 241 104 571 338 286 148 394 42 266 285 322 219 265 393 258 130 574 548 456 344 270 189 632 110 264 547 363 605 485 378 625 309 402 425 363 186 656 298 526 423 229 622 481 497 251 618 278 419 486 624 487 478 601 222 538 182 274 595 632 336 558 594 243 160 155 348 445 529 248 550 153 298 67 634 77 444 329 446 453 569 377 117 605 310 207 248 363 340 236 262 452 335 225 41 344 246 434 537 331 381 370 339 218 573 552
603 365 501 442 598 375 539 502 341 461 205 145 328 227 287 303 177 538 411 289 362 486 128 152 321 438 122 336 390 514 160 142 351 565 436 183 350 117 54 227 0 315 168 357 405 295 290 527 161 466 238 374 192 290 445 392 37 428 317 121 180 478 511 285 485 151 147 449 159 461 379 198 563 272 476 593 219 300 345 236 358 680 404 521 560 418 605 401 488 328 427 308 423 416 653 467 529 594 441 593 51 485 593 480 311 365 625 442 205 327 315 259 470 466 397 86 83 162 446 286 378 221 229 470 449 384 136 430 101 141 170 529 264 241 451 256 526 263 242 161 383 555 602 143 189 429 161 196 463 404
602 63 597 650 525 69 526 494 33 533 262 174 602 403 418 398 372 362 102 142 530 641 308 164 158 329 427 43 113 528 456 291 347 576 441 209 35 294 284 95 315 0 199 574 628 239 65 575 407 204 161 401 123 273 215 297 312 194 422 353 219 600 551 517 278 364 245 693 203 175 604 426 608 562 332 622 353 441 453 415 122 628 256 517 355 146 614 506 491 235 682 279 415 506 596 486 447 590 127 501 268 179 582 680 352 623 565 153 192 100 367 511 543 153 599 235 391 162 696 37 466 377 526 439 604 375 212 663 390 300 299 283 376 258 177 522 245 235 74 439 195 373 496 404 452 344 408 305 603 601
489 229 434 455 457 268 418 380 231 379 263 71 405 206 233 224 309 371 274 124 341 460 111 100 154 279 251 234 238 403 272 93 220 455 317 208 227 98 171 148 168 199 0 377 431 136 149 435 211 304 72 261 108 144 279 233 186 263 247 264 213 428 413 319 318 288 47 495 180 307 407 228 470 369 313 493 161 254 279 218 199 548 237 403 393 262 496 335 371 164 483 161 296 342 518 357 382 478 306 446 119 340 474 487 198 425 489 291 38 172 209 313 389 329 405 89 251 129 498 162 300 183 338 338 421 254 165 465 208 244 102 363 193 101 294 325 367 107 132 326 217 389 451 210 257 276 212 284 425 407
416 593 238 85 494 643 393 367 607 251 561 426 129 172 177 215 516 571 635 461 91 159 276 452 473 452 267 611 585 347 229 287 323 378 327 529 600 293 410 519 357 574 377 0 54 382 517 313 197 616 419 288 477 347 574 425 392 568 195 460 529 193 314 72 573 489 332 125 501 640 32 162 339 175 505 374 223 156 185 160 537 527 477 372 618 597 406 189 348 414 128 354 339 214 513 320 463 413 668 513 367 687 421 123 279 98 499 632 384 521 265 107 252 686 45 381 369 477 134 537 210 198 202 380 134 333 478 90 260 497 276 641 215 330 621 126 681 365 509 441 509 589 535 214 171 425 197 552 161 55
435 647 249 44 524 697 419 398 661 274 609 479 135 226 227 263 560 615 688 514 128 150 329 505 525 497 308 664 638 372 268 341 370 398 364 580 653 346 458 573 405 628 431 54 0 434 571 331 246 666 473 330 531 397 624 472 439 618 242 505 579 201 336 120 621 533 386 77 552 692 26 214 352 195 550 388 277 206 228 214 590 548 526 399 663 649 422 220 379 465 90 404 378 244 536 351 500 433 721 545 418 739 442 83 328 89 524 684 437 574 313 148 274 739 48 433 411 529 90 591 248 252 230 416 138 376 528 39 306 544 329 690 267 383 673 161 732 417 563 479 559 632 569 262 217 469 246 599 167 56
372 232 360 446 323 303 297 262 271 294 391 200 450 222 207 176 445 246 267 99 317 416 193 225 96 144 349 282 209 292 358 171 108 342 204 334 252 192 305 241 295 239 136 382 434 0 175 336 276 235 93 162 214 37 194 98 319 187 200 398 341 366 312 344 209 424 148 507 308 259 414 274 369 434 182 386 169 229 227 232 161 419 116 285 276 217 382 273 257 37 505 40 179 270 388 248 247 360 298 310 251 308 354 469 118 455 358 252 100 155 134 355 304 312 396 223 375 252 515 208 232 195 412 212 380 137 297 472 305 380 152 270 167 64 239 375 300 32 207 455 128 264 315 286 320 140 278 417 375 395
539 80 532 592 468 131 463 430 97 468 282 145 553 346 356 336 376 319 126 77 469 579 259 147 98 271 392 108 101 463 417 241 283 512 376 224 83 247 268 104 290 65 149 517 571 175 0 511 359 186 99 337 109 208 181 236 294 161 360 349 233 536 486 464 240 365 195 638 209 172 547 375 543 518 280 558 295 379 390 357 82 570 202 453 319 132 551 442 427 171 629 215 350 441 538 421 390 527 158 446 239 196 520 620 287 572 507 153 134 52 302 461 478 181 541 205 370 156 643 36 402 319 485 376 542 310 211 606 352 304 244 261 314 196 166 473 241 171 64 429 145 332 443 359 405 284 360 320 540 541
104 560 87 307 212 636 108 109 607 70 692 505 440 309 244 225 704 375 587 434 227 202 401 534 422 290 500 618 525 67 478 392 228 69 137 641 585 415 565 571 527 575 435 313 331 336 511 0 399 507 424 177 536 306 459 297 563 465 211 648 646 134 26 345 423 678 412 398 613 549 332 365 36 475 330 67 309 237 185 304 481 218 356 95 429 519 93 139 99 343 420 296 165 116 208 92 222 103 614 243 506 605 113 298 237 410 202 552 412 484 226 384 64 621 284 497 581 563 414 544 151 308 486 161 195 201 594 361 468 656 364 492 264 336 527 411 559 347 540 667 417 388 270 421 411 262 400 705 168 275
488 439 357 282 514 475 436 401 438 329 364 242 195 92 158 190 328 513 484 323 207 329 100 265 345 397 101 439 445 401 89 120 278 448 339 334 437 113 213 338 161 407 211 197 246 276 359 399 0 499 272 277 296 252 464 356 197 453 193 271 333 328 387 126 485 301 165 298 306 510 220 39 433 161 446 466 121 163 214 95 402 581 391 415 549 465 485 263 383 313 280 267 334 283 557 358 457 480 517 519 172 548 483 319 228 220 535 497 232 378 223 107 337 539 237 190 188 287 298 371 250 104 136 383 292 305 283 275 72 302 126 544 156 212 495 115 564 247 336 271 397 532 534 22 46 378 2 357 309 243
498 143 556 677 388 214 426 404 211 488 463 325 682 456 439 406 562 186 128 180 547 634 404 332 154 218 554 229 91 446 572 382 310 484 374 407 181 396 451 286 466 204 304 616 666 235 186 507 499 0 233 363 295 269 49 214 474 48 429 535 416 575 481 579 100 551 343 740 395 50 647 503 532 660 189 535 402 462 451 466 108 490 153 425 161 59 516 488 410 202 740 263 347 477 460 416 319 486 137 356 415 103 475 697 342 690 429 65 273 140 358 587 498 131 628 380 548 342 749 209 447 429 633 348 601 320 397 705 510 490 373 80 401 293 32 605 66 257 249 612 107 191 342 505 545 245 501 504 591 626
465 174 439 493 414 230 390 355 194 377 302 116 462 248 257 237 367 307 217 53 370 480 173 137 83 225 321 203 173 384 340 152 198 434 296 243 182 164 235 148 238 161 72 419 473 93 99 424 272 233 0 248 121 118 208 181 254 192 261 327 251 439 401 368 247 349 110 541 220 238 450 283 458 433 252 477 196 280 292 260 130 511 173 378 324 193 474 345 349 109 533 130 271 346 480 339 336 453 250 398 189 277 447 521 193 478 449 225 40 107 207 369 387 270 442 156 321 162 546 126 306 221 403 305 443 229 210 509 277 299 150 291 215 97 225 383 297 77 116 394 145 323 400 274 318 228 273 331 442 442
232 392 199 330 237 465 166 129 433 133 522 331 392 189 129 90 546 285 423 261 202 271 246 360 254 168 375 444 363 143 366 232 56 195 63 468 414 257 404 394 374 401 261 288 330 162 337 177 277 363 248 0 360 130 316 151 406 317 98 492 474 212 154 280 299 521 244 407 441 399 317 254 211 401 220 232 162 141 103 190 316 308 211 148 333 363 236 126 115 175 415 122 57 114 282 96 185 222 453 243 344 453 220 342 64 380 258 398 236 315 59 308 143 464 285 330 439 389 419 370 87 173 397 107 241 47 424 368 337 492 204 370 121 161 377 334 423 171 364 526 262 302 262 296 306 139 279 538 228 280
582 176 541 558 535 185 510 473 150 483 184 54 489 309 340 331 268 412 220 147 447 567 202 41 179 343 306 146 209 500 336 190 314 551 412 125 158 186 163 42 192 123 108 477 531 214 109 536 296 295 121 360 0 234 287 301 190 267 354 240 133 535 514 414 341 256 147 590 105 280 505 321 571 445 365 592 267 361 386 321 189 632 284 495 420 240 591 442 466 229 576 249 389 448 601 455 457 571 249 518 145 296 567 590 300 516 570 259 124 157 312 403 493 275 508 114 268 48 592 95 407 287 406 426 528 346 103 563 270 196 206 368 300 200 274 410 349 193 51 322 240 427 519 290 340 349 297 218 533 510
348 269 325 410 313 337 276 239 305 261 406 213 419 191 170 139 449 262 304 134 280 379 177 240 133 150 332 315 246 266 337 156 80 317 178 349 287 180 307 266 290 273 144 347 397 37 208 306 252 269 118 130 234 0 228 106 317 221 163 400 356 330 283 311 237 427 144 471 323 295 378 246 340 406 196 359 138 193 190 199 198 404 140 261 297 254 357 237 232 68 471 18 155 234 374 221 240 337 335 304 250 345 333 432 81 422 345 289 112 191 97 324 271 349 359 226 368 268 480 240 196 164 387 194 343 112 309 436 288 387 134 300 132 50 276 345 335 41 234 451 162 281 312 264 294 139 254 428 338 358
452 159 508 633 346 239 379 356 228 440 463 310 644 416 397 361 555 153 158 156 502 587 372 321 125 170 526 245 105 397 541 350 263 436 325 405 197 367 436 285 445 215 279 574 624 194 181 459 464 49 208 316 287 228 0 166 457 21 384 523 414 528 433 538 65 541 314 698 390 93 605 466 483 625 144 487 363 418 405 426 99 448 105 377 140 79 469 441 361 160 698 220 298 430 417 368 274 440 174 315 395 149 429 651 297 649 387 102 245 131 313 549 450 173 583 361 528 335 707 211 400 389 600 300 554 272 390 662 482 483 338 84 359 255 71 568 108 219 245 597 67 161 303 472 510 197 466 501 544 581
307 269 342 476 234 349 231 202 324 274 483 294 512 286 250 210 542 158 291 162 346 422 283 318 139 46 438 338 229 240 442 262 103 284 161 424 299 285 403 322 392 297 233 425 472 98 236 297 356 214 181 151 301 106 166 0 416 169 230 496 432 362 271 401 150 521 245 548 401 253 456 346 325 505 90 334 238 269 247 293 188 334 61 224 197 222 321 277 203 72 552 89 134 264 303 205 156 295 317 217 348 309 287 492 146 509 272 255 196 198 160 420 284 324 429 321 471 343 559 272 237 261 490 145 391 106 391 510 394 476 240 220 219 154 231 443 272 129 284 552 120 176 219 369 396 48 357 511 379 425
637 366 537 477 628 367 572 535 334 497 172 150 358 264 323 338 141 557 410 303 399 523 163 149 335 462 147 328 395 548 187 174 381 599 469 157 347 150 29 219 37 312 186 392 439 319 294 563 197 474 254 406 190 317 457 416 0 440 352 86 153 515 546 320 501 115 173 481 137 466 413 234 599 299 499 628 254 337 382 273 366 712 423 554 578 424 639 437 521 350 458 335 454 453 684 501 557 627 439 621 68 486 626 515 344 396 656 447 224 335 348 292 506 464 433 98 79 152 478 285 413 258 255 501 486 415 115 463 133 105 203 541 299 268 458 288 533 287 241 140 399 575 629 178 223 456 197 160 500 440
462 140 511 629 360 219 389 364 208 443 443 291 634 408 391 358 535 172 141 139 499 587 359 301 110 178 511 225 86 405 528 337 263 445 330 385 178 353 417 265 428 194 263 568 618 187 161 465 453 48 192 317 267 221 21 169 440 0 381 504 394 529 439 531 85 522 300 692 370 84 599 456 491 614 158 496 354 414 403 418 79 463 109 386 161 62 479 441 369 154 692 215 303 431 432 374 287 450 159 330 377 140 440 649 294 642 401 89 230 111 310 539 453 160 580 343 511 315 701 190 400 381 588 307 554 275 370 657 468 463 327 102 353 245 62 558 114 209 225 579 59 181 319 460 499 204 455 481 544 578
295 428 191 249 329 491 244 209 455 145 491 313 294 101 35 25 493 377 466 292 118 219 191 343 296 257 294 464 409 208 278 186 128 256 152 444 443 206 356 393 317 422 247 195 242 200 360 211 193 429 261 98 354 163 384 230 352 381 0 437 447 181 197 182 379 467 214 318 415 457 226 164 247 304 310 278 99 43 32 99 361 388 285 222 423 417 294 90 192 227 323 166 154 101 366 165 283 288 497 339 298 508 290 269 87 284 345 452 236 352 71 210 154 512 200 293 371 372 329 387 61 97 302 202 182 140 394 281 260 448 159 448 56 164 437 237 492 192 371 457 322 395 359 214 214 231 194 499 181 197
723 413 620 545 712 398 658 621 370 582 142 214 408 346 407 424 57 633 454 372 477 600 248 203 405 542 198 359 449 634 239 260 466 685 555 158 388 236 93 258 121 353 264 460 505 398 349 648 271 535 327 492 240 400 523 496 86 504 437 0 150 596 632 388 571 30 257 538 153 519 479 310 684 343 576 713 340 420 466 355 427 798 499 640 649 480 725 521 607 428 512 418 540 537 769 587 640 713 480 704 151 532 712 583 430 451 742 499 302 395 434 357 591 506 504 175 97 194 533 333 498 342 298 586 563 501 141 525 201 65 289 606 385 351 514 347 589 368 289 90 468 650 712 250 289 537 271 109 579 511
702 282 638 614 664 253 631 593 229 587 51 143 508 379 425 428 155 545 319 280 520 644 264 116 312 475 300 216 326 616 339 263 433 668 530 10 251 247 127 130 180 219 213 529 579 341 233 646 333 416 251 474 133 356 414 432 153 394 447 150 0 623 625 459 472 153 234 628 33 393 553 367 682 452 498 705 350 443 479 390 315 759 417 616 551 359 709 537 584 360 607 372 509 547 728 570 587 691 341 649 162 397 687 650 410 545 699 371 244 284 420 437 596 367 567 155 222 89 626 207 505 363 408 550 606 467 53 607 281 88 288 493 391 314 392 436 464 316 169 240 372 560 651 319 368 479 334 88 615 572
236 598 48 174 341 666 234 222 633 96 665 493 321 251 199 204 653 476 633 463 124 70 361 522 462 371 422 642 573 188 393 360 267 202 213 621 616 378 524 574 478 600 428 193 201 366 536 134 328 575 439 212 535 330 528 362 515 529 181 596 623 0 145 242 506 626 393 266 592 611 206 290 152 366 419 187 274 181 149 242 526 351 423 217 528 574 222 94 204 386 289 328 236 98 341 182 335 236 663 368 469 665 246 165 249 285 335 609 416 521 234 282 90 675 158 468 516 551 282 565 134 261 385 258 64 256 570 229 400 616 336 577 235 342 589 307 634 365 551 598 474 491 394 350 326 341 329 669 35 147
104 535 102 316 196 611 90 86 582 64 672 484 440 297 230 208 687 352 561 409 226 215 384 513 397 264 488 594 499 45 469 374 204 65 111 620 560 397 547 548 511 551 413 314 336 312 486 26 387 481 401 154 514 283 433 271 546 439 197 632 625 145 0 341 398 661 392 406 592 523 335 355 58 471 304 82 292 226 173 292 455 213 330 74 405 493 98 133 73 318 426 272 139 108 200 66 200 100 588 225 488 579 107 310 215 412 190 526 390 459 205 379 63 595 289 477 567 542 422 520 138 293 481 136 204 176 574 368 456 638 346 466 247 314 501 406 533 324 517 654 391 365 251 409 402 236 388 686 178 280
445 542 281 157 505 586 410 380 549 277 489 362 112 123 154 195 444 554 585 414 120 222 212 386 429 434 195 552 538 368 159 226 305 406 330 460 545 229 338 456 285 517 319 72 120 344 464 345 126 579 368 280 414 311 538 401 320 531 182 388 459 242 341 0 546 417 272 176 432 597 94 94 375 130 487 410 177 140 184 113 492 552 449 389 598 553 438 209 361 379 165 322 336 234 533 333 464 441 618 519 298 642 447 195 256 111 516 587 330 473 244 41 281 638 116 313 297 410 179 481 217 150 144 382 191 321 408 150 188 425 220 611 183 286 580 66 644 322 450 371 472 573 539 142 99 410 126 480 215 124
404 224 481 625 289 304 335 316 293 413 521 358 654 426 397 358 607 88 222 200 495 568 400 372 167 135 556 310 170 359 567 377 252 393 295 463 262 396 482 344 485 278 318 573 621 209 240 423 485 100 247 299 341 237 65 150 501 85 379 571 472 506 398 546 0 592 346 697 446 150 604 482 445 642 95 445 375 417 396 435 159 390 97 336 79 144 422 424 325 172 700 224 270 410 360 335 223 392 235 256 436 203 381 641 294 655 330 163 281 189 308 560 422 231 578 403 568 389 707 271 386 400 621 262 539 253 443 659 511 536 361 71 363 273 130 582 137 239 303 641 103 96 242 495 529 165 487 558 525 575
752 425 650 573 739 405 686 649 379 612 134 235 434 376 437 453 27 656 466 392 507 630 278 221 425 567 226 367 464 663 267 289 494 714 583 161 398 265 120 270 151 364 288 489 533 424 365 678 301 551 349 521 256 427 541 521 115 522 467 30 153 626 661 417 592 0 284 565 161 533 507 340 714 368 600 743 369 450 496 385 444 826 522 669 670 496 754 551 636 452 538 445 568 567 797 616 667 742 490 731 179 543 741 612 458 478 769 512 326 412 463 385 621 516 533 201 123 209 559 346 528 372 323 614 593 529 154 553 231 65 318 623 414 378 530 374 604 394 303 95 489 672 738 280 318 564 301 94 609 540
475 275 405 412 456 314 407 369 277 353 280 100 358 163 196 194 307 393 320 163 300 421 65 129 190 291 212 280 282 387 230 46 211 439 304 230 274 54 164 189 147 245 47 332 386 148 195 412 165 343 110 244 147 144 314 245 173 300 214 257 234 393 392 272 346 284 0 448 201 348 361 181 448 325 330 473 122 216 246 175 240 543 260 390 419 303 480 304 358 182 437 162 286 313 514 340 384 465 352 448 106 385 463 444 180 378 486 334 70 215 187 266 362 374 361 86 227 158 451 209 271 140 294 331 383 246 182 420 168 249 59 397 159 95 335 279 407 116 178 308 249 411 456 166 211 283 166 295 389 364
