# d198.tsp
198
0 1139 1177 1220 1262 1221 1183 1614 1642 1657 1672 1687 1702 1728 1692 1628 1648 1772 1814 1879 1934 1872 1831 1928 1964 1958 1938 1898 1858 1894 1871 1890 1930 1949 2025 1926 1907 1869 2001 1615 1688 1813 1831 1866 1922 1979 2017 2096 2132 2092 2053 2015 1977 1939 1885 1867 1814 1833 1885 1903 1957 1994 2167 2124 2049 1974 1921 1903 1851 1943 1870 1922 1939 1992 2028 2103 2122 2141 2215 2196 2102 2028 2010 1957 1906 1909 1976 2028 2064 2082 2213 2232 2192 2173 2155 2117 2064 2047 1995 1945 2190 2209 2264 2282 2320 2378 2398 2477 2473 2453 2433 2394 2375 2356 2424 2443 2462 2500 2518 2537 2478 2441 2560 2645 2703 2733 2782 2829 2814 2774 2755 2771 2791 2788 2807 2827 2900 2721 2638 2805 2824 2822 2841 2879 2877 2858 2839 2856 2875 2913 2950 2892 2873 2678 2695 2712 2730 2747 2782 2858 2891 2909 3003 3041 3099 3119 2463 2568 2687 2766 2920 2989 3789 3860 3881 3810 3899 3972 4021 3979 3883 3800 3890 3987 4036 4236 4164 3952 3880 3906 3978 4188 4260 4014 4099 4172 4153 4079
1139 0 76 152 161 92 51 485 521 540 559 579 599 773 744 736 761 913 964 1040 1046 971 920 1024 1052 1031 1006 956 907 937 893 918 967 992 1072 949 925 876 1029 623 651 774 797 844 916 988 1036 1134 1165 1116 1068 1020 972 924 854 830 761 773 841 864 934 981 1196 1133 1037 944 875 852 785 897 797 864 886 954 1000 1094 1117 1141 1221 1197 1080 988 966 898 832 824 911 977 1022 1045 1207 1230 1170 1147 1124 1079 1012 989 924 859 1158 1181 1238 1261 1307 1377 1400 1494 1480 1457 1434 1387 1363 1340 1387 1409 1431 1476 1499 1522 1438 1394 1523 1624 1692 1726 1783 1838 1806 1760 1738 1749 1772 1762 1784 1806 1887 1679 1582 1773 1796 1786 1808 1852 1843 1821 1799 1812 1834 1878 1921 1847 1825 1590 1610 1630 1651 1671 1712 1801 1839 1860 1969 2013 2079 2102 1528 1651 1681 1773 1943 1990 3100 3173 3175 3101 3178 3254 3305 3256 3154 3061 3156 3257 3308 3491 3415 3192 3116 3125 3201 3423 3499 3304 3401 3477 3475 3399
1177 76 0 76 92 51 92 437 468 485 503 521 540 697 668 660 685 837 888 964 971 895 844 948 977 956 931 882 832 862 820 844 893 918 998 876 852 803 956 548 580 704 727 773 844 916 964 1061 1092 1044 996 948 901 853 784 761 693 706 773 795 864 910 1124 1061 966 874 807 785 719 829 733 797 819 886 931 1023 1046 1070 1150 1126 1011 920 898 832 768 762 845 911 954 977 1136 1159 1101 1079 1056 1011 945 924 859 798 1090 1113 1170 1192 1238 1306 1329 1423 1409 1386 1363 1318 1294 1271 1320 1342 1364 1408 1431 1454 1372 1329 1457 1556 1624 1657 1714 1768 1737 1692 1670 1682 1704 1695 1716 1739 1819 1614 1518 1707 1729 1720 1742 1786 1777 1755 1734 1747 1769 1812 1855 1782 1761 1532 1551 1571 1591 1611 1651 1738 1775 1796 1903 1947 2012 2034 1455 1577 1612 1704 1872 1921 3024 3097 3099 3025 3102 3178 3229 3180 3078 2985 3080 3181 3232 3415 3339 3117 3041 3049 3125 3347 3423 3228 3325 3401 3399 3323
1220 152 76 0 51 92 161 398 423 437 452 468 485 623 593 584 609 761 812 888 895 819 769 873 902 882 857 807 758 789 747 771 820 844 924 803 779 731 883 475 511 637 659 704 774 844 892 988 1020 972 924 877 830 784 716 693 627 641 706 728 795 841 1052 991 897 807 741 719 655 763 671 733 754 819 863 954 977 1000 1080 1057 943 854 832 768 706 703 782 845 888 911 1067 1090 1033 1011 989 945 881 859 798 738 1024 1046 1103 1125 1170 1237 1260 1354 1340 1317 1294 1249 1226 1203 1254 1276 1298 1342 1364 1386 1307 1264 1391 1490 1556 1589 1646 1699 1669 1625 1603 1616 1638 1629 1650 1673 1752 1549 1455 1641 1663 1655 1676 1720 1712 1690 1669 1683 1704 1747 1789 1718 1698 1475 1493 1512 1532 1551 1591 1676 1712 1733 1838 1881 1946 1968 1382 1503 1544 1635 1803 1853 2948 3021 3023 2949 3026 3102 3153 3104 3002 2909 3004 3105 3156 3339 3264 3041 2965 2974 3050 3272 3347 3152 3249 3325 3323 3247
1262 161 92 51 0 76 152 353 381 397 413 431 449 614 586 586 611 763 814 890 890 814 764 867 895 873 848 798 747 777 733 758 807 832 912 789 764 715 869 464 491 614 637 684 755 827 876 973 1005 956 907 859 812 764 694 671 602 614 682 704 774 821 1036 972 877 784 716 693 627 738 641 706 728 795 841 934 957 981 1061 1037 921 829 807 741 676 671 754 819 863 886 1047 1070 1011 988 965 920 854 832 768 706 999 1022 1079 1102 1148 1217 1240 1334 1320 1297 1274 1228 1204 1181 1228 1251 1273 1317 1340 1363 1280 1237 1365 1465 1533 1567 1624 1679 1647 1601 1579 1591 1613 1603 1625 1648 1728 1522 1426 1615 1638 1629 1650 1694 1685 1664 1642 1656 1677 1720 1763 1691 1670 1441 1460 1480 1499 1519 1559 1647 1683 1705 1812 1855 1921 1943 1367 1491 1522 1614 1783 1831 2949 3022 3022 2949 3024 3100 3151 3101 3000 2906 3001 3102 3153 3335 3259 3036 2960 2968 3043 3266 3342 3151 3248 3324 3324 3248
1221 92 51 92 76 0 76 397 431 449 468 488 508 690 662 662 687 839 890 966 966 890 840 943 971 948 923 873 823 852 807 832 882 907 986 862 838 789 942 539 562 684 708 755 827 900 949 1047 1078 1029 980 932 883 835 764 741 671 682 750 774 844 892 1109 1044 948 854 784 761 693 807 706 773 795 864 911 1005 1028 1052 1132 1108 991 898 875 807 741 733 819 886 931 954 1118 1141 1080 1057 1034 988 920 898 832 768 1068 1091 1147 1170 1217 1288 1311 1405 1391 1368 1344 1297 1273 1250 1295 1318 1340 1385 1408 1431 1347 1303 1432 1533 1601 1636 1693 1748 1715 1669 1647 1658 1681 1670 1693 1715 1796 1588 1490 1682 1705 1695 1717 1761 1752 1730 1708 1721 1742 1786 1830 1756 1734 1499 1519 1539 1560 1580 1621 1710 1747 1769 1878 1922 1988 2011 1441 1565 1590 1683 1854 1899 3025 3098 3098 3025 3100 3176 3227 3177 3076 2982 3077 3178 3229 3411 3335 3112 3036 3044 3119 3342 3418 3227 3324 3400 3400 3324
1183 51 92 161 152 76 0 449 488 508 529 549 571 766 738 738 763 915 966 1042 1042 966 916 1019 1046 1023 998 948 898 927 882 907 956 981 1061 937 912 862 1017 614 635 755 779 827 900 974 1023 1121 1152 1103 1054 1005 956 907 835 812 741 750 821 844 915 964 1183 1116 1020 924 854 830 761 876 773 841 864 934 981 1076 1100 1124 1204 1180 1061 967 943 875 807 797 886 954 1000 1023 1189 1212 1151 1127 1103 1057 988 966 898 832 1136 1160 1216 1240 1288 1358 1382 1477 1462 1438 1415 1368 1344 1320 1363 1386 1408 1454 1477 1500 1414 1369 1499 1601 1670 1705 1763 1819 1784 1738 1715 1726 1749 1738 1761 1783 1865 1654 1555 1749 1772 1761 1784 1828 1818 1796 1774 1786 1808 1853 1897 1821 1799 1560 1580 1600 1621 1641 1683 1774 1812 1834 1944 1988 2055 2078 1515 1639 1660 1754 1925 1968 3101 3174 3174 3101 3176 3252 3303 3253 3152 3058 3153 3254 3305 3487 3411 3188 3112 3119 3195 3417 3493 3303 3400 3476 3476 3400
1614 485 437 398 353 397 449 0 51 76 101 126 151 489 479 540 559 684 728 795 755 684 637 723 740 708 684 635 586 604 548 573 623 648 718 593 568 518 664 361 307 384 409 460 535 611 662 763 786 736 685 634 584 533 457 432 356 354 430 455 531 582 810 736 634 533 457 432 356 477 359 435 460 535 586 687 712 737 815 790 665 564 539 464 389 370 468 543 593 618 794 819 747 722 697 648 573 548 475 402 727 752 807 832 881 956 981 1081 1061 1036 1011 961 936 912 940 964 988 1036 1061 1085 988 941 1073 1181 1253 1289 1350 1408 1365 1317 1293 1302 1325 1311 1335 1358 1442 1222 1119 1321 1344 1331 1354 1401 1387 1364 1341 1352 1375 1421 1467 1386 1363 1113 1134 1155 1177 1198 1241 1335 1375 1397 1511 1557 1628 1651 1143 1269 1245 1343 1518 1550 2791 2864 2856 2783 2851 2927 2978 2925 2824 2727 2822 2923 2974 3144 3068 2844 2768 2768 2844 3068 3144 2980 3081 3157 3165 3089
1642 521 468 423 381 431 488 51 0 25 50 75 100 444 437 503 521 641 684 750 708 637 591 675 691 659 635 586 538 555 499 524 573 598 668 543 518 468 614 323 262 334 359 409 484 560 611 712 735 685 634 583 533 482 406 381 305 303 379 404 480 531 759 685 583 482 406 381 305 426 309 384 409 484 535 636 661 686 764 739 614 513 488 413 339 321 419 493 543 568 743 768 697 672 647 598 524 499 426 354 678 702 758 782 832 906 931 1031 1011 986 961 911 887 862 892 916 940 988 1012 1036 941 894 1026 1133 1205 1241 1301 1359 1317 1269 1246 1255 1278 1264 1288 1311 1395 1176 1074 1274 1297 1284 1308 1354 1341 1318 1295 1306 1329 1375 1421 1340 1318 1072 1092 1113 1134 1155 1198 1291 1330 1352 1465 1511 1581 1604 1092 1218 1197 1294 1469 1502 2740 2813 2805 2732 2800 2876 2927 2874 2773 2676 2771 2872 2923 3093 3017 2793 2717 2717 2793 3017 3093 2929 3030 3106 3114 3038
1657 540 485 437 397 449 508 76 25 0 25 50 75 423 417 485 503 620 662 728 684 614 568 651 667 635 610 562 514 530 475 499 548 573 643 518 493 444 589 306 240 309 334 384 459 535 586 687 710 660 609 558 508 457 381 356 280 278 354 379 455 506 734 660 558 457 381 356 280 401 284 359 384 459 510 611 636 661 739 714 589 488 463 389 314 297 394 468 518 543 718 743 672 648 623 573 499 474 402 330 653 677 733 757 807 881 906 1006 986 961 936 886 862 837 868 892 916 964 988 1012 917 870 1002 1109 1181 1217 1277 1334 1293 1245 1222 1231 1254 1240 1264 1287 1371 1153 1051 1251 1274 1261 1284 1330 1318 1295 1272 1284 1306 1352 1398 1318 1295 1052 1072 1092 1113 1134 1177 1269 1308 1330 1442 1488 1557 1580 1067 1193 1173 1270 1444 1478 2715 2788 2780 2707 2775 2851 2902 2849 2748 2651 2746 2847 2898 3068 2992 2768 2692 2692 2768 2992 3068 2904 3005 3081 3089 3013
1672 559 503 452 413 468 529 101 50 25 0 25 50 401 397 468 485 599 641 706 660 591 545 627 643 611 586 538 491 506 450 475 524 548 618 493 468 419 564 290 218 284 309 359 434 510 561 662 685 635 584 533 483 432 356 331 255 253 329 354 430 481 709 635 533 432 356 331 255 376 259 334 359 434 485 586 611 636 714 689 564 463 438 364 290 274 370 444 493 518 693 718 647 623 598 548 475 450 378 307 628 653 708 733 782 856 881 981 961 936 912 862 837 813 844 868 892 940 964 988 894 847 979 1085 1157 1193 1253 1310 1269 1222 1198 1208 1231 1217 1241 1264 1348 1130 1029 1228 1251 1238 1261 1307 1295 1272 1250 1261 1284 1329 1375 1295 1273 1031 1052 1072 1092 1113 1155 1247 1285 1308 1420 1465 1534 1557 1042 1168 1149 1246 1420 1454 2690 2763 2755 2682 2750 2826 2877 2824 2723 2626 2721 2822 2873 3043 2967 2743 2667 2667 2743 2967 3043 2879 2980 3056 3064 2988
1687 579 521 468 431 488 549 126 75 50 25 0 25 381 378 452 468 579 620 684 637 568 523 604 619 586 562 514 467 482 426 450 499 524 593 468 444 394 539 275 198 259 284 334 409 485 536 637 660 610 559 508 458 407 331 306 230 228 304 329 405 456 684 610 508 407 331 306 230 351 234 309 334 409 460 561 586 611 689 664 539 438 413 339 265 250 345 419 468 493 668 693 622 598 573 524 450 425 354 284 604 628 684 708 758 831 856 956 936 911 887 837 813 788 821 844 868 916 939 963 870 824 955 1061 1132 1168 1228 1285 1246 1198 1174 1184 1207 1194 1217 1240 1324 1108 1007 1204 1227 1215 1238 1284 1272 1250 1227 1239 1261 1306 1352 1273 1251 1012 1031 1052 1072 1092 1134 1225 1263 1285 1397 1442 1511 1534 1017 1143 1124 1221 1395 1430 2665 2738 2730 2657 2725 2801 2852 2799 2698 2601 2696 2797 2848 3018 2942 2718 2642 2642 2718 2942 3018 2854 2955 3031 3039 2963
1702 599 540 485 449 508 571 151 100 75 50 25 0 361 359 437 452 559 599 662 614 545 501 580 595 562 538 491 444 458 402 426 475 499 568 443 419 370 514 262 180 234 259 309 384 460 511 612 635 585 534 483 433 382 306 281 205 203 279 304 380 431 659 585 483 382 306 281 205 326 209 284 309 384 435 536 561 586 664 639 514 413 389 314 241 227 321 394 443 468 643 668 598 573 548 499 426 401 330 262 579 603 659 683 733 807 832 931 911 887 862 812 788 763 797 821 844 892 915 939 847 801 932 1037 1108 1144 1204 1261 1222 1174 1151 1160 1184 1171 1194 1217 1300 1085 985 1181 1204 1193 1215 1261 1249 1227 1204 1216 1239 1283 1329 1251 1229 992 1012 1031 1052 1072 1113 1204 1241 1263 1374 1419 1488 1511 992 1118 1100 1197 1370 1406 2640 2713 2705 2632 2700 2776 2827 2774 2673 2576 2671 2772 2823 2993 2917 2693 2617 2617 2693 2917 2993 2829 2930 3006 3014 2938
1728 773 697 623 614 690 766 489 444 423 401 381 361 0 36 130 127 198 240 307 281 205 155 254 281 259 234 185 137 170 144 163 205 227 307 198 180 148 275 152 183 185 180 180 205 251 290 375 410 366 325 287 254 227 205 203 217 241 228 230 250 275 444 396 325 274 255 253 265 270 290 278 280 297 318 378 395 413 488 468 381 330 321 305 309 339 330 345 364 375 485 504 468 452 437 410 377 370 355 359 472 488 540 557 593 650 670 754 747 726 706 666 647 629 702 719 736 772 791 809 756 724 835 917 975 1005 1057 1106 1086 1047 1027 1043 1063 1060 1079 1099 1173 997 922 1078 1096 1095 1114 1151 1150 1131 1113 1131 1149 1185 1222 1167 1149 989 1002 1015 1029 1043 1071 1139 1168 1185 1276 1313 1372 1392 764 884 960 1042 1203 1265 2342 2415 2413 2339 2413 2489 2540 2490 2388 2294 2389 2490 2541 2722 2646 2422 2346 2354 2429 2652 2728 2540 2639 2715 2717 2641
1692 744 668 593 586 662 738 479 437 417 397 378 359 36 0 102 105 205 250 321 305 229 178 281 309 290 265 217 170 205 180 198 240 262 340 234 216 183 310 130 180 205 203 209 240 287 325 410 444 402 361 323 290 262 234 230 234 259 255 259 284 310 479 432 361 307 284 280 284 300 309 305 309 330 353 413 431 449 523 504 417 364 354 334 331 359 359 378 398 410 521 540 504 488 472 444 410 402 384 382 508 524 576 593 629 686 706 789 782 762 741 702 683 665 738 755 772 808 827 845 792 760 871 953 1011 1041 1092 1142 1122 1082 1063 1079 1099 1096 1115 1135 1208 1033 958 1114 1132 1131 1150 1187 1186 1167 1149 1167 1185 1221 1258 1203 1185 1024 1036 1050 1064 1078 1107 1175 1204 1221 1312 1349 1407 1427 797 916 995 1078 1238 1300 2366 2439 2438 2364 2439 2515 2566 2516 2414 2320 2415 2517 2567 2749 2673 2450 2374 2382 2457 2680 2756 2566 2664 2740 2741 2665
1628 736 660 584 586 662 738 540 503 485 468 452 437 130 102 0 25 177 228 304 321 250 205 307 341 331 310 270 234 270 262 275 306 323 397 310 296 274 378 180 262 306 305 309 330 366 397 468 504 467 432 402 375 354 334 331 334 359 356 359 378 398 540 504 444 402 384 381 384 400 409 406 409 426 444 493 508 524 593 576 501 458 450 434 433 460 459 475 491 500 595 612 584 571 558 534 506 499 484 483 592 606 655 671 702 754 772 849 846 827 808 772 755 738 818 833 849 881 899 916 871 841 948 1023 1078 1106 1154 1201 1187 1150 1131 1149 1167 1167 1185 1203 1274 1108 1039 1185 1203 1204 1221 1257 1257 1240 1223 1242 1259 1293 1329 1278 1261 1113 1125 1137 1150 1163 1190 1254 1281 1297 1382 1418 1474 1493 841 954 1061 1138 1293 1361 2364 2437 2439 2365 2443 2519 2569 2521 2419 2326 2421 2522 2573 2758 2683 2460 2385 2396 2471 2693 2768 2568 2665 2741 2739 2663
1648 761 685 609 611 687 763 559 521 503 485 468 452 127 105 25 0 152 203 279 297 227 183 284 318 310 290 251 218 254 250 262 290 306 378 296 284 265 361 198 275 309 306 306 321 353 381 449 485 449 416 388 364 345 331 330 339 364 355 356 370 387 521 488 432 394 381 380 389 396 413 405 406 419 434 479 493 508 576 559 489 450 444 431 435 464 456 468 482 491 579 595 571 558 545 524 499 493 481 485 580 592 641 655 686 736 754 829 827 808 790 755 738 722 803 817 833 865 882 898 856 828 932 1006 1059 1087 1135 1181 1168 1131 1113 1131 1149 1149 1167 1185 1255 1092 1025 1168 1185 1187 1204 1239 1240 1223 1206 1226 1242 1276 1311 1262 1245 1102 1113 1125 1137 1150 1176 1238 1265 1281 1365 1400 1455 1474 819 931 1042 1119 1272 1342 2339 2412 2414 2340 2418 2494 2544 2496 2394 2301 2396 2497 2548 2733 2658 2435 2360 2371 2446 2668 2743 2543 2640 2716 2714 2638
1772 913 837 761 763 839 915 684 641 620 599 579 559 198 205 177 152 0 51 127 163 114 102 163 198 205 193 180 180 203 234 230 230 234 284 254 255 265 290 330 381 366 353 330 309 306 314 353 388 363 345 334 330 334 354 364 402 423 387 378 359 355 423 410 384 384 402 410 444 408 466 434 426 409 406 419 425 434 489 477 438 433 434 450 477 511 474 459 457 458 500 511 505 499 493 485 483 484 499 523 523 530 571 580 602 641 655 719 722 706 691 662 649 637 727 738 750 775 789 803 778 757 847 909 956 981 1024 1066 1061 1027 1011 1031 1047 1051 1067 1083 1148 1004 948 1072 1087 1092 1107 1138 1143 1127 1113 1134 1148 1178 1209 1169 1155 1043 1052 1061 1070 1080 1101 1153 1176 1190 1265 1297 1348 1365 691 797 936 1006 1152 1228 2187 2260 2262 2188 2266 2342 2392 2344 2242 2150 2244 2346 2396 2582 2506 2284 2209 2221 2296 2517 2592 2391 2488 2564 2562 2486
1814 964 888 812 814 890 966 728 684 662 641 620 599 240 250 228 203 51 0 76 127 102 114 137 170 185 180 180 193 209 250 241 230 229 265 259 265 284 281 378 423 397 381 353 321 306 306 330 363 345 334 330 334 345 375 388 433 452 410 398 370 359 397 394 381 394 420 432 472 424 493 454 443 418 410 410 413 419 467 458 433 438 443 467 501 536 490 468 460 458 482 491 493 489 485 482 489 493 514 545 514 518 554 562 580 614 627 686 691 676 662 636 624 613 708 717 727 750 762 775 757 739 823 880 925 948 989 1030 1028 996 980 1001 1016 1021 1036 1052 1115 978 927 1042 1057 1063 1078 1107 1113 1098 1085 1106 1120 1148 1178 1141 1128 1029 1036 1044 1052 1061 1080 1128 1150 1163 1234 1265 1314 1331 651 754 904 971 1113 1192 2136 2209 2211 2137 2215 2291 2342 2293 2192 2099 2194 2295 2346 2531 2456 2234 2159 2171 2246 2467 2542 2340 2437 2513 2511 2435
1879 1040 964 888 890 966 1042 795 750 728 706 684 662 307 321 304 279 127 76 0 102 127 163 130 152 180 185 205 234 240 290 275 250 241 254 284 296 325 284 450 489 449 431 397 353 321 309 309 339 331 331 339 354 375 417 432 485 503 452 437 398 378 370 382 389 420 458 472 521 458 540 493 479 443 426 407 406 407 444 438 435 458 467 501 543 579 523 491 475 468 463 468 483 482 483 489 506 514 545 585 507 508 539 543 555 580 591 641 649 637 625 604 595 586 684 691 699 717 727 738 731 718 792 841 881 902 940 978 980 951 937 958 972 980 994 1007 1067 943 900 1002 1015 1024 1037 1064 1072 1059 1046 1068 1081 1106 1134 1103 1091 1011 1016 1023 1029 1036 1052 1093 1113 1125 1190 1219 1265 1281 593 691 859 920 1057 1140 2060 2133 2135 2061 2139 2215 2266 2217 2116 2023 2118 2219 2270 2456 2380 2159 2083 2096 2171 2392 2467 2264 2361 2437 2435 2359
1934 1046 971 895 890 966 1042 755 708 684 660 637 614 281 305 321 297 163 127 102 0 76 127 36 51 80 92 127 170 163 218 198 163 148 152 198 216 254 185 433 450 388 366 325 270 227 209 209 241 230 230 241 262 290 342 361 423 436 378 359 310 284 274 281 289 331 378 395 452 375 468 413 396 353 330 306 304 306 345 339 334 364 375 416 467 503 437 397 377 369 364 370 382 380 382 389 410 420 458 504 405 407 438 443 458 489 501 559 564 549 536 511 500 491 586 595 604 625 637 649 635 619 699 754 798 821 863 904 901 869 853 874 889 894 909 925 988 852 804 915 930 937 951 980 986 972 958 980 993 1021 1051 1015 1002 911 917 924 931 940 957 1003 1024 1037 1107 1138 1188 1205 529 637 777 844 989 1066 2061 2135 2133 2060 2134 2210 2261 2211 2110 2016 2111 2212 2263 2445 2369 2146 2070 2080 2155 2377 2453 2261 2359 2435 2437 2361
1872 971 895 819 814 890 966 684 637 614 591 568 545 205 229 250 227 114 102 127 76 0 51 57 92 92 80 80 108 114 163 148 130 127 170 160 170 198 180 357 378 325 306 270 227 205 205 240 275 250 234 229 234 250 290 306 361 378 325 310 273 259 310 297 279 297 331 345 395 332 413 366 353 321 309 309 314 321 375 363 331 339 345 375 416 452 397 369 359 357 387 397 394 389 384 381 389 394 420 458 413 419 458 467 488 528 544 611 612 595 579 549 536 523 613 624 636 662 676 691 664 644 734 797 846 872 916 960 952 918 901 920 937 940 956 973 1039 891 834 960 976 980 995 1028 1031 1015 1000 1021 1036 1067 1099 1057 1042 932 939 948 957 967 987 1040 1063 1077 1154 1188 1239 1257 592 704 827 899 1049 1121 2137 2211 2209 2136 2210 2286 2337 2287 2186 2092 2187 2288 2339 2521 2445 2222 2146 2155 2231 2453 2528 2337 2435 2511 2513 2437
1831 920 844 769 764 840 916 637 591 568 545 523 501 155 178 205 183 102 114 163 127 51 0 105 137 127 108 80 80 102 137 130 130 137 198 152 155 170 193 306 330 287 270 240 209 205 217 270 306 275 250 234 228 234 262 275 323 342 296 284 259 253 342 318 284 284 307 318 361 311 381 340 330 309 304 321 330 341 402 388 339 331 334 354 388 423 377 359 355 357 410 423 410 401 394 384 382 384 401 432 425 434 477 488 514 559 576 648 647 629 611 579 564 549 636 649 662 691 706 722 688 664 760 829 880 907 953 999 988 952 934 953 970 972 989 1006 1075 920 858 992 1008 1011 1027 1060 1063 1047 1031 1051 1067 1099 1132 1087 1072 948 957 967 977 988 1011 1066 1092 1107 1187 1221 1275 1294 637 750 862 937 1089 1160 2188 2262 2260 2187 2261 2337 2388 2338 2236 2142 2237 2339 2389 2571 2496 2273 2197 2205 2281 2503 2579 2388 2486 2562 2564 2488
1928 1024 948 873 867 943 1019 723 675 651 627 604 580 254 281 307 284 163 137 130 36 57 105 0 36 51 57 92 137 127 183 163 127 114 130 163 180 218 155 406 419 353 331 290 234 193 180 193 227 209 203 209 227 254 306 325 388 401 342 323 275 250 262 259 259 296 342 359 416 339 433 378 361 318 297 279 281 284 330 321 306 330 341 381 431 467 402 363 345 339 345 354 359 357 355 359 377 386 423 468 382 384 418 425 443 479 493 557 559 544 529 501 489 477 571 580 591 614 627 641 620 602 687 747 793 818 862 905 899 865 849 869 884 889 904 920 986 843 790 909 925 930 945 976 980 965 951 972 986 1016 1047 1007 993 893 900 907 916 924 943 992 1015 1028 1102 1135 1186 1203 536 648 774 844 993 1067 2088 2161 2159 2085 2159 2235 2286 2236 2134 2040 2135 2236 2287 2468 2392 2169 2093 2101 2177 2399 2475 2286 2385 2461 2463 2387
1964 1052 977 902 895 971 1046 740 691 667 643 619 595 281 309 341 318 198 170 152 51 92 137 36 0 36 57 105 155 137 193 170 127 108 102 163 183 227 137 433 438 363 340 296 234 183 161 161 193 180 180 193 218 251 310 331 397 410 345 325 270 240 227 230 241 290 342 361 423 336 437 378 359 310 284 255 254 255 297 290 284 318 331 378 432 468 397 353 330 321 314 321 331 330 331 339 363 375 416 466 355 356 389 394 410 444 458 521 524 508 493 466 454 443 538 547 557 580 592 606 587 571 653 711 758 783 826 869 863 829 813 833 849 853 869 885 950 808 757 874 889 894 909 940 945 929 916 937 951 980 1011 972 958 862 869 876 883 892 910 958 980 993 1067 1099 1150 1168 501 614 738 808 957 1031 2064 2138 2134 2060 2134 2210 2261 2210 2108 2014 2109 2210 2261 2441 2365 2142 2066 2073 2149 2371 2447 2261 2360 2436 2440 2364
1958 1031 956 882 873 948 1023 708 659 635 611 586 562 259 290 331 310 205 185 180 80 92 127 51 36 0 25 76 127 105 161 137 92 72 80 127 148 193 105 409 409 330 307 262 198 148 130 148 183 160 152 161 183 216 275 296 363 375 310 290 234 205 218 209 209 254 306 325 388 301 402 342 323 275 250 228 230 234 284 273 255 284 296 342 396 432 361 318 297 289 297 307 309 306 304 309 330 341 381 431 331 334 369 377 398 436 452 521 521 504 488 458 444 432 523 534 545 571 584 599 574 554 643 706 755 781 827 872 862 827 810 829 846 849 865 882 949 800 744 869 885 888 904 937 940 924 908 929 944 976 1008 965 950 844 851 859 868 877 897 948 972 985 1063 1097 1149 1168 511 627 737 810 962 1033 2091 2165 2160 2087 2159 2235 2286 2235 2134 2039 2134 2235 2286 2465 2389 2165 2089 2096 2172 2394 2470 2287 2386 2462 2467 2391
1938 1006 931 857 848 923 998 684 635 610 586 562 538 234 265 310 290 193 180 185 92 80 108 57 57 25 0 51 102 80 137 114 72 57 92 108 127 170 102 384 384 307 284 240 180 137 127 163 198 170 155 155 170 198 254 275 340 353 290 270 218 193 234 217 205 240 287 306 366 283 381 323 306 262 241 230 234 241 296 284 254 273 284 325 378 413 345 307 290 284 307 318 314 309 306 306 321 330 366 413 334 339 378 387 410 452 468 540 539 521 504 472 458 444 534 545 558 585 599 615 585 564 655 722 772 799 846 892 880 844 827 846 863 865 881 899 967 814 755 884 901 904 920 953 956 940 924 944 960 992 1025 980 965 852 859 868 877 887 908 961 986 1001 1079 1114 1167 1186 534 651 754 829 983 1052 2116 2190 2185 2112 2184 2260 2311 2260 2159 2064 2159 2260 2311 2490 2414 2190 2114 2121 2197 2419 2495 2312 2411 2487 2492 2416
1898 956 882 807 798 873 948 635 586 562 538 514 491 185 217 270 251 180 180 205 127 80 80 92 105 76 51 0 51 36 92 72 51 57 127 80 92 127 114 334 334 262 240 198 148 127 137 198 234 198 170 155 155 170 216 234 296 310 251 234 193 180 270 240 205 217 254 270 325 254 342 290 275 241 230 241 250 262 325 310 259 259 265 296 342 378 318 289 281 279 331 345 330 321 314 306 309 314 340 381 345 354 397 410 437 485 503 579 576 557 539 504 488 472 558 571 585 615 631 647 610 585 683 755 808 836 884 932 917 880 862 880 898 898 916 934 1004 843 780 917 934 936 953 988 989 972 956 976 992 1025 1060 1011 996 868 877 887 897 908 932 989 1016 1031 1114 1149 1204 1223 580 699 791 869 1025 1092 2167 2241 2236 2163 2235 2311 2362 2311 2210 2115 2210 2311 2362 2541 2465 2241 2165 2172 2247 2470 2546 2363 2462 2538 2543 2467
1858 907 832 758 747 823 898 586 538 514 491 467 444 137 170 234 218 180 193 234 170 108 80 137 155 127 102 51 0 36 57 51 72 92 170 80 76 92 144 284 284 218 198 163 130 137 163 240 275 234 198 170 155 155 183 198 254 270 218 205 180 180 310 270 217 205 227 240 287 231 306 262 250 230 230 262 275 290 359 342 273 254 255 274 310 345 297 280 281 284 361 378 353 340 330 314 305 305 321 353 363 375 423 437 468 521 540 620 615 595 576 539 521 504 585 599 615 647 665 682 638 610 714 790 846 875 925 973 956 917 899 916 934 933 952 970 1042 874 807 952 969 970 988 1024 1024 1006 989 1008 1025 1060 1095 1044 1027 887 897 908 920 932 958 1020 1047 1063 1149 1185 1242 1261 627 747 829 909 1068 1132 2218 2291 2287 2214 2286 2362 2413 2362 2261 2166 2261 2362 2413 2592 2516 2292 2216 2222 2298 2521 2597 2414 2513 2589 2593 2517
1894 937 862 789 777 852 927 604 555 530 506 482 458 170 205 270 254 203 209 240 163 114 102 127 137 105 80 36 36 0 57 36 36 57 137 51 57 92 108 314 306 227 205 163 114 105 127 205 240 198 163 137 127 137 180 198 262 275 216 198 161 152 275 234 185 185 218 234 290 219 306 254 240 209 203 227 240 254 323 306 241 230 234 262 306 342 284 259 254 255 325 342 318 307 297 284 281 284 307 345 330 341 388 402 432 485 504 585 579 559 540 503 485 468 549 564 579 612 629 646 602 575 678 754 810 839 889 937 920 881 863 880 898 897 916 934 1006 839 771 916 933 934 952 988 988 970 953 972 989 1024 1059 1008 991 854 864 875 886 898 924 984 1011 1027 1113 1149 1206 1225 595 715 793 874 1033 1097 2195 2268 2263 2189 2261 2337 2388 2337 2235 2140 2235 2337 2387 2565 2489 2265 2189 2194 2270 2494 2570 2389 2489 2565 2570 2494
1871 893 820 747 733 807 882 548 499 475 450 426 402 144 180 262 250 234 250 290 218 163 137 183 193 161 137 92 57 57 0 25 76 101 180 57 36 36 137 274 254 170 148 108 76 108 148 241 274 227 183 144 114 101 127 144 205 218 163 148 126 137 307 254 183 151 170 183 234 175 251 205 193 176 185 234 251 270 345 325 240 205 201 217 254 290 241 226 234 241 342 361 325 310 296 274 255 251 265 296 331 345 397 413 449 508 528 614 606 585 563 523 504 485 559 576 593 629 647 667 613 581 692 774 833 863 916 966 944 904 884 901 920 917 936 956 1030 853 779 934 953 952 970 1008 1006 988 969 988 1005 1042 1080 1024 1006 852 864 876 888 902 930 996 1025 1042 1132 1170 1229 1249 635 758 817 902 1065 1124 2247 2321 2315 2241 2312 2388 2439 2388 2286 2190 2285 2387 2437 2614 2538 2314 2238 2243 2319 2542 2618 2440 2541 2617 2622 2546
1890 918 844 771 758 832 907 573 524 499 475 450 426 163 198 275 262 230 241 275 198 148 130 163 170 137 114 72 51 36 25 0 51 76 155 36 25 57 114 297 279 193 170 127 80 92 127 217 250 205 163 127 105 105 144 163 227 240 180 163 130 130 284 234 170 155 183 198 254 185 270 218 205 180 180 218 234 251 325 306 227 203 205 227 270 306 250 230 230 234 323 342 310 296 284 265 254 255 273 310 318 331 381 397 431 488 508 592 585 564 543 504 485 467 543 559 576 610 629 647 597 567 675 755 813 843 895 945 924 884 865 881 901 898 917 937 1010 836 764 916 934 933 952 989 988 969 952 970 988 1023 1060 1006 989 841 852 863 876 888 915 980 1008 1025 1114 1151 1209 1229 611 733 797 881 1043 1103 2222 2296 2290 2216 2287 2363 2414 2363 2261 2165 2260 2362 2412 2589 2513 2289 2213 2218 2294 2517 2593 2415 2516 2592 2597 2521
1930 967 893 820 807 882 956 623 573 548 524 499 475 205 240 306 290 230 230 250 163 130 130 127 127 92 72 51 72 36 76 51 0 25 105 36 57 105 72 345 330 241 217 170 108 76 92 170 205 163 127 105 105 127 183 205 274 284 218 198 148 130 240 198 155 170 216 234 296 212 310 251 234 193 180 193 205 218 287 270 209 209 217 254 306 342 275 241 230 228 290 306 284 273 265 255 259 265 296 342 297 307 353 366 396 449 468 549 544 524 504 467 449 432 514 528 543 576 593 610 567 540 642 718 774 803 853 902 884 846 827 844 862 861 880 898 971 803 736 880 897 898 916 952 952 934 917 936 953 988 1023 972 955 820 830 841 852 864 889 948 975 991 1077 1113 1171 1190 562 684 758 839 999 1061 2171 2245 2239 2165 2236 2312 2363 2312 2210 2114 2209 2311 2361 2538 2462 2238 2162 2167 2243 2466 2542 2364 2465 2541 2546 2470
1949 992 918 844 832 907 981 648 598 573 548 524 499 227 262 323 306 234 229 241 148 127 137 114 108 72 57 57 92 57 101 76 25 0 80 57 80 130 57 370 355 265 241 193 127 80 80 148 183 144 114 102 114 144 205 227 297 307 240 218 163 137 218 183 152 183 234 254 318 229 331 270 251 205 185 185 193 205 270 254 205 217 227 270 325 361 290 250 234 230 275 290 273 265 259 254 265 273 310 359 289 297 341 353 381 431 449 528 524 504 485 449 433 417 501 514 528 559 576 593 553 528 627 700 755 784 833 881 865 827 808 826 844 844 862 880 951 788 723 862 880 882 898 934 934 917 901 920 937 970 1006 956 940 811 820 830 841 852 876 933 960 976 1059 1095 1151 1170 538 659 738 817 977 1040 2146 2220 2214 2140 2211 2287 2338 2287 2185 2089 2184 2286 2336 2513 2437 2213 2137 2142 2218 2441 2517 2339 2440 2516 2521 2445
2025 1072 998 924 912 986 1061 718 668 643 618 593 568 307 340 397 378 284 265 254 152 170 198 130 102 80 92 127 170 137 180 155 105 80 0 127 152 203 57 450 433 334 309 259 185 114 72 72 108 80 80 108 148 193 265 290 364 370 297 273 205 163 144 130 148 218 284 307 377 273 386 318 296 234 198 155 152 155 205 193 185 234 251 310 375 409 325 270 240 227 217 227 230 228 230 241 275 290 342 401 253 255 289 297 318 361 378 452 449 431 413 381 366 353 443 454 466 493 508 524 494 474 564 631 682 710 758 805 791 754 736 755 772 774 791 808 878 722 664 794 810 813 829 862 865 849 833 853 869 901 934 889 874 764 771 779 788 797 817 870 895 909 989 1023 1078 1097 458 579 665 742 899 965 2073 2147 2139 2066 2136 2212 2263 2211 2110 2014 2109 2210 2261 2436 2360 2136 2060 2064 2140 2363 2439 2264 2365 2441 2448 2372
1926 949 876 803 789 862 937 593 543 518 493 468 443 198 234 310 296 254 259 284 198 160 152 163 163 127 108 80 80 51 57 36 36 57 127 0 25 76 80 330 306 209 185 137 72 57 92 185 217 170 127 92 76 92 148 170 241 250 183 163 114 101 250 198 137 137 180 198 262 177 275 216 198 161 152 183 198 216 290 270 193 180 185 218 270 306 240 209 203 205 287 306 275 262 250 234 230 234 262 306 284 296 345 361 395 452 472 558 549 529 508 468 449 431 508 523 540 574 593 611 561 532 639 719 777 807 859 909 888 849 829 845 865 862 881 901 975 800 729 880 898 897 916 953 952 933 916 935 952 987 1024 970 953 807 818 829 841 854 880 944 972 989 1078 1115 1174 1194 579 703 762 845 1008 1067 2200 2273 2266 2193 2263 2339 2390 2338 2236 2141 2236 2337 2388 2563 2487 2263 2187 2191 2267 2490 2566 2391 2492 2568 2574 2498
1907 925 852 779 764 838 912 568 518 493 468 444 419 180 216 296 284 255 265 296 216 170 155 180 183 148 127 92 76 57 36 25 57 80 152 25 0 51 105 307 281 185 161 114 57 72 114 209 241 193 148 108 80 80 127 148 217 227 163 144 105 105 273 218 148 130 163 180 240 162 254 198 183 155 155 198 216 234 310 290 205 178 180 205 251 287 227 205 205 209 306 325 290 275 262 241 229 230 250 290 296 310 361 378 413 472 493 580 571 549 528 488 468 449 523 540 557 593 611 631 577 546 656 738 797 828 880 931 909 869 849 865 884 881 901 920 995 818 744 898 917 916 934 972 970 952 934 952 970 1006 1044 988 970 818 829 841 854 867 895 960 989 1006 1096 1135 1194 1214 603 727 782 867 1031 1088 2225 2298 2291 2218 2288 2364 2415 2363 2261 2166 2261 2362 2413 2588 2512 2288 2212 2216 2292 2515 2591 2416 2517 2593 2599 2523
1869 876 803 731 715 789 862 518 468 444 419 394 370 148 183 274 265 265 284 325 254 198 170 218 227 193 170 127 92 92 36 57 105 130 203 76 51 0 155 262 230 137 114 72 57 114 161 259 290 241 193 148 108 80 92 108 170 183 127 114 105 127 321 262 180 130 137 148 198 143 216 170 161 155 170 234 254 275 353 331 234 185 180 185 218 254 209 205 217 227 345 366 323 306 290 262 234 230 234 262 325 342 395 413 452 514 536 625 614 592 571 528 508 488 557 574 593 631 650 670 611 577 691 777 838 870 923 975 951 909 888 904 924 920 940 960 1036 853 775 937 956 953 972 1011 1008 989 970 987 1006 1044 1083 1023 1005 841 854 867 881 895 924 994 1023 1041 1135 1174 1233 1254 653 777 824 910 1076 1131 2275 2349 2342 2269 2339 2415 2466 2414 2312 2217 2312 2413 2464 2639 2563 2339 2263 2267 2343 2566 2642 2467 2568 2644 2650 2574
2001 1029 956 883 869 942 1017 664 614 589 564 539 514 275 310 378 361 290 281 284 185 180 193 155 137 105 102 114 144 108 137 114 72 57 57 80 105 155 0 410 384 280 255 205 130 57 25 105 137 92 57 57 92 137 209 234 309 314 241 217 148 108 170 127 105 163 227 250 321 217 330 262 240 180 148 130 137 148 216 198 152 183 198 254 318 353 270 218 193 185 218 234 217 209 205 205 227 240 287 345 234 241 284 296 325 378 397 479 472 452 433 395 378 361 444 458 472 504 521 539 497 471 571 646 703 732 782 832 813 774 755 773 791 790 808 827 899 732 666 808 826 827 844 880 880 863 846 865 881 916 952 901 884 755 764 774 784 795 819 877 904 920 1005 1042 1099 1118 499 623 686 768 929 990 2127 2200 2192 2119 2188 2264 2315 2263 2161 2065 2160 2262 2312 2487 2411 2187 2111 2113 2189 2413 2489 2316 2418 2494 2501 2425
1615 623 548 475 464 539 614 361 323 306 290 275 262 152 130 180 198 330 378 450 433 357 306 406 433 409 384 334 284 314 274 297 345 370 450 330 307 262 410 0 102 205 218 251 310 375 420 514 547 500 454 410 366 325 270 254 217 241 275 290 342 381 580 523 437 359 310 296 265 331 290 318 331 378 413 493 514 536 614 592 488 413 397 353 321 339 375 416 449 467 606 627 579 559 540 502 452 436 398 370 576 595 650 670 711 775 797 886 876 854 832 789 768 747 810 829 848 888 909 929 863 826 946 1036 1099 1131 1184 1236 1211 1169 1147 1163 1183 1178 1198 1219 1296 1107 1023 1193 1213 1209 1229 1269 1265 1245 1226 1242 1261 1300 1340 1278 1259 1071 1087 1102 1119 1135 1168 1243 1276 1294 1391 1431 1492 1513 907 1029 1085 1172 1337 1392 2494 2567 2565 2491 2565 2641 2692 2642 2540 2446 2541 2642 2693 2874 2798 2574 2498 2505 2581 2803 2879 2692 2791 2867 2869 2793
1688 651 580 511 491 562 635 307 262 240 218 198 180 183 180 262 275 381 423 489 450 378 330 419 438 409 384 334 284 306 254 279 330 355 433 306 281 230 384 102 0 127 148 193 265 339 389 489 518 468 419 370 321 273 205 183 127 148 198 218 284 330 548 482 386 296 234 216 170 257 193 234 251 310 353 443 466 490 570 546 432 345 325 270 227 241 290 342 381 401 556 579 523 501 479 436 378 359 310 273 514 536 592 614 659 726 749 843 829 806 783 738 716 693 746 767 789 832 854 876 799 759 883 980 1046 1079 1136 1188 1159 1115 1093 1106 1128 1120 1141 1163 1242 1043 954 1133 1155 1147 1168 1211 1204 1183 1162 1178 1198 1239 1281 1214 1193 992 1008 1025 1042 1059 1095 1175 1209 1229 1330 1373 1437 1459 881 1006 1034 1124 1292 1343 2500 2574 2569 2495 2566 2642 2693 2642 2540 2444 2539 2641 2691 2868 2792 2568 2492 2497 2573 2796 2872 2694 2795 2871 2876 2800
1813 774 704 637 614 684 755 384 334 309 284 259 234 185 205 306 309 366 397 449 388 325 287 353 363 330 307 262 218 227 170 193 241 265 334 209 185 137 280 205 127 0 25 76 152 228 279 380 407 356 306 255 205 155 80 57 36 57 72 92 160 209 435 364 265 170 108 92 80 130 105 114 127 183 227 321 345 369 449 425 307 218 198 148 127 155 170 215 254 275 434 457 397 375 353 310 251 234 193 178 388 410 466 488 534 604 627 722 707 684 660 614 590 567 620 641 662 706 728 750 673 632 757 854 920 953 1010 1065 1033 989 967 980 1002 993 1015 1037 1116 916 828 1007 1028 1021 1042 1085 1077 1057 1036 1051 1071 1113 1155 1087 1066 869 885 901 917 934 969 1049 1082 1102 1204 1246 1311 1333 769 895 908 1000 1170 1217 2407 2480 2472 2399 2468 2544 2595 2543 2441 2345 2440 2541 2592 2765 2689 2465 2389 2391 2467 2690 2766 2596 2698 2774 2781 2705
1831 797 727 659 637 708 779 409 359 334 309 284 259 180 203 305 306 353 381 431 366 306 270 331 340 307 284 240 198 205 148 170 217 241 309 185 161 114 255 218 148 25 0 51 127 203 254 355 382 331 281 230 180 130 57 36 57 72 57 72 137 185 410 339 241 148 92 80 92 113 114 105 114 163 205 297 321 345 425 401 284 198 180 137 130 161 160 198 234 254 410 434 375 353 331 290 234 218 185 180 366 388 444 466 511 580 603 698 683 660 637 591 568 545 599 620 641 684 706 728 653 613 736 832 898 931 988 1042 1011 967 945 958 980 972 993 1015 1094 896 809 986 1007 1000 1021 1063 1057 1036 1016 1031 1051 1092 1134 1067 1047 853 869 884 901 917 952 1030 1063 1083 1183 1225 1289 1311 744 870 886 977 1146 1195 2382 2455 2447 2374 2443 2519 2570 2518 2416 2320 2415 2516 2567 2740 2664 2440 2364 2366 2442 2665 2741 2571 2673 2749 2756 2680
1866 844 773 704 684 755 827 460 409 384 359 334 309 180 209 309 306 330 353 397 325 270 240 290 296 262 240 198 163 163 108 127 170 193 259 137 114 72 205 251 193 76 51 0 76 152 203 304 331 281 230 180 130 80 25 36 105 114 57 50 92 137 359 289 193 108 75 80 127 91 144 105 100 127 163 250 273 297 377 353 240 163 148 125 148 183 150 170 198 216 363 386 331 310 290 251 205 193 175 193 325 345 402 423 466 533 556 650 636 613 590 545 523 501 559 579 599 641 662 684 613 575 696 789 854 887 943 995 967 923 902 916 937 930 951 972 1050 857 772 944 965 960 980 1021 1016 996 976 992 1011 1051 1092 1027 1008 824 839 853 869 884 917 992 1025 1044 1142 1183 1247 1268 693 819 841 931 1099 1150 2332 2405 2397 2323 2392 2468 2519 2467 2365 2269 2364 2465 2516 2689 2613 2389 2313 2315 2391 2614 2690 2521 2622 2698 2705 2630
1922 916 844 774 755 827 900 535 484 459 434 409 384 205 240 330 321 309 321 353 270 227 209 234 234 198 180 148 130 114 76 80 108 127 185 72 57 57 130 310 265 152 127 76 0 76 127 228 255 205 155 105 57 25 80 105 180 185 114 92 50 72 284 217 127 75 108 127 193 106 205 144 127 100 114 183 205 227 307 284 180 130 125 148 198 234 170 150 161 170 296 318 270 251 234 205 180 175 193 234 270 287 342 361 401 466 488 580 568 545 523 479 458 437 502 521 540 579 599 619 556 522 638 726 789 821 876 928 902 859 837 853 873 869 889 909 986 799 720 885 904 901 920 960 956 937 918 934 953 992 1031 970 951 784 797 810 824 839 869 939 969 987 1083 1122 1182 1203 618 744 775 863 1031 1083 2256 2329 2321 2248 2316 2392 2443 2391 2289 2193 2288 2389 2440 2613 2537 2313 2237 2239 2315 2538 2614 2445 2546 2622 2630 2554
1979 988 916 844 827 900 974 611 560 535 510 485 460 251 287 366 353 306 306 321 227 205 205 193 183 148 137 127 137 105 108 92 76 80 114 57 72 114 57 375 339 228 203 152 76 0 51 152 180 130 80 36 36 80 155 180 255 259 185 160 92 57 209 148 80 108 170 193 265 160 273 205 183 127 105 127 144 163 240 218 137 137 148 198 262 296 216 170 155 152 234 254 218 205 193 180 185 193 234 290 227 240 290 306 342 401 423 511 501 479 458 416 397 378 452 468 485 521 540 559 506 475 584 667 726 757 810 861 838 797 777 793 813 810 829 849 924 746 673 827 846 844 863 901 899 880 862 880 898 934 972 916 898 750 761 772 785 797 824 889 917 934 1025 1063 1122 1142 543 668 711 797 962 1018 2181 2254 2245 2172 2240 2316 2367 2315 2213 2117 2212 2313 2364 2537 2461 2237 2161 2163 2239 2462 2538 2369 2470 2546 2554 2478
2017 1036 964 892 876 949 1023 662 611 586 561 536 511 290 325 397 381 314 306 309 209 205 217 180 161 130 127 137 163 127 148 127 92 80 72 92 114 161 25 420 389 279 254 203 127 51 0 102 130 80 36 36 80 130 205 230 306 309 234 209 137 92 160 108 80 148 217 241 314 204 321 250 227 163 127 105 114 127 198 180 127 163 180 240 307 340 254 198 170 160 198 216 193 185 180 180 205 218 270 331 209 217 262 275 306 361 381 466 458 437 416 378 359 342 423 437 452 485 503 521 476 449 551 629 686 716 768 818 797 757 738 755 774 772 791 810 883 712 645 790 808 808 826 863 862 844 827 846 863 898 934 881 865 731 740 750 761 773 797 857 884 901 988 1025 1082 1102 493 618 670 754 917 976 2130 2203 2194 2121 2190 2266 2316 2264 2163 2066 2161 2263 2313 2486 2410 2186 2110 2112 2188 2412 2488 2318 2420 2496 2503 2428
