# a280.tsp
280
0 20 24 33 33 43 56 63 61 71 79 86 94 102 93 100 116 124 132 140 148 141 125 118 133 149 157 165 172 184 184 185 198 208 224 224 232 232 232 232 232 232 233 249 248 248 248 248 248 248 256 256 256 256 256 256 257 258 250 235 236 245 253 261 262 270 276 274 282 284 286 287 289 291 294 287 296 299 283 277 274 271 269 266 264 256 259 262 266 265 269 271 283 291 298 301 293 287 279 270 266 262 258 256 248 241 238 252 259 249 246 254 251 244 241 249 239 237 191 189 187 186 185 184 184 172 164 156 156 148 140 132 124 118 120 123 125 129 132 125 129 134 139 144 150 145 140 136 141 154 176 173 169 166 167 171 193 196 199 202 208 212 216 221 225 239 250 256 257 248 241 241 233 223 205 182 179 170 170 178 186 189 193 198 202 201 207 218 212 206 196 186 180 170 166 159 165 160 155 149 154 145 134 123 112 101 100 93 89 95 102 106 113 109 116 120 127 123 131 134 141 138 132 123 115 107 100 92 85 77 73 81 89 97 96 88 80 72 64 56 48 40 41 49 57 65 56 49 60 63 70 82 87 82 76 71 77 72 68 65 72 82 93 104 114 122 118 115 113 111 92 84 76 68 60 52 43 43 34 18
20 0 18 34 43 50 66 72 68 79 86 93 100 107 97 101 117 125 133 141 149 145 129 122 137 152 160 168 174 185 186 187 200 209 225 226 234 233 232 232 232 232 232 248 248 248 248 248 249 250 258 257 256 256 256 256 256 256 248 232 233 241 249 257 258 266 273 272 280 281 282 283 285 286 288 280 290 292 276 269 267 265 263 261 260 252 253 255 259 257 261 263 275 283 290 293 285 279 270 261 257 254 250 248 240 233 230 244 251 242 240 248 246 238 237 244 235 234 186 185 184 184 184 184 184 172 164 157 156 148 140 132 124 116 116 118 119 121 124 117 120 123 127 132 138 134 130 127 133 146 169 168 165 164 164 166 188 189 191 194 200 204 207 210 214 228 239 246 248 239 232 232 225 215 197 174 171 162 161 170 177 181 184 187 191 189 196 206 199 193 183 173 167 157 152 146 152 147 143 136 141 132 121 110 99 88 85 79 74 79 86 90 97 92 99 103 110 105 112 116 123 119 113 104 96 88 81 73 66 59 53 61 69 77 76 68 60 52 44 36 28 20 22 30 38 46 38 34 45 46 52 68 74 70 63 59 66 63 61 60 68 77 86 96 106 114 111 110 108 108 93 85 77 69 61 54 43 36 28 9
24 18 0 16 28 34 50 55 50 61 68 75 82 89 79 83 99 107 115 123 131 127 111 104 119 134 142 150 156 167 168 169 182 191 207 208 216 215 214 214 214 214 214 230 230 230 230 230 231 232 240 239 238 238 238 238 238 238 230 215 216 224 232 240 241 249 256 254 262 264 265 266 268 270 272 264 274 277 261 254 252 249 247 245 243 235 237 239 244 242 245 248 260 267 275 278 270 264 256 246 243 239 235 232 225 218 215 229 236 227 224 232 229 222 220 227 218 217 169 168 167 166 166 166 166 154 146 139 138 130 122 114 106 98 99 101 103 106 109 102 106 110 115 120 126 121 117 112 118 131 153 151 148 146 147 149 171 173 176 179 185 189 193 197 202 216 226 233 234 225 218 218 210 200 182 159 156 147 146 155 162 166 170 174 179 177 183 194 188 182 172 162 156 146 142 135 141 136 131 125 130 121 110 99 88 77 77 70 66 72 80 83 90 87 94 97 105 102 109 112 119 117 113 104 97 89 81 73 65 57 56 64 72 80 81 73 65 58 50 42 35 30 26 33 40 48 36 26 37 41 49 59 63 58 52 47 53 48 45 43 51 60 70 81 91 98 95 93 91 90 75 67 59 51 43 36 25 20 11 10
33 34 16 0 16 19 34 40 34 45 52 59 66 74 63 68 84 92 100 108 116 111 96 88 104 119 127 135 141 152 153 154 167 176 192 193 201 200 200 200 200 200 201 216 216 216 216 216 216 217 225 224 224 224 224 224 224 225 217 202 203 212 220 228 230 238 243 241 249 251 253 255 256 258 261 254 264 266 250 244 241 239 236 233 231 223 226 229 233 232 236 240 251 258 265 269 262 255 248 239 235 230 227 223 216 209 205 219 226 216 214 222 218 211 208 216 206 205 158 156 154 153 152 152 152 140 132 124 124 116 108 100 92 86 87 90 93 96 101 94 99 105 110 116 121 116 110 105 110 121 143 140 136 133 134 138 160 163 166 169 177 181 186 190 195 209 219 226 226 217 210 210 202 191 173 150 146 137 139 147 154 158 163 167 172 172 178 189 183 178 170 162 153 146 142 135 140 133 127 122 129 121 110 99 88 77 77 70 67 74 82 84 92 90 98 99 107 105 113 115 123 121 120 112 104 96 88 80 72 64 67 75 82 90 92 84 77 70 63 56 49 45 40 45 52 59 46 32 40 48 56 59 63 56 52 45 49 43 37 32 39 50 61 72 83 90 86 82 80 78 60 52 44 36 28 20 10 16 13 25
33 43 28 16 0 10 23 30 28 38 46 53 61 69 60 69 85 93 101 109 117 108 92 85 100 116 124 132 140 152 152 152 166 176 192 192 200 200 200 200 201 201 203 218 217 216 216 216 216 216 224 224 224 224 224 225 226 227 219 204 206 215 223 231 233 241 246 243 251 254 256 258 260 263 266 259 270 273 257 251 248 245 241 238 235 227 231 235 240 240 243 248 259 265 273 276 270 263 256 248 243 239 235 230 224 217 213 227 233 223 220 228 223 216 213 220 210 208 163 160 158 155 154 153 152 141 133 125 125 117 110 102 94 89 93 96 101 105 110 103 110 116 122 129 133 127 121 114 119 130 150 146 140 135 138 143 166 169 173 177 186 190 195 199 204 218 228 235 235 226 219 219 210 199 181 158 154 145 148 156 163 167 172 176 182 183 188 200 195 190 183 175 165 159 156 148 153 146 140 135 142 134 124 113 102 91 92 84 82 90 98 100 107 106 114 115 123 121 129 131 139 137 136 128 120 112 104 96 88 80 82 90 98 106 107 100 92 84 77 70 63 58 54 59 67 75 61 48 56 64 72 75 77 70 67 59 63 56 49 43 48 59 70 81 92 99 94 90 86 82 61 53 46 38 30 23 19 32 28 34
43 50 34 19 10 0 16 22 18 29 36 43 51 59 50 59 75 83 91 99 107 98 82 75 90 106 114 122 130 142 142 142 156 166 182 182 190 190 190 190 191 191 193 208 207 207 206 206 206 206 214 214 214 214 215 215 216 218 210 195 197 206 214 222 224 232 237 234 242 245 247 249 252 255 257 250 261 264 248 242 239 236 232 230 227 219 222 226 231 231 235 239 251 257 264 268 261 255 248 240 235 231 226 222 215 209 204 218 224 214 211 219 215 207 205 211 202 199 154 151 148 146 144 143 143 131 123 115 115 108 100 92 84 81 84 88 93 98 103 96 103 110 116 123 127 121 114 107 112 122 141 137 131 126 128 134 157 160 164 169 178 183 188 192 197 211 221 228 227 218 212 212 202 191 173 150 146 137 140 149 155 160 165 169 175 176 181 193 188 184 177 170 159 155 151 144 148 141 134 130 137 130 119 108 98 88 90 82 81 89 97 98 106 104 112 113 121 120 128 129 137 136 136 128 120 113 105 97 89 81 85 93 101 108 110 103 95 88 81 74 68 64 59 63 70 78 64 50 56 66 73 73 74 66 65 57 59 51 44 37 41 52 63 74 85 92 87 82 77 73 51 44 36 29 22 16 16 33 31 42
56 66 50 34 23 16 0 8 11 16 24 32 40 48 41 54 68 76 84 91 99 88 72 64 80 96 104 112 120 133 132 132 146 156 172 172 180 180 180 182 183 184 186 202 200 198 197 196 196 196 204 204 204 205 206 208 209 211 204 188 190 200 207 215 218 226 231 227 235 239 240 243 247 250 253 246 257 261 245 240 236 232 228 225 222 214 218 222 228 229 233 238 249 255 262 266 260 254 247 239 234 229 225 220 214 207 203 216 222 212 208 216 210 204 200 206 197 193 150 146 143 140 138 136 134 122 115 107 109 101 93 86 79 78 82 87 93 99 105 101 108 115 121 129 132 126 119 112 113 121 140 135 127 120 123 131 154 158 163 167 177 183 188 194 200 214 222 228 226 217 211 211 201 190 172 149 144 136 141 149 155 160 167 172 179 180 185 197 193 189 182 176 164 161 158 150 154 146 139 136 143 136 126 116 107 97 100 92 92 100 108 108 116 116 124 124 132 132 140 140 148 148 149 142 134 126 118 111 103 95 100 108 115 123 125 118 111 104 97 90 83 79 74 79 86 93 79 65 70 80 87 84 84 76 76 68 68 61 53 45 47 57 68 79 90 94 88 82 76 71 47 40 34 29 25 24 30 47 47 57
63 72 55 40 30 22 8 0 8 8 16 24 32 40 33 47 61 68 76 84 91 80 64 56 72 88 96 104 112 125 124 124 138 148 164 164 172 172 172 174 175 177 178 194 192 190 189 188 188 188 196 196 196 197 198 200 202 203 196 180 183 192 200 208 211 218 223 219 227 231 233 236 239 243 246 239 250 254 238 234 229 225 221 218 214 206 211 215 221 222 227 231 243 249 255 260 253 247 241 234 228 223 218 214 207 201 196 209 215 205 201 209 203 197 193 199 190 186 143 139 136 132 130 128 126 115 107 99 101 93 86 79 72 71 76 82 88 94 101 97 104 111 118 125 128 122 115 108 108 116 133 129 120 113 116 124 147 152 156 161 172 178 183 189 195 209 217 223 220 211 206 206 195 184 166 144 138 130 136 144 150 155 162 167 174 176 180 192 188 185 178 172 160 157 155 148 150 143 136 132 140 134 124 114 105 96 100 92 92 100 108 108 116 116 124 124 132 132 140 140 148 148 150 143 136 128 120 112 105 97 104 111 118 125 129 121 114 107 101 94 88 85 79 83 90 96 82 68 72 82 90 84 84 76 76 68 68 60 52 44 45 54 64 75 86 90 83 77 71 65 40 34 29 25 24 25 33 50 51 63
61 68 50 34 28 18 11 8 0 11 18 25 33 41 32 43 58 66 74 82 89 80 64 57 72 88 96 104 112 124 124 124 138 148 164 164 172 172 172 173 173 175 176 192 190 189 188 188 188 188 196 196 196 196 197 198 200 201 194 178 180 190 197 205 208 216 221 217 225 229 230 233 236 240 243 236 246 250 234 229 225 221 218 215 211 203 207 211 217 218 222 227 238 244 251 255 249 243 236 228 223 218 214 209 203 196 192 205 211 201 197 205 200 193 190 196 186 183 139 136 133 130 128 126 125 113 105 97 99 91 83 76 68 67 71 76 82 88 94 90 97 104 111 118 121 115 108 101 102 110 129 124 116 110 113 120 143 147 152 156 166 172 177 183 189 203 211 217 215 206 200 200 190 179 161 138 133 125 130 138 144 149 156 161 168 169 174 186 182 178 171 165 153 150 148 140 143 136 129 125 133 126 116 107 97 88 92 84 84 92 100 100 108 108 116 116 124 124 132 132 140 140 142 136 128 120 113 105 97 90 97 104 111 118 122 114 107 100 94 88 82 79 73 77 83 89 75 61 65 75 82 76 76 68 68 61 60 52 44 36 37 47 57 68 79 83 77 71 65 60 36 29 23 18 16 18 27 43 45 59
71 79 61 45 38 29 16 8 11 0 8 16 24 32 25 40 54 61 68 76 83 72 56 48 64 80 88 96 104 117 116 116 130 140 156 156 164 164 164 166 167 169 170 186 184 182 181 180 180 180 188 188 188 189 190 192 194 195 188 173 175 185 192 200 204 211 216 211 219 223 225 229 232 235 239 232 243 247 231 227 223 218 214 210 207 199 203 208 215 216 220 225 236 242 249 253 247 241 235 228 222 217 212 207 201 195 190 203 208 198 194 202 196 190 186 192 182 179 136 132 128 125 122 120 118 107 99 91 93 86 79 72 64 65 70 77 83 90 97 93 100 107 115 122 125 118 111 104 104 110 127 122 113 105 109 118 141 145 150 155 166 172 178 184 191 204 212 217 214 205 200 200 189 178 160 138 132 124 131 139 144 150 157 163 170 172 176 188 184 181 175 169 157 155 153 145 147 140 132 130 138 132 122 113 104 96 100 92 93 101 109 108 116 117 125 124 132 132 140 140 148 148 151 145 138 130 122 115 107 100 108 115 122 129 132 125 118 111 105 99 93 90 84 88 94 100 86 72 75 86 93 86 84 76 78 70 68 61 53 45 44 53 62 72 82 86 79 72 66 59 34 29 25 24 25 29 38 54 56 70
79 86 68 52 46 36 24 16 18 8 0 8 16 24 18 34 47 54 61 68 76 64 48 40 56 72 80 88 96 109 108 108 122 132 148 148 156 156 156 158 159 161 163 178 177 175 173 172 172 172 180 180 180 181 183 184 186 188 181 165 168 178 185 193 197 204 208 204 212 216 218 222 225 228 232 225 236 240 225 221 216 212 207 203 200 192 196 202 208 209 214 219 230 236 242 247 241 235 229 222 217 211 206 201 195 189 184 196 202 192 187 195 189 183 179 185 175 172 130 125 121 118 115 113 111 99 91 84 86 79 72 64 58 59 65 72 79 86 93 90 97 104 112 120 122 115 107 100 100 105 121 116 107 98 102 111 134 139 144 149 160 166 173 179 186 199 206 211 208 200 194 194 183 172 155 132 127 118 126 134 139 145 152 158 165 168 172 184 180 177 172 166 154 153 151 143 145 137 129 128 136 130 121 112 104 96 101 93 95 103 111 109 117 118 126 125 133 134 142 141 149 150 153 147 140 133 125 118 111 104 112 119 126 132 137 130 123 116 110 104 99 96 90 93 99 105 91 77 79 90 97 87 86 78 79 72 70 62 54 47 45 52 61 70 79 82 75 68 61 54 29 25 24 25 29 34 44 59 62 77
86 93 75 59 53 43 32 24 25 16 8 0 8 16 11 29 40 47 54 61 68 56 40 32 48 64 72 80 88 101 100 100 114 124 140 140 148 148 148 150 151 153 155 171 169 167 165 164 164 164 172 172 172 173 175 176 178 180 173 158 161 171 178 186 189 196 201 196 204 208 211 214 218 221 225 218 229 233 218 214 209 205 200 196 193 185 189 195 201 203 208 213 224 230 236 241 235 229 224 217 212 206 200 195 189 183 178 190 195 185 180 188 182 176 172 178 168 164 123 118 114 111 107 105 103 91 84 76 79 72 64 58 51 54 61 68 75 82 89 87 95 103 111 118 120 112 104 97 96 101 116 110 100 91 95 105 128 133 138 144 155 161 168 174 181 194 201 206 203 195 189 189 178 167 150 127 122 113 122 129 134 140 147 154 161 164 168 180 176 173 169 165 151 151 150 142 143 136 128 126 134 129 120 112 104 97 103 95 97 104 112 111 118 120 128 126 134 136 143 142 150 151 155 150 143 136 128 121 114 108 117 123 130 137 141 134 128 121 116 110 105 102 96 99 105 110 96 82 83 94 101 89 87 79 82 75 72 64 57 50 47 53 60 68 78 79 72 64 57 50 25 24 25 29 34 40 50 65 68 84
94 100 82 66 61 51 40 32 33 24 16 8 0 8 8 25 34 40 47 54 61 48 32 24 40 56 64 72 80 93 92 92 106 116 132 132 140 140 140 142 144 146 148 163 161 159 157 156 156 156 164 164 164 165 167 169 171 173 165 150 154 163 171 179 182 189 193 189 197 201 204 207 210 214 218 211 222 227 212 208 203 198 193 189 185 177 182 188 195 197 202 207 218 224 230 235 229 223 218 211 206 200 194 189 183 177 172 184 189 179 174 182 176 169 165 171 161 157 117 112 107 103 100 97 95 84 76 68 72 64 58 51 45 50 57 64 72 79 87 86 93 101 109 117 118 111 103 95 93 97 111 104 94 84 89 99 122 127 132 138 151 157 164 170 177 190 197 202 197 189 185 185 172 161 145 123 117 109 118 125 130 136 143 150 157 161 164 177 173 170 166 163 149 150 148 140 142 134 126 125 133 128 120 112 105 99 105 97 100 107 115 112 120 122 130 128 136 137 145 143 151 153 158 154 146 139 132 125 118 112 122 128 134 141 145 139 133 127 121 116 111 109 103 105 110 116 102 88 88 99 105 93 90 82 86 79 75 68 61 54 50 54 61 68 76 78 70 62 54 47 24 25 29 34 40 47 57 71 75 91
102 107 89 74 69 59 48 40 41 32 24 16 8 0 11 24 29 34 40 47 54 40 24 16 32 48 56 64 72 86 84 84 98 108 124 124 132 132 132 134 136 138 140 155 153 151 150 148 148 148 156 156 156 157 159 161 163 165 158 143 146 156 163 171 175 182 186 181 189 194 196 200 203 207 211 205 216 220 205 201 196 192 187 183 178 170 176 182 188 190 196 201 212 217 223 228 223 217 213 206 201 195 188 183 177 172 166 178 182 172 167 175 169 163 158 164 154 150 110 105 101 96 93 90 87 76 68 61 64 58 51 45 40 47 54 62 70 78 86 84 92 100 108 116 117 109 101 93 91 93 106 99 88 78 82 93 116 121 127 133 146 152 159 166 173 186 192 197 192 184 180 180 167 156 140 118 112 104 115 122 126 132 140 147 154 158 161 174 171 168 165 162 147 148 148 140 140 132 125 124 132 128 120 113 107 101 107 100 104 111 118 115 122 125 132 130 138 140 147 145 153 155 161 157 150 143 136 129 123 116 127 133 139 145 150 144 138 132 127 122 118 116 110 111 116 121 107 93 93 104 110 97 93 86 90 83 79 72 65 59 54 57 62 68 76 76 68 61 53 45 25 29 34 40 47 54 64 78 82 99
93 97 79 63 60 50 41 33 32 25 18 11 8 11 0 18 29 36 43 51 58 49 33 25 41 57 64 72 80 92 92 92 106 116 132 132 140 140 140 141 142 144 145 161 159 157 156 156 156 156 164 164 164 164 165 167 169 170 163 148 150 160 167 175 179 186 191 186 194 198 200 204 207 210 214 207 218 222 207 203 198 194 189 185 182 174 178 184 190 192 197 202 213 219 225 230 224 218 213 206 201 195 189 184 178 172 167 179 184 174 169 177 171 165 161 167 157 154 112 107 103 100 97 95 93 82 74 66 68 61 54 47 40 43 50 57 64 72 79 78 86 93 101 109 111 103 95 87 86 90 105 99 89 80 84 94 117 122 127 133 144 150 157 163 170 183 190 195 192 184 178 178 167 156 139 116 111 102 111 118 123 129 136 143 150 153 157 170 166 163 159 155 141 142 140 132 134 126 118 117 125 120 112 104 97 91 97 90 93 100 107 105 113 115 122 120 128 130 138 136 144 145 150 146 139 132 125 118 112 105 116 122 128 134 139 133 127 121 116 111 107 106 99 100 105 110 96 82 82 93 99 86 82 75 79 72 68 61 54 48 43 47 53 60 68 70 62 54 47 39 16 18 23 29 36 43 54 67 72 88
100 101 83 68 69 59 54 47 43 40 34 29 25 24 18 0 16 24 32 40 48 47 34 29 40 54 61 68 74 84 86 87 100 108 124 126 134 132 132 132 132 133 134 150 148 148 148 148 148 150 157 156 156 156 156 156 158 159 151 136 138 147 155 163 165 173 178 175 183 186 188 190 193 197 200 193 203 207 191 187 183 178 175 172 168 160 164 168 175 176 180 185 196 202 209 213 207 201 196 189 183 178 172 167 161 155 150 163 168 158 154 162 157 150 147 153 143 140 96 93 90 87 86 84 84 72 64 56 57 49 41 33 25 26 32 39 47 54 62 61 68 76 84 92 93 86 78 70 68 72 88 82 73 67 70 78 101 105 110 116 127 133 140 146 153 166 173 178 175 166 161 161 150 139 121 99 93 85 93 101 106 112 119 125 132 136 139 152 148 145 141 138 124 125 124 116 117 109 101 100 108 104 96 89 84 78 86 79 83 90 97 92 100 103 110 107 115 117 125 123 130 132 139 136 130 123 117 110 104 99 111 116 121 127 132 127 122 118 113 109 105 106 99 98 102 107 93 80 78 89 94 77 72 66 70 65 59 54 49 45 38 37 39 45 52 53 45 37 29 22 8 16 24 32 40 48 58 67 74 93
116 117 99 84 85 75 68 61 58 54 47 40 34 29 29 16 0 8 16 24 32 34 25 24 29 40 47 54 58 68 70 72 84 92 108 110 118 116 116 116 116 117 118 134 132 132 132 132 132 134 141 140 140 140 140 140 142 143 136 120 122 132 139 147 150 158 163 159 167 171 172 175 179 182 186 179 190 194 178 174 170 165 161 157 154 146 150 155 162 163 168 173 184 190 196 201 195 189 184 177 172 166 160 155 149 143 138 150 155 145 141 149 143 137 132 139 129 125 83 79 75 72 70 68 68 56 48 40 41 33 25 18 11 20 28 36 44 52 60 61 68 76 84 92 92 84 76 68 64 65 77 70 60 52 56 65 88 93 98 104 117 123 130 137 145 157 163 168 163 155 151 151 138 127 111 89 83 75 86 93 97 104 111 118 125 130 133 145 143 141 138 136 121 124 124 116 116 108 100 100 108 105 99 93 89 87 94 88 93 99 105 101 108 112 119 114 121 125 132 128 136 139 148 145 139 133 127 121 116 111 124 129 133 138 144 140 135 131 127 123 120 121 113 113 116 120 107 95 91 102 107 87 82 76 82 78 71 67 63 59 52 49 48 50 54 53 45 37 29 22 24 32 40 48 56 64 74 82 89 109
124 125 107 92 93 83 76 68 66 61 54 47 40 34 36 24 8 0 8 16 24 29 24 25 25 34 40 47 51 61 62 65 77 85 101 102 111 109 108 108 108 109 111 126 125 124 124 124 125 126 134 133 132 132 132 133 134 136 128 112 115 124 132 140 143 150 155 152 160 163 165 168 171 175 179 172 183 187 172 168 163 159 154 150 146 138 143 149 155 157 162 167 178 184 190 195 189 183 179 172 167 161 154 149 143 138 132 144 149 139 134 142 136 130 126 132 122 118 77 72 68 64 62 61 60 48 40 32 33 25 18 11 8 22 29 37 45 53 61 62 70 78 86 93 92 84 76 68 64 62 72 65 54 45 49 59 82 87 93 99 113 120 127 134 141 154 160 163 158 150 146 146 133 122 106 86 79 72 84 90 93 100 108 115 123 128 130 143 141 139 137 136 120 124 125 117 116 108 100 101 109 107 101 96 93 91 99 93 99 104 110 105 112 116 123 118 125 129 136 132 139 143 152 150 144 138 133 127 122 118 131 135 140 144 151 146 142 137 134 130 127 129 121 120 123 127 114 102 98 109 113 93 88 82 89 84 78 73 70 67 59 56 54 54 57 54 47 39 32 26 32 40 48 56 64 72 82 90 97 117
132 133 115 100 101 91 84 76 74 68 61 54 47 40 43 32 16 8 0 8 16 25 25 29 24 29 34 40 43 53 54 57 69 77 93 94 103 101 100 100 100 101 103 118 117 116 116 116 117 118 126 125 124 124 124 125 126 128 120 105 107 117 124 132 136 143 148 144 152 155 157 161 164 168 172 165 176 180 165 161 156 152 147 143 139 131 136 142 148 150 156 162 172 177 183 188 183 178 174 168 162 156 149 144 138 133 127 138 142 132 127 135 129 123 119 125 115 111 70 65 61 57 54 53 52 40 32 24 25 18 11 8 11 25 32 39 47 54 62 64 72 79 87 95 93 86 78 70 64 61 68 61 48 38 42 54 76 82 88 95 109 116 123 130 138 150 156 159 154 146 142 142 128 117 102 82 75 68 82 87 90 97 105 112 120 126 128 140 139 137 136 136 120 125 126 118 117 109 101 103 111 108 103 100 97 95 104 98 104 109 115 109 116 120 127 123 129 134 140 136 143 147 156 154 149 143 138 133 129 124 138 142 146 151 157 153 148 144 141 137 135 137 129 128 130 134 121 110 105 116 120 100 93 89 95 91 84 80 77 75 67 63 60 59 61 57 50 43 36 31 40 48 56 64 72 80 90 98 105 125
140 141 123 108 109 99 91 84 82 76 68 61 54 47 51 40 24 16 8 0 8 24 29 34 25 25 29 34 36 45 47 50 61 69 85 86 95 93 92 92 92 93 95 111 109 108 108 108 109 110 118 117 116 116 116 117 118 120 113 97 100 110 117 125 129 136 140 136 144 148 150 154 157 161 165 158 169 174 159 155 150 145 140 136 132 124 129 135 142 145 151 157 167 172 177 183 178 172 169 163 157 151 144 139 133 128 122 133 137 127 121 129 123 116 112 118 108 104 65 59 54 50 47 45 44 32 24 16 18 11 8 11 18 31 37 43 50 57 65 68 75 82 90 97 95 87 80 72 66 60 65 57 43 31 37 50 71 77 84 91 105 113 120 128 135 147 152 155 149 141 138 138 124 113 98 80 72 66 80 86 87 95 103 111 118 125 126 138 137 136 136 137 120 126 128 120 118 111 103 105 112 111 107 104 102 101 110 104 111 115 121 115 122 126 133 127 134 138 145 140 147 151 161 160 155 149 144 140 135 131 145 149 153 157 164 159 155 152 148 145 143 144 136 135 138 141 129 118 113 123 127 106 100 95 102 98 91 88 85 82 75 70 67 65 65 61 54 48 42 38 48 56 64 72 80 88 98 106 113 133
148 149 131 116 117 107 99 91 89 83 76 68 61 54 58 48 32 24 16 8 0 25 34 40 29 24 25 29 29 37 39 43 54 61 77 79 87 85 84 84 84 86 87 103 101 100 100 100 101 103 110 109 108 108 108 109 111 112 105 90 93 103 110 118 121 128 133 128 136 140 143 146 150 154 158 152 163 167 153 149 144 139 134 130 125 117 123 129 136 139 145 151 161 166 171 177 172 167 164 159 152 146 139 133 128 123 117 127 131 121 115 123 116 110 105 111 101 97 59 53 48 43 39 37 36 24 16 8 11 8 11 18 25 38 42 48 54 61 68 72 79 86 93 100 97 90 82 75 68 61 62 54 39 25 32 47 66 73 80 87 102 110 117 125 133 144 148 151 145 137 134 134 120 109 95 78 70 64 80 84 86 93 101 109 117 124 125 137 136 136 136 138 121 128 130 122 120 113 105 107 115 114 111 108 107 107 115 111 117 122 126 121 127 132 138 132 139 143 150 145 151 156 166 166 160 155 151 146 142 137 152 155 160 164 170 166 162 159 155 152 150 152 144 143 145 148 136 125 120 130 134 113 106 102 109 105 98 95 92 90 82 77 73 71 70 65 59 53 49 45 56 64 72 80 88 96 106 114 121 141
141 145 127 111 108 98 88 80 80 72 64 56 48 40 49 47 34 29 25 24 25 0 16 24 8 8 16 24 33 47 45 44 58 69 85 84 92 92 93 95 97 100 104 118 115 113 111 109 108 108 116 116 117 118 120 122 125 129 122 108 112 122 128 136 141 147 150 145 152 157 161 165 169 174 178 172 183 189 175 173 167 161 155 150 145 137 144 151 160 163 169 176 185 190 195 201 196 191 189 184 177 171 164 158 153 148 142 151 155 145 139 146 138 133 127 131 121 116 84 78 71 65 59 54 50 40 34 29 36 33 32 33 36 50 57 64 72 79 87 89 97 104 112 120 118 111 103 95 89 84 87 79 64 50 57 72 91 98 105 112 127 135 142 150 158 169 173 176 170 162 159 159 145 134 120 103 95 89 104 109 111 118 126 134 142 149 150 162 161 160 160 161 144 150 151 143 142 134 126 128 136 133 128 125 122 120 128 122 127 133 139 134 141 145 152 147 154 158 165 161 168 172 180 179 173 167 161 155 150 144 157 162 167 172 178 173 168 164 159 155 152 152 145 145 148 153 140 127 124 135 140 121 116 110 116 111 105 100 95 91 84 82 82 83 86 82 75 68 61 54 54 61 68 76 84 91 102 113 119 136
125 129 111 96 92 82 72 64 64 56 48 40 32 24 33 34 25 24 25 29 34 16 0 8 8 24 32 40 49 62 61 60 74 85 101 100 108 108 109 111 113 115 118 133 130 128 126 125 124 124 132 132 133 134 136 138 140 143 136 122 126 135 142 150 154 161 165 159 167 172 175 179 183 187 192 185 196 201 187 183 178 173 168 163 159 151 157 163 170 173 179 185 195 200 205 211 206 201 198 192 186 180 173 167 162 157 151 161 165 155 149 157 150 144 139 144 134 130 93 87 82 77 72 68 65 54 47 40 45 40 36 33 32 45 53 61 68 76 84 86 93 101 109 117 116 108 100 92 88 86 93 86 72 59 66 79 100 106 113 120 134 141 148 155 163 175 181 184 178 170 167 167 153 142 127 107 100 93 107 112 115 122 130 137 145 151 153 165 164 162 161 160 144 148 148 140 140 132 124 125 132 130 124 118 114 111 119 112 117 123 130 125 132 136 143 139 146 150 157 153 161 164 172 170 163 157 150 144 138 133 144 150 155 161 166 161 155 151 146 142 138 137 130 131 135 140 126 113 111 122 127 110 106 99 104 99 93 88 82 78 71 71 72 75 79 78 70 62 54 47 40 47 54 61 68 76 86 98 104 121
118 122 104 88 85 75 64 56 57 48 40 32 24 16 25 29 24 25 29 34 40 24 8 0 16 32 40 48 57 70 68 68 82 92 108 108 116 116 116 118 120 123 126 140 138 136 134 132 132 132 140 140 140 141 143 145 148 151 143 129 132 142 149 157 161 168 172 167 174 179 182 186 190 194 198 192 203 207 193 189 184 179 174 170 165 157 163 169 176 179 185 191 201 206 211 217 212 206 203 197 191 185 178 173 167 162 156 167 171 161 155 163 156 150 145 151 141 137 99 93 88 83 79 75 72 61 54 47 51 45 40 36 33 44 52 60 68 76 84 84 92 100 108 116 116 108 100 92 88 87 97 90 77 65 71 83 105 111 117 124 138 145 152 159 166 179 185 188 183 175 171 171 157 146 131 111 104 97 109 115 118 125 133 140 148 153 155 168 166 164 162 160 145 148 148 140 140 132 124 124 132 129 122 116 111 107 115 108 112 119 126 121 129 132 139 136 143 146 154 150 158 161 168 165 158 152 145 139 133 127 138 144 150 155 161 155 149 144 140 135 131 130 123 124 129 133 120 107 105 116 121 105 101 94 99 93 88 82 76 71 65 66 68 72 78 76 68 61 53 45 34 40 47 54 61 68 79 91 97 113
133 137 119 104 100 90 80 72 72 64 56 48 40 32 41 40 29 25 24 25 29 8 8 16 0 16 24 32 41 54 53 52 66 77 93 92 100 100 101 103 105 108 111 125 122 120 118 117 116 116 124 124 125 126 128 130 133 136 129 115 119 129 135 143 148 154 157 152 159 164 168 172 176 181 185 179 190 195 181 178 172 167 162 157 152 144 151 157 165 168 174 180 190 195 200 206 201 196 193 188 181 175 168 162 157 152 146 156 160 150 144 151 144 138 133 138 128 123 88 82 76 71 66 61 57 47 40 34 40 36 33 32 33 47 54 62 70 78 86 87 95 103 111 118 117 109 101 93 88 84 90 82 68 54 61 75 95 102 109 116 130 138 145 153 160 172 177 180 174 166 163 163 149 138 123 105 97 91 105 111 112 120 128 136 143 150 151 163 162 161 160 160 144 149 150 142 141 133 125 126 134 132 126 121 118 115 123 117 122 128 134 129 137 140 147 143 150 154 161 157 164 168 176 174 168 162 156 150 144 138 151 156 161 167 172 167 162 157 153 148 145 145 138 138 142 146 133 120 118 129 134 116 111 105 110 105 99 94 89 84 78 76 77 79 82 79 72 64 57 50 47 54 61 68 76 84 94 106 111 129
149 152 134 119 116 106 96 88 88 80 72 64 56 48 57 54 40 34 29 25 24 8 24 32 16 0 8 16 25 39 37 36 50 61 77 76 84 84 85 87 90 93 97 111 107 105 103 101 100 100 108 108 109 110 112 115 118 121 114 101 105 115 122 130 134 141 143 137 145 150 154 158 163 167 172 166 177 184 170 167 161 156 150 144 139 131 139 146 154 158 164 171 180 185 189 196 191 186 184 180 173 166 159 153 148 144 137 146 150 140 134 140 133 128 122 126 116 110 80 73 67 60 54 48 43 34 29 25 33 32 33 36 40 54 61 68 75 82 90 93 100 107 115 122 120 112 105 97 91 84 86 78 62 47 54 70 88 95 102 110 125 133 140 148 156 166 170 174 166 159 156 156 141 131 117 101 93 88 104 108 109 117 125 133 141 148 149 161 160 160 160 161 145 151 153 145 143 136 128 130 137 136 132 129 126 124 133 127 132 138 144 138 145 149 156 152 158 163 169 165 172 176 185 183 178 172 166 161 156 151 164 169 173 178 184 180 175 171 166 162 159 159 152 152 155 160 147 134 131 142 146 127 121 116 122 118 111 107 102 98 91 89 88 88 90 86 79 72 65 59 61 68 76 84 91 99 109 120 126 144
157 160 142 127 124 114 104 96 96 88 80 72 64 56 64 61 47 40 34 29 25 16 32 40 24 8 0 8 18 32 29 28 42 53 69 68 76 76 77 80 82 86 90 104 100 97 95 93 92 92 100 100 101 102 105 107 111 114 107 94 99 109 115 123 128 134 136 130 138 143 147 152 156 161 167 161 172 178 164 162 156 150 144 139 133 126 133 140 149 153 160 167 175 180 184 191 186 182 181 177 170 163 156 149 145 141 134 142 145 135 129 135 127 122 116 120 110 105 77 70 63 56 49 43 37 29 25 24 32 33 36 40 45 59 66 72 79 86 93 97 104 111 118 125 122 115 107 100 93 86 84 76 61 45 53 68 84 92 100 107 123 131 139 147 154 164 168 170 163 156 152 152 138 127 115 100 92 88 104 108 108 116 124 132 140 148 148 160 160 160 161 163 146 153 155 147 145 138 130 132 140 139 136 133 131 129 138 132 138 143 149 143 150 154 161 156 163 167 174 169 176 180 190 188 183 177 172 167 162 157 170 175 180 184 191 186 181 177 173 170 166 166 159 159 162 167 154 141 138 149 153 133 127 122 129 124 118 113 109 106 98 95 94 93 94 90 83 77 70 65 68 76 84 91 99 107 117 127 134 152
165 168 150 135 132 122 112 104 104 96 88 80 72 64 72 68 54 47 40 34 29 24 40 48 32 16 8 0 11 25 22 20 34 46 61 60 68 68 70 72 75 79 83 97 93 90 87 85 84 84 92 92 93 95 97 100 104 107 100 87 93 103 108 116 121 127 129 123 131 136 140 145 149 155 161 155 166 172 159 157 151 145 138 133 127 120 127 135 144 149 156 163 171 175 179 186 182 178 177 173 166 159 152 145 141 138 131 138 140 131 124 130 122 118 111 114 105 99 74 67 59 52 45 38 31 25 24 25 33 36 40 45 51 65 71 77 83 90 97 101 108 115 122 129 125 118 111 104 97 87 84 76 60 44 52 68 82 90 98 106 122 130 137 145 153 163 165 168 159 153 150 150 135 125 114 100 92 88 105 108 108 116 124 132 140 148 148 160 160 160 162 164 147 155 158 150 148 140 133 136 143 143 140 137 136 135 144 138 144 149 155 149 156 160 167 161 168 172 179 174 180 185 195 194 189 183 178 173 169 164 177 182 186 191 197 193 188 184 180 177 173 174 167 166 170 174 161 148 145 156 160 140 133 129 135 131 124 120 116 113 106 102 100 99 99 94 88 82 76 71 76 84 91 99 107 115 125 135 142 160
172 174 156 141 140 130 120 112 112 104 96 88 80 72 80 74 58 51 43 36 29 33 49 57 41 25 18 11 0 14 12 14 26 36 52 52 60 60 60 62 65 68 72 86 82 80 78 76 76 76 84 84 84 85 87 90 93 96 89 76 82 92 97 105 110 116 118 112 120 125 129 134 138 144 150 144 155 161 148 146 140 134 127 122 116 109 116 124 133 138 145 152 160 164 168 175 171 167 166 163 156 149 141 134 131 128 120 127 129 120 113 119 111 107 100 103 94 88 65 57 49 42 34 27 20 16 18 23 29 34 40 47 54 67 71 76 82 88 94 99 105 112 118 125 122 115 107 101 93 82 76 68 53 37 45 61 73 81 89 97 113 121 129 137 144 154 156 158 149 143 140 140 125 115 105 92 84 82 99 101 100 108 116 124 132 140 140 152 152 153 155 159 142 150 154 146 143 136 129 132 140 139 137 136 135 136 144 140 146 151 155 149 155 160 166 160 167 171 178 173 179 184 194 194 189 184 180 175 171 166 180 184 188 193 199 195 191 187 184 180 178 179 171 171 173 177 164 153 148 159 162 142 135 131 137 134 127 123 120 117 110 106 102 100 98 93 87 82 78 73 82 89 97 105 113 121 131 140 147 166
184 185 167 152 152 142 133 125 124 117 109 101 93 86 92 84 68 61 53 45 37 47 62 70 54 39 32 25 14 0 8 16 18 24 40 42 51 48 48 49 51 54 58 72 68 66 64 64 64 66 73 72 72 72 74 76 79 82 75 62 68 78 83 91 96 102 104 98 106 111 115 120 124 130 136 130 141 147 134 133 126 120 113 108 102 95 102 110 120 125 132 139 147 151 155 162 157 154 154 152 144 137 129 122 119 116 109 115 116 107 100 106 98 93 87 90 80 74 56 48 40 32 24 16 8 14 22 29 32 39 47 54 62 73 77 81 85 90 96 101 107 113 118 125 121 114 107 102 93 81 71 63 48 34 41 56 64 72 80 88 104 112 120 128 136 144 146 148 138 132 130 130 115 105 96 86 79 77 95 96 94 102 110 118 126 135 134 145 146 147 150 155 138 148 152 145 141 134 127 132 138 139 138 138 139 140 149 145 151 156 160 154 158 165 169 163 169 174 180 175 180 186 197 198 194 189 185 180 176 173 188 191 194 198 205 201 198 195 191 188 187 189 181 179 181 184 172 162 156 166 170 148 141 137 145 141 134 131 129 127 119 113 109 105 103 96 92 87 84 81 92 100 108 116 124 132 142 150 157 177
184 186 168 153 152 142 132 124 124 116 108 100 92 84 92 86 70 62 54 47 39 45 61 68 53 37 29 22 12 8 0 8 15 24 40 40 49 48 48 51 54 58 62 75 72 68 66 64 64 64 72 72 72 73 76 79 82 86 80 68 74 84 89 96 102 107 109 102 109 115 120 124 130 136 142 136 147 154 140 140 133 126 120 114 108 101 109 117 127 132 139 147 154 157 162 168 164 161 161 159 151 144 137 129 126 124 116 122 123 115 107 113 104 100 93 96 87 80 64 56 48 40 32 24 16 20 26 32 37 43 50 57 64 77 81 86 91 96 102 107 113 119 125 132 128 121 114 108 100 88 79 71 56 41 48 63 72 80 88 96 112 120 128 136 144 152 154 155 145 140 138 138 122 113 104 94 86 85 102 104 102 110 118 126 134 143 141 153 154 155 158 162 145 155 159 152 148 141 134 139 145 146 145 144 144 145 154 150 156 161 165 159 164 170 175 169 175 180 186 181 187 192 203 204 199 194 189 185 181 176 191 194 199 203 209 205 201 198 194 191 189 191 183 182 184 187 175 164 159 169 173 152 145 141 148 144 137 134 131 129 121 116 112 110 108 102 97 92 88 84 93 101 109 117 125 133 143 152 159 178
185 187 169 154 152 142 132 124 124 116 108 100 92 84 92 87 72 65 57 50 43 44 60 68 52 36 28 20 14 16 8 0 15 27 42 40 48 49 51 54 58 62 68 80 75 72 68 66 64 64 72 72 74 76 79 82 86 91 85 74 80 90 95 102 108 113 113 106 113 120 124 130 136 142 148 142 153 160 147 147 140 133 126 120 114 107 115 124 134 139 146 154 161 164 168 175 171 168 169 167 159 152 144 137 134 132 124 129 130 122 115 120 111 107 100 103 93 87 72 64 56 48 40 32 24 27 31 37 42 48 54 61 68 81 85 90 96 101 108 112 119 125 131 138 134 128 120 114 106 95 86 79 63 48 56 71 80 88 96 104 120 128 136 144 152 160 162 163 153 148 146 146 130 121 112 102 94 92 110 111 110 118 126 134 141 150 149 161 161 163 165 170 153 163 166 159 155 148 141 145 152 152 151 149 149 150 158 154 160 165 169 163 169 174 180 174 180 185 191 186 192 197 208 208 203 198 194 189 185 180 194 198 202 207 213 209 205 201 198 194 192 193 185 185 187 191 178 167 162 173 176 156 149 145 151 148 141 137 134 131 124 120 116 114 112 107 101 96 92 87 95 103 111 118 126 134 144 154 161 179
198 200 182 167 166 156 146 138 138 130 122 114 106 98 106 100 84 77 69 61 54 58 74 82 66 50 42 34 26 18 15 15 0 13 27 26 34 34 36 39 44 50 56 67 62 57 54 51 50 50 58 58 59 61 64 68 73 78 72 62 69 78 83 89 96 100 100 93 99 106 111 117 123 129 136 131 142 148 137 137 130 123 116 109 102 96 105 114 124 130 137 145 151 155 158 165 162 159 161 160 152 144 136 129 127 125 117 121 121 113 106 110 101 98 91 92 83 76 69 62 54 46 39 31 24 32 39 47 50 57 64 72 79 91 95 99 103 108 114 119 125 131 136 143 138 132 125 120 111 98 87 79 65 52 58 72 77 85 93 101 117 125 133 141 149 156 156 157 146 141 140 140 124 116 109 102 94 93 111 112 109 117 125 132 140 150 148 158 160 162 166 171 154 165 169 162 158 151 145 149 156 157 156 156 157 158 167 163 169 174 178 172 176 183 187 181 187 192 198 193 198 204 215 216 212 207 203 198 194 191 205 209 212 216 223 219 216 212 209 206 204 205 197 196 199 202 190 179 174 184 187 166 159 155 162 159 152 149 146 143 136 131 127 123 121 114 110 105 102 98 108 115 123 131 139 147 157 166 173 192
208 209 191 176 176 166 156 148 148 140 132 124 116 108 116 108 92 85 77 69 61 69 85 92 77 61 53 46 36 24 24 27 13 0 16 18 27 24 24 27 31 37 43 54 49 45 42 40 40 42 49 48 48 49 52 56 60 65 59 50 57 66 70 77 83 88 88 80 87 93 99 104 110 117 123 118 129 136 125 125 118 111 104 97 90 84 93 102 113 119 126 134 140 143 146 153 150 148 150 150 142 134 126 118 117 116 108 111 110 103 95 99 90 87 80 80 72 65 65 57 50 43 37 31 27 38 46 53 56 63 71 78 86 97 100 104 108 112 116 123 127 132 138 144 139 133 127 121 113 99 84 77 65 54 59 71 72 80 87 95 111 118 126 134 142 148 148 148 137 132 132 132 116 108 103 98 91 91 109 109 105 113 120 128 135 145 143 153 155 158 162 169 152 163 168 161 157 150 145 150 156 158 158 158 161 163 172 168 175 179 182 176 180 187 191 185 189 196 200 194 200 205 218 220 216 211 207 204 200 197 211 215 218 222 228 225 222 218 215 212 211 213 205 203 205 208 196 186 180 190 193 172 164 161 168 165 158 155 153 151 143 137 133 129 126 118 115 111 108 105 116 124 132 140 148 156 166 174 181 201
224 225 207 192 192 182 172 164 164 156 148 140 132 124 132 124 108 101 93 85 77 85 101 108 93 77 69 61 52 40 40 42 27 16 0 8 14 9 9 14 22 29 37 43 37 31 27 24 24 27 34 32 32 34 38 42 48 54 50 45 53 60 63 68 75 78 76 68 73 82 87 94 101 107 114 111 121 129 119 120 112 105 97 90 82 78 87 97 109 115 123 131 136 137 140 148 145 144 147 148 140 132 124 116 116 116 108 108 107 100 92 95 86 84 76 76 68 61 72 66 59 54 49 45 42 53 61 69 71 78 86 94 102 112 115 118 122 126 130 136 141 145 150 155 149 144 139 134 126 111 93 87 77 68 72 82 79 86 93 100 115 123 130 138 146 151 149 148 136 132 133 133 117 111 108 106 100 101 119 117 113 120 127 134 141 152 148 158 161 164 170 177 160 173 178 171 167 160 155 160 166 169 170 172 174 177 186 182 190 193 196 190 194 200 205 198 203 209 214 207 212 218 232 234 229 225 221 218 215 211 226 229 232 236 243 240 236 233 230 227 226 229 221 219 220 223 211 201 195 205 208 186 179 176 183 180 173 170 168 167 159 153 148 143 140 132 129 126 123 120 132 140 148 156 164 172 182 190 197 217
224 226 208 193 192 182 172 164 164 156 148 140 132 124 132 126 110 102 94 86 79 84 100 108 92 76 68 60 52 42 40 40 26 18 8 0 9 9 14 22 29 37 45 50 43 37 31 27 24 24 32 32 34 38 42 48 54 61 57 53 61 68 70 75 82 86 83 73 79 87 94 101 107 114 121 118 129 136 126 128 120 112 105 97 90 85 95 105 116 123 131 139 143 145 148 155 153 151 155 156 148 140 132 124 124 124 116 116 115 108 100 103 93 92 84 84 76 68 79 72 66 59 54 49 45 56 63 71 74 81 88 96 104 115 118 122 126 130 134 141 145 150 155 160 155 149 144 139 131 116 100 93 82 72 77 87 86 93 100 108 123 130 138 146 153 158 157 156 144 140 141 141 125 118 115 113 106 107 125 124 120 127 134 141 148 159 156 166 168 171 177 184 167 179 184 177 173 166 161 166 172 174 175 176 179 181 190 186 193 196 200 194 198 205 209 203 207 214 218 212 217 223 236 238 234 229 225 221 218 215 229 233 236 239 246 243 240 236 233 230 228 230 222 221 223 226 214 203 198 208 211 190 182 179 186 183 176 173 170 168 161 155 151 147 143 136 132 129 126 122 133 141 149 157 165 173 183 192 199 218
232 234 216 201 200 190 180 172 172 164 156 148 140 132 140 134 118 111 103 95 87 92 108 116 100 84 76 68 60 51 49 48 34 27 14 9 0 8 16 24 32 40 48 51 43 36 29 23 18 16 24 25 29 34 40 47 54 61 58 56 64 70 72 76 83 86 82 72 77 86 93 100 107 115 122 119 129 137 128 130 122 114 107 99 91 87 97 107 119 126 134 142 146 147 149 157 155 153 158 160 152 144 136 128 128 129 121 120 118 112 104 106 96 96 88 86 80 72 86 80 73 68 62 58 54 65 72 80 82 90 97 105 112 124 127 131 134 139 143 149 154 158 163 169 163 158 152 147 139 124 107 101 90 81 85 96 93 100 107 114 129 137 144 152 159 164 162 161 148 145 146 146 130 124 122 120 114 115 133 131 127 134 141 148 155 166 162 172 175 178 184 191 174 187 192 185 181 174 169 174 180 183 183 185 187 190 198 195 202 205 209 203 207 213 218 211 216 222 227 220 225 231 245 247 242 238 234 230 227 223 238 241 244 248 255 252 248 245 242 239 237 239 231 230 232 235 223 212 207 217 220 198 191 188 195 192 184 182 179 177 169 164 159 155 152 145 141 138 134 131 142 149 157 165 173 181 191 200 207 226
232 233 215 200 200 190 180 172 172 164 156 148 140 132 140 132 116 109 101 93 85 92 108 116 100 84 76 68 60 48 48 49 34 24 9 9 8 0 8 16 24 32 40 43 36 29 23 18 16 18 25 24 25 29 34 40 47 54 51 48 56 63 64 68 76 79 75 66 71 80 86 93 100 107 115 111 122 129 120 122 114 107 99 91 84 80 89 99 111 118 126 134 138 139 142 149 147 146 150 152 144 136 128 120 120 121 113 112 110 104 96 98 88 88 80 78 72 64 80 74 68 62 58 54 51 62 70 77 80 87 95 102 110 121 124 127 131 134 139 145 149 154 158 163 158 152 147 143 134 119 102 96 85 77 81 90 87 93 100 107 122 129 137 144 152 156 154 153 140 137 138 138 122 116 115 114 108 110 128 125 121 127 134 141 148 159 155 165 168 171 177 185 168 182 187 180 176 169 164 169 175 177 178 180 183 186 195 191 198 202 205 198 203 209 213 207 211 218 222 216 220 227 240 242 238 234 230 227 223 220 235 238 241 245 252 248 245 242 239 236 235 237 229 227 229 232 220 210 204 214 217 195 188 185 192 189 182 179 177 175 167 161 157 152 148 141 138 134 132 129 140 148 156 164 172 180 190 198 205 225
232 232 214 200 200 190 180 172 172 164 156 148 140 132 140 132 116 108 100 92 84 93 109 116 101 85 77 70 60 48 48 51 36 24 9 14 16 8 0 8 16 24 32 36 29 23 18 16 18 23 29 25 24 25 29 34 40 47 43 40 48 55 56 61 68 72 69 59 65 73 80 87 93 100 107 104 115 122 112 114 107 99 91 83 76 72 82 91 103 110 118 126 130 132 134 141 139 138 142 144 136 128 120 112 112 113 105 104 102 96 88 90 80 80 72 70 64 56 74 68 62 58 54 51 49 61 68 76 78 86 93 101 109 119 121 124 127 131 134 141 145 149 154 158 152 147 143 139 130 114 96 90 81 74 77 85 80 87 93 100 115 122 129 137 144 148 146 145 132 129 130 130 115 109 107 108 102 104 122 119 114 121 127 134 141 152 148 158 161 164 170 178 162 176 181 174 170 163 158 163 169 172 174 176 179 182 191 188 195 198 202 195 198 205 209 203 207 213 218 211 216 222 236 238 234 230 227 223 220 217 232 235 238 241 248 245 242 239 237 234 233 236 228 226 227 230 218 208 202 212 214 192 185 182 189 187 179 177 175 174 166 160 154 149 145 138 134 132 129 127 140 148 156 164 172 180 190 198 205 224
