260
0 345 747 709 299 497 119 509 571 666 791 657 633 731 449 375 630 189 477 732 802 223 380 711 174 556 634 453 425 409 754 145 111 363 489 633 556 690 541 586 364 537 140 639 710 239 363 495 705 507 523 354 518 273 497 322 728 540 611 541 426 485 679 271 461 148 451 764 233 426 153 433 60 598 741 532 423 238 249 542 151 129 464 574 426 109 611 310 486 473 606 377 620 663 647 763 168 463 812 419 705 172 344 648 291 673 322 652 283 261 738 536 261 625 217 285 490 689 666 147 302 478 88 214 665 193 337 403 441 468 611 316 718 656 407 411 374 375 216 233 177 344 293 494 387 145 180 476 403 609 344 442 528 546 265 297 399 314 50 630 266 111 602 542 638 84 503 152 453 306 404 221 396 655 442 618 264 809 335 468 642 804 454 594 206 354 606 481 599 758 266 630 595 207 875 115 710 778 378 488 766 350 480 596 566 340 246 153 847 328 208 680 310 28 467 474 278 449 278 368 494 625 453 372 374 153 391 125 555 161 339 270 250 126 203 589 377 400 459 45 368 221 360 265 676 180 284 251 464 542 369 224 408 178 642 651 224 654 477 540
345 0 827 420 168 731 340 853 773 395 533 821 583 809 765 270 572 429 735 802 527 260 723 464 344 373 721 355 436 716 823 409 287 210 832 321 366 826 780 823 531 703 465 461 830 569 705 289 785 518 710 475 800 232 531 165 777 683 696 771 770 388 806 236 630 391 669 893 338 705 213 675 394 740 834 489 436 525 401 586 213 233 311 671 740 435 738 652 272 610 644 107 348 433 758 535 379 604 869 185 875 441 397 478 613 373 270 508 503 604 488 874 410 311 529 529 687 873 664 466 463 138 259 410 526 530 274 602 338 805 596 254 724 818 63 587 278 297 541 563 218 688 520 815 552 341 367 433 635 611 225 780 386 747 341 594 64 478 366 344 467 404 365 883 537 325 556 487 723 378 365 562 120 525 121 454 456 897 661 593 792 536 798 365 458 550 718 323 774 557 580 381 781 381 985 356 573 510 375 757 806 237 665 779 708 399 589 418 938 629 551 386 417 343 812 815 154 292 621 312 565 330 690 449 76 494 248 224 891 461 223 346 592 251 531 710 721 534 116 305 162 518 62 534 652 524 459 563 143 265 193 182 397 211 449 772 447 536 290 630
747 827 0 797 932 393 863 878 305 742 753 202 321 19 637 563 339 563 451 33 800 928 867 703 581 577 114 1136 392 595 28 886 667 1001 848 832 587 134 395 392 387 252 834 556 95 672 767 625 44 314 293 396 520 953 297 663 81 224 138 375 823 1171 118 954 308 600 375 128 968 509 705 424 783 182 29 367 1151 574 501 242 816 809 563 173 621 817 154 751 640 277 189 743 736 656 111 675 914 288 79 1006 219 906 1078 541 927 816 558 492 480 755 714 794 489 834 624 497 323 255 217 849 1048 857 743 533 482 700 1023 376 512 756 270 997 179 199 864 351 1048 534 659 671 671 840 478 671 366 888 925 1188 418 243 999 760 520 308 518 574 820 433 700 767 1010 847 665 831 415 670 273 693 484 472 1111 823 946 465 801 532 1009 70 659 279 177 784 832 650 556 410 146 562 239 613 621 689 263 542 164 861 475 772 1096 477 96 1010 311 257 203 442 818 602 111 576 800 801 1052 774 856 795 906 576 755 1062 268 786 409 1113 902 795 594 782 785 878 994 1001 822 686 862 166 820 347 899 766 678 597 886 536 256 747 463 922 806 733 992 673 431 851 583 120 529 442 605 210
709 420 797 0 584 901 742 1184 897 58 131 890 477 779 1031 375 459 696 930 765 110 680 1075 109 612 235 727 737 496 974 780 810 610 607 1158 114 227 861 944 978 691 803 846 242 846 879 1028 238 765 523 832 619 1013 650 556 388 721 764 708 927 1100 763 836 655 757 678 834 907 757 929 557 864 767 804 817 447 843 797 617 594 614 631 301 706 1004 814 785 979 239 709 620 341 92 142 781 179 789 709 801 547 940 843 814 260 998 56 432 310 723 940 116 1174 618 125 823 760 825 955 582 850 883 304 626 654 324 856 684 767 357 1106 528 667 632 886 386 734 677 396 849 873 534 1037 740 1084 702 749 780 824 823 558 630 1087 297 875 541 860 358 661 708 80 884 796 144 1193 385 652 588 815 934 544 767 926 488 338 300 265 873 859 953 687 852 122 1125 159 722 731 753 290 866 238 868 114 884 626 958 757 348 100 785 960 731 641 796 879 780 536 948 707 897 892 909 37 837 718 1144 1127 573 304 954 717 613 90 871 866 460 859 343 611 1184 854 629 766 951 585 911 758 1059 663 366 680 341 801 458 786 547 869 660 954 279 168 586 485 464 622 215 803 693 361 264 671
299 168 932 584 0 767 237 786 827 562 700 893 722 915 747 405 713 448 758 911 692 117 646 632 380 535 821 207 549 706 932 300 298 71 770 479 529 910 815 860 591 771 379 624 921 537 652 452 889 636 769 550 809 69 642 299 891 760 796 810 708 242 893 74 694 404 712 981 189 715 237 706 327 820 935 622 269 525 456 697 150 171 464 766 724 354 824 600 436 687 759 270 515 601 850 703 257 679 983 123 945 327 230 641 510 534 386 667 537 549 656 828 467 469 513 553 740 937 792 374 309 286 233 446 684 490 108 652 479 762 726 86 851 891 200 646 120 426 514 531 265 615 552 792 614 227 239 274 670 736 68 734 540 801 418 590 227 536 339 510 324 311 533 830 687 322 662 450 738 463 201 485 123 682 286 615 312 1001 633 674 869 701 736 532 474 599 809 478 840 724 563 549 842 423 1082 255 731 676 208 774 925 79 723 841 787 491 515 423 1042 623 480 549 257 284 746 763 27 445 566 147 665 494 724 282 130 422 392 184 848 359 64 187 517 266 439 797 656 608 235 254 315 512 128 545 786 469 510 456 306 433 71 260 514 122 614 861 475 690 449 726
497 731 393 901 767 0 610 486 98 844 914 213 527 387 244 545 539 320 59 400 950 716 489 841 393 670 320 946 406 206 415 607 470 837 457 885 677 274 49 93 214 151 529 702 312 327 386 670 367 406 106 285 137 760 371 598 428 195 314 45 435 979 281 759 152 365 67 337 728 121 537 64 508 213 371 484 917 263 331 361 621 605 603 282 230 525 245 381 675 208 387 690 815 785 288 850 649 204 471 874 242 616 837 697 581 895 502 665 232 398 862 403 324 882 301 216 89 214 473 545 771 820 537 325 666 370 828 137 545 363 469 805 487 214 787 167 863 517 327 329 519 467 216 280 200 636 666 972 98 442 825 369 609 87 400 226 755 259 447 841 723 568 758 439 601 448 344 383 93 375 899 483 830 648 765 673 727 428 284 229 222 940 442 743 296 184 268 612 159 806 275 789 139 352 452 602 687 920 873 87 467 833 116 144 202 372 469 349 452 212 463 889 795 522 466 403 742 603 394 862 315 851 44 859 793 478 582 586 395 577 819 764 472 503 536 246 440 239 836 533 637 285 776 232 511 418 274 591 780 772 837 550 437 655 723 274 293 630 643 287
119 340 863 742 237 610 0 551 688 706 838 776 731 847 537 448 727 308 587 848 843 132 410 761 284 622 749 352 527 504 870 69 206 288 536 654 619 808 654 698 482 656 143 708 828 326 422 551 820 612 640 469 620 190 605 372 841 658 726 654 474 381 797 186 579 266 567 882 118 532 209 547 108 716 858 628 307 349 363 652 130 112 532 690 517 120 729 372 539 591 717 402 659 718 764 821 56 581 926 358 823 102 227 720 277 701 402 731 401 321 788 599 375 645 320 401 607 807 773 138 189 477 140 330 746 276 242 521 521 535 715 226 826 774 396 530 282 455 309 321 245 379 410 577 505 27 63 365 519 715 263 507 603 663 367 401 401 431 168 663 162 74 653 598 726 194 613 243 560 411 295 249 354 738 454 691 157 926 420 585 760 848 503 647 324 472 723 549 717 824 364 678 712 321 993 18 792 822 265 596 879 266 598 713 684 445 280 271 964 430 246 711 191 92 511 533 225 515 338 267 606 655 567 254 344 190 456 134 621 125 259 155 282 202 203 707 422 516 444 99 412 329 334 379 780 245 401 225 476 576 300 281 505 131 707 769 342 739 537 655
509 853 878 1184 786 486 551 0 580 1134 1242 694 947 871 243 814 954 493 428 883 1264 682 145 1162 573 989 796 878 763 285 899 496 583 838 31 1125 993 758 492 512 575 629 408 1053 797 306 156 951 850 808 587 630 372 740 779 802 907 667 785 510 85 900 766 736 594 506 509 817 640 370 650 459 464 697 857 872 783 399 582 794 653 630 900 748 258 433 727 206 947 647 840 874 1093 1108 771 1197 547 638 956 908 711 477 713 1056 311 1157 756 1041 497 250 1187 114 586 1118 364 460 559 676 924 415 597 984 595 539 1048 330 783 534 856 124 899 771 952 696 915 572 823 799 336 312 661 173 485 218 582 566 568 859 476 880 813 120 942 572 653 351 905 572 491 1108 547 477 1058 81 996 540 763 374 394 665 809 302 897 1032 944 1027 558 913 247 661 707 1261 59 1046 470 531 746 915 644 1172 325 1088 622 563 927 533 1082 1237 770 405 947 814 577 628 681 686 272 478 935 330 308 1160 654 513 42 84 772 890 234 799 738 1108 471 703 880 365 843 632 139 436 808 670 270 614 354 724 132 625 967 550 850 389 867 423 954 329 557 361 965 1022 850 710 773 671 1066 759 504 1022 927 739
571 773 305 897 827 98 688 580 0 839 896 116 485 302 338 561 499 386 154 316 935 786 587 827 447 662 248 1013 403 303 329 690 530 897 551 893 671 180 91 96 243 97 617 683 218 421 484 675 284 381 67 304 216 826 347 628 350 142 248 71 531 1047 189 826 148 431 121 240 804 219 592 151 589 135 281 461 993 346 376 322 685 671 606 224 325 610 167 479 682 188 334 720 816 772 206 827 729 189 382 927 145 702 914 675 677 897 525 638 293 494 846 491 366 892 389 287 87 121 416 633 855 849 602 381 636 461 895 176 547 457 425 871 420 117 826 187 928 531 417 422 569 565 280 368 223 714 746 1046 170 395 887 464 600 27 434 318 790 297 521 843 809 650 754 528 568 514 316 469 189 401 971 577 878 617 793 654 812 334 382 211 129 924 537 738 366 229 197 613 67 778 368 783 43 405 354 680 651 906 947 176 386 896 110 49 137 390 565 420 356 308 557 889 876 597 561 497 801 610 491 931 288 855 131 939 839 568 598 649 481 665 882 840 568 561 628 178 537 248 872 604 663 369 823 312 457 510 319 684 805 781 895 593 439 720 706 189 355 598 649 242
666 395 742 58 562 844 706 1134 839 0 138 832 424 725 977 322 406 644 873 711 137 652 1028 81 562 178 671 726 439 920 726 773 565 592 1108 124 169 805 886 920 635 746 804 190 790 829 978 185 710 466 775 563 957 626 498 344 667 706 651 870 1050 755 779 631 699 628 777 851 729 873 515 807 725 746 761 390 826 744 564 537 580 595 245 648 950 772 728 930 187 651 564 307 48 93 724 158 755 651 748 536 882 806 792 209 956 80 380 260 669 891 100 1121 563 133 772 706 767 898 529 809 854 292 586 602 274 808 665 710 301 1054 473 646 579 828 369 677 662 342 799 823 490 990 685 1030 645 715 747 811 767 502 613 1036 240 817 488 807 336 605 662 58 852 757 86 1141 333 606 530 767 878 489 752 881 475 288 277 212 842 805 901 629 795 142 1075 102 670 675 696 233 808 207 816 56 826 574 904 720 303 116 766 903 678 624 738 821 723 480 902 657 843 838 864 62 811 676 1094 1076 549 249 906 700 555 81 814 844 442 814 292 574 1131 815 611 739 906 541 868 701 1010 605 355 639 299 749 439 732 495 822 605 913 259 132 571 442 407 590 163 746 640 310 210 614
791 533 753 131 700 914 838 1242 896 138 0 872 436 737 1070 430 419 750 950 721 50 789 1143 81 673 255 699 862 511 1013 733 904 686 729 1215 244 251 835 953 984 715 800 930 214 814 937 1087 297 726 515 834 644 1036 764 550 471 674 757 683 935 1159 889 809 768 765 739 850 871 865 959 642 885 850 789 776 436 963 846 663 579 713 727 343 688 1044 899 766 1040 305 712 591 442 185 136 755 80 888 714 745 672 919 937 929 222 1082 186 488 266 762 1005 56 1221 661 254 879 800 832 939 538 936 990 427 713 705 273 921 803 787 390 1155 494 784 579 868 506 750 799 443 908 932 614 1105 777 1123 721 848 881 947 846 525 750 1139 310 877 590 905 473 693 783 193 987 886 189 1244 343 726 581 881 959 583 889 1002 611 291 415 243 977 810 1003 690 834 32 1184 199 773 758 733 328 857 145 920 162 877 679 908 852 281 34 904 981 677 761 803 872 770 568 1021 767 845 935 984 166 948 803 1204 1180 686 353 1019 837 608 212 889 981 580 936 405 705 1228 943 748 876 1025 665 993 742 1122 679 490 767 428 854 576 830 498 939 698 1040 396 268 708 568 487 725 192 778 741 314 318 659
657 821 202 890 893 213 776 694 116 832 872 0 442 203 452 585 459 469 269 220 915 864 701 810 516 656 180 1087 413 418 229 784 602 964 665 901 666 69 203 192 304 123 717 662 110 528 598 683 192 367 138 348 327 900 336 666 261 139 191 185 647 1122 86 900 201 512 221 125 889 333 657 260 681 87 175 444 1078 446 438 296 759 746 615 185 440 707 107 592 693 212 285 756 815 757 126 799 821 218 277 986 54 799 1000 651 786 897 559 608 375 605 826 603 427 901 491 378 172 68 357 733 950 882 677 454 603 566 970 255 556 571 382 945 346 5 869 250 1001 554 522 529 630 678 366 481 280 802 836 1126 270 351 957 578 594 129 483 426 829 359 608 844 906 745 749 641 533 592 304 570 304 443 1050 685 932 584 825 634 907 221 495 229 39 902 652 733 452 304 140 619 60 744 475 777 75 473 240 770 610 886 1029 290 292 966 178 70 116 424 674 505 242 419 663 887 966 684 676 611 867 621 602 1007 282 859 241 1029 891 670 621 722 591 764 951 925 677 630 733 132 652 288 912 686 694 469 875 409 399 614 386 790 834 792 960 647 453 794 687 103 435 563 658 219
633 583 321 477 722 527 731 947 485 424 436 442 0 304 732 318 19 496 575 289 482 754 887 383 462 266 265 927 210 677 303 776 527 783 918 520 277 400 557 579 373 390 757 236 378 668 804 330 291 141 431 323 661 762 169 425 244 344 252 537 873 962 374 764 378 512 472 435 812 603 532 517 686 364 342 104 975 561 403 167 644 645 280 264 708 731 337 769 346 320 158 483 420 336 321 360 787 326 327 768 486 804 912 220 888 499 342 172 456 751 395 895 394 523 608 491 439 509 106 769 918 577 593 450 164 674 825 423 246 838 61 800 159 438 604 384 842 297 644 665 495 852 465 780 367 752 791 994 486 92 789 831 217 470 368 598 558 382 599 452 892 743 350 926 95 550 188 648 594 330 919 787 702 146 526 212 887 382 701 301 404 467 891 335 506 417 304 272 435 303 632 371 459 440 481 736 168 454 915 606 257 801 411 452 350 297 795 530 420 618 765 483 903 657 915 871 698 297 759 866 215 472 514 957 658 737 336 616 895 790 785 840 799 530 805 316 851 323 629 634 422 579 644 531 75 710 403 864 525 430 769 475 227 674 263 344 470 123 315 244
731 809 19 779 915 387 847 871 302 725 737 203 304 0 631 545 322 548 446 19 784 911 858 686 565 558 98 1118 373 588 29 871 650 983 842 813 569 137 392 391 373 244 820 539 99 660 758 607 27 295 285 379 517 936 278 645 68 213 122 372 815 1154 117 937 296 584 367 140 951 502 687 416 768 175 40 348 1134 561 485 223 799 792 545 158 614 803 146 742 621 263 171 724 717 639 102 659 898 274 87 988 224 891 1061 524 915 798 540 475 466 744 697 790 473 816 611 485 315 259 200 835 1033 838 727 518 465 688 1005 365 493 749 253 980 165 199 845 338 1031 515 647 660 653 830 464 666 352 872 909 1171 408 224 981 753 501 303 500 563 801 418 685 749 994 832 647 826 398 654 255 680 478 454 1094 811 927 448 783 514 993 89 650 264 175 768 825 632 542 397 133 543 235 598 610 671 261 526 183 845 459 756 1079 472 90 992 301 254 194 424 806 588 130 566 788 784 1036 758 849 789 888 557 745 1045 250 767 401 1097 883 782 575 765 780 863 976 985 810 669 849 155 811 332 880 750 660 585 868 523 240 734 448 909 787 714 974 655 413 834 566 114 514 425 586 193
449 765 637 1031 747 244 537 243 338 977 1070 452 732 631 0 656 741 346 186 643 1098 664 271 992 435 816 558 888 567 58 659 506 479 810 214 990 821 517 251 275 365 390 414 868 555 212 171 793 610 597 346 431 137 718 565 672 669 430 549 268 200 916 524 716 363 377 273 576 649 133 553 223 430 456 615 668 825 243 414 571 598 577 734 513 27 423 487 193 793 419 611 757 940 936 530 1015 557 411 715 866 472 502 746 868 404 1013 601 845 309 234 1015 165 414 985 238 272 320 437 697 427 653 881 521 381 850 261 777 309 682 120 679 758 719 454 827 349 816 635 234 217 551 260 293 54 366 559 578 893 247 657 790 128 762 330 491 175 805 378 410 961 601 473 895 198 792 441 544 298 153 489 828 329 838 833 833 840 608 671 117 435 465 1093 202 881 317 320 507 747 402 983 186 926 380 410 687 522 879 1070 795 163 708 795 341 386 442 503 304 349 693 141 317 1012 694 465 225 159 726 728 221 803 518 965 233 754 810 358 690 568 164 458 785 684 305 515 391 485 219 411 879 493 719 248 795 247 730 296 373 432 851 880 817 595 586 626 884 518 341 819 767 509
375 270 563 375 405 545 448 814 561 322 430 585 318 545 656 0 308 322 566 537 450 446 714 349 244 183 462 609 176 600 558 505 266 465 788 341 184 578 591 630 331 476 513 264 576 509 659 138 522 251 495 261 646 447 268 108 509 447 437 577 731 644 556 450 414 310 478 640 511 559 240 501 434 499 572 220 662 422 243 323 341 347 90 418 629 483 491 611 138 378 377 180 285 296 504 392 503 375 601 454 638 537 604 274 662 358 59 284 350 576 375 800 243 338 451 386 479 644 394 522 626 299 310 280 299 491 509 409 76 732 327 484 454 581 301 381 525 31 479 503 205 676 367 710 346 465 503 678 459 342 472 714 155 536 166 485 257 292 359 305 609 480 245 819 287 303 296 452 566 173 603 577 390 292 242 244 602 633 579 358 552 448 755 232 348 366 466 107 546 383 495 275 558 252 724 457 345 423 601 594 537 483 452 554 469 174 594 338 674 517 557 357 602 393 775 754 381 77 589 550 310 311 510 651 345 513 38 320 809 534 468 534 598 252 574 462 693 314 336 361 116 428 331 411 384 511 288 625 250 229 452 170 135 367 267 521 318 295 114 377
630 572 339 459 713 539 727 954 499 406 419 459 19 322 741 308 0 497 586 307 464 747 891 365 461 249 282 917 209 685 321 773 524 772 924 502 260 417 570 592 380 404 756 218 395 672 809 314 309 146 444 327 672 753 176 415 262 358 268 550 879 951 391 756 389 512 482 453 806 613 526 527 684 379 360 99 967 566 404 179 637 639 266 279 716 730 353 774 331 332 174 471 403 318 338 343 782 337 344 756 503 801 905 203 888 481 335 154 461 755 377 904 395 506 611 496 451 526 124 767 913 562 588 451 147 677 816 433 235 846 77 791 176 454 591 393 832 288 648 669 489 856 471 790 375 747 786 985 495 108 779 838 202 484 366 604 545 386 598 434 888 741 332 933 77 547 198 650 604 329 910 789 690 128 512 195 883 400 707 312 420 449 898 317 509 424 320 258 451 286 637 353 474 440 499 732 153 436 907 617 274 791 423 467 365 296 797 531 438 625 766 466 897 654 921 878 689 283 763 857 226 455 524 950 646 737 325 610 904 788 775 833 801 526 805 331 856 331 615 630 410 583 633 536 91 712 406 864 510 413 758 467 223 666 245 361 472 106 300 257
189 429 563 696 448 320 308 493 386 644 750 469 496 548 346 322 497 0 312 551 772 400 403 669 90 497 452 628 291 293 573 324 151 518 466 647 500 501 368 413 177 348 275 563 522 189 338 460 522 358 335 183 372 441 340 327 551 352 430 364 410 661 491 441 272 45 268 575 421 277 222 259 221 410 556 404 610 103 95 376 302 286 407 392 319 256 424 293 457 287 438 412 604 615 461 705 355 277 631 557 517 344 532 568 394 673 265 558 95 264 694 479 103 641 130 106 303 503 508 289 488 537 217 48 567 182 510 215 364 411 462 486 554 467 489 223 544 307 161 184 211 366 107 399 199 334 369 660 223 453 505 393 451 361 160 171 464 132 140 622 447 285 566 498 524 128 338 153 296 177 585 292 517 553 488 538 447 624 258 285 453 769 435 554 30 165 420 422 411 684 173 597 408 71 687 303 606 745 562 331 591 513 292 408 378 205 300 40 661 205 270 674 498 216 455 432 423 398 275 545 324 625 277 561 483 245 353 266 490 317 500 457 304 186 315 403 376 218 541 219 374 106 467 105 526 215 103 375 506 539 518 252 290 336 574 464 35 546 435 361
477 735 451 930 758 59 587 428 154 873 950 269 575 446 186 566 586 312 0 458 984 699 435 875 392 702 377 929 440 150 474 577 463 827 399 907 709 332 77 116 239 208 495 740 369 287 332 696 425 448 163 311 88 746 414 610 486 251 370 88 378 961 339 744 197 355 104 393 704 68 533 66 481 271 430 526 892 239 340 409 609 592 630 336 172 493 303 331 700 255 440 701 843 819 346 888 621 249 530 868 294 584 812 736 536 921 519 706 233 352 897 345 334 904 270 208 141 263 526 511 739 831 525 326 708 333 812 164 573 305 518 790 543 270 793 201 848 540 291 290 519 415 215 222 230 612 640 950 108 493 812 311 643 145 413 190 762 275 429 867 690 539 789 381 645 436 389 351 37 394 879 441 828 690 778 711 694 486 233 274 279 975 384 773 285 201 325 641 217 847 236 819 195 355 507 577 732 954 851 32 525 820 166 201 260 396 424 336 509 170 422 916 767 500 408 345 733 629 346 844 361 876 62 830 793 442 603 574 338 543 807 741 427 498 496 303 385 272 843 515 652 258 776 214 562 380 284 549 793 795 828 553 467 642 760 333 289 674 669 339
732 802 33 765 911 400 848 883 316 711 721 220 289 19 643 537 307 551 458 0 768 910 867 671 565 546 100 1115 367 599 23 873 650 978 853 801 556 154 406 406 376 254 824 524 116 667 768 596 34 287 297 380 530 933 272 638 50 221 122 385 825 1150 134 934 304 586 377 157 951 513 685 426 771 187 58 337 1133 567 485 217 797 791 534 160 626 806 156 750 610 268 161 716 704 625 113 643 899 278 81 982 242 894 1060 509 921 784 534 460 471 751 682 802 473 803 618 490 325 276 185 838 1034 829 726 519 450 694 1002 372 484 761 239 977 147 216 838 344 1027 508 653 667 651 838 469 679 356 872 910 1168 417 212 978 764 489 316 498 571 793 420 687 735 996 835 634 838 383 654 250 685 490 451 1091 817 921 433 774 500 995 98 660 267 191 752 836 619 546 402 141 532 250 581 618 657 275 527 195 846 443 740 1078 485 73 988 311 268 204 421 813 591 139 575 794 770 1036 759 860 800 884 547 753 1042 247 755 412 1097 877 786 567 763 794 867 973 984 817 668 854 163 821 334 872 750 652 590 862 529 224 740 450 914 777 703 969 651 406 831 551 127 517 410 575 193
802 527 800 110 692 950 843 1264 935 137 50 915 482 784 1098 450 464 772 984 768 0 786 1161 109 693 284 744 846 545 1041 780 909 700 716 1238 222 278 879 990 1021 747 840 940 254 859 959 1109 314 773 555 873 676 1069 758 589 481 721 797 727 972 1180 872 853 762 801 759 885 917 863 990 651 919 861 831 822 475 952 871 688 620 716 731 367 730 1072 909 809 1061 320 750 635 443 185 165 799 129 891 751 793 656 962 942 922 265 1093 164 509 311 790 1024 90 1247 687 233 901 827 869 982 584 946 988 413 722 728 319 940 793 820 417 1180 539 775 627 911 495 785 786 467 929 953 626 1123 805 1152 754 851 883 933 879 570 739 1163 342 915 614 931 466 722 797 184 988 894 206 1268 388 741 621 899 991 610 876 1016 597 337 407 282 978 858 1028 727 877 21 1205 219 797 789 776 352 897 195 944 176 918 702 956 857 329 30 893 1014 725 750 840 912 811 597 1037 787 893 961 999 146 944 813 1225 1203 680 375 1038 826 648 198 923 974 569 950 423 711 1255 951 738 872 1041 677 1005 784 1142 713 475 776 435 877 567 856 545 956 726 1050 387 268 695 578 518 726 230 822 765 359 337 700
223 260 928 680 117 716 132 682 786 652 789 864 754 911 664 446 747 400 699 910 786 0 539 716 351 599 815 230 563 628 932 188 264 157 667 581 595 889 762 807 563 742 274 689 905 453 554 521 885 651 733 535 740 59 651 349 896 738 790 760 606 263 876 55 665 356 667 962 78 649 227 653 235 797 927 651 225 461 432 702 113 120 518 757 643 252 806 504 506 667 767 348 604 680 837 783 142 658 986 231 914 213 159 704 396 633 412 723 494 452 742 731 444 570 439 502 702 902 811 267 203 391 188 411 740 403 114 613 521 667 748 95 868 862 305 615 153 460 433 447 264 509 506 706 586 116 123 263 621 754 132 638 594 761 413 519 323 509 271 603 211 205 613 730 732 273 665 367 676 460 186 380 239 734 381 676 199 995 548 657 845 793 634 609 422 562 795 534 808 797 486 633 807 394 1069 149 787 768 169 711 932 134 689 807 765 492 411 368 1034 550 378 646 162 202 642 664 115 499 470 146 663 590 673 206 241 322 442 147 753 248 127 91 413 242 330 781 553 589 346 184 378 444 235 487 811 376 480 342 403 521 171 280 533 81 683 845 432 740 512 719
380 723 867 1075 646 489 410 145 587 1028 1143 701 887 858 271 714 891 403 435 867 1161 539 0 1062 471 894 773 733 690 287 886 353 466 696 138 1008 896 760 509 539 522 616 268 965 795 219 104 848 834 747 578 565 406 598 722 688 884 646 758 523 89 756 763 594 566 406 493 826 496 369 527 446 330 686 849 802 640 326 498 745 518 495 802 719 272 294 713 119 842 611 798 753 984 1010 757 1104 403 602 944 767 729 333 569 970 169 1044 656 960 432 140 1088 225 504 1000 280 399 546 697 879 273 454 857 467 451 970 224 640 499 764 185 845 628 914 702 784 533 679 703 245 223 544 38 424 275 534 424 425 715 450 830 670 159 852 573 560 299 778 506 370 998 403 336 956 209 924 423 711 262 399 580 665 163 760 956 821 940 414 911 208 621 707 1160 110 945 386 482 726 819 645 1086 258 985 627 471 941 392 1008 1135 626 421 925 671 557 632 665 607 135 379 939 292 173 1049 510 381 109 159 633 791 129 655 689 996 463 561 745 230 739 501 252 293 666 525 132 494 210 704 52 573 836 419 736 309 733 358 905 207 485 217 842 910 709 593 692 533 974 749 422 947 826 702
711 464 703 109 632 841 761 1162 827 81 81 810 383 686 992 349 365 669 875 671 109 716 1062 0 592 176 641 802 436 934 684 826 606 665 1135 204 171 776 881 913 638 732 850 149 757 857 1007 217 673 447 764 567 960 694 482 392 625 690 623 864 1079 831 750 699 693 659 776 816 792 882 563 810 771 725 724 368 898 766 583 514 637 651 263 625 965 819 704 960 225 641 532 369 121 57 696 78 812 643 701 613 858 859 860 163 1002 154 408 212 683 924 27 1142 581 213 798 721 761 876 487 857 917 369 635 624 223 840 737 712 310 1075 437 717 533 805 442 676 735 363 827 851 534 1025 699 1045 646 772 806 886 770 468 685 1059 233 807 510 826 407 615 702 138 912 807 109 1164 289 646 513 801 883 504 824 922 550 239 349 176 902 763 923 619 772 102 1103 118 693 681 671 247 790 130 840 85 810 599 861 774 242 80 838 906 632 696 731 805 704 490 941 686 799 855 903 133 877 724 1123 1099 617 272 938 772 540 161 814 912 516 856 324 628 1149 864 683 805 944 585 913 678 1042 604 433 688 350 774 511 751 449 858 619 961 332 200 645 488 410 651 123 718 661 262 238 593
174 344 581 612 380 393 284 573 447 562 673 516 462 565 435 244 461 90 392 565 693 351 471 592 0 423 468 572 253 382 587 319 88 451 547 560 425 538 441 486 213 394 296 497 554 267 417 379 539 333 389 186 457 385 323 238 557 388 444 434 488 606 525 385 316 67 334 611 387 362 145 334 225 447 578 363 572 192 81 369 243 232 331 409 408 270 455 369 375 316 433 323 521 539 487 633 338 307 643 482 567 345 497 503 434 588 185 499 162 333 618 565 93 554 212 186 361 558 492 308 473 448 164 68 510 248 454 272 295 497 438 429 544 514 402 268 485 232 237 261 127 434 178 488 236 309 347 614 295 435 442 477 383 421 97 260 376 158 138 538 440 284 487 583 475 92 330 210 380 133 537 341 437 498 399 472 437 646 344 307 495 691 514 475 119 219 445 348 461 617 259 517 463 44 718 285 552 666 519 413 595 451 344 462 414 167 355 95 686 294 320 589 472 200 533 516 354 320 346 492 323 539 350 532 401 282 271 207 577 328 437 421 359 115 348 431 450 238 454 186 286 192 385 193 503 270 131 405 417 453 449 164 241 278 504 494 104 494 356 373
556 373 577 235 535 670 622 989 662 178 255 656 266 558 816 183 249 497 702 546 284 599 894 176 423 0 498 727 264 759 562 682 448 582 962 256 11 631 711 745 464 569 695 90 617 685 834 84 542 289 598 393 786 589 321 253 505 529 478 694 906 759 606 592 523 489 604 680 671 706 415 636 616 570 594 216 802 592 409 362 505 515 94 473 789 665 552 789 102 475 393 267 161 120 551 210 675 475 591 548 707 714 753 106 845 243 240 139 507 755 200 967 406 258 626 545 592 721 369 703 791 328 487 451 157 671 642 538 135 901 307 619 424 652 374 504 649 192 656 680 383 857 523 869 472 636 672 805 596 335 596 885 63 641 337 650 330 439 542 191 779 659 93 989 188 485 354 633 708 329 735 759 481 160 285 82 771 642 749 452 619 277 930 77 520 506 521 77 631 203 666 122 649 427 740 632 202 255 741 732 521 608 562 644 546 314 776 516 682 680 739 231 760 573 951 925 515 108 768 681 378 209 641 803 440 695 167 489 974 714 593 689 780 432 756 525 871 432 387 539 223 601 430 575 340 692 444 807 277 166 565 341 235 526 86 572 487 177 88 437
634 721 114 727 821 320 749 796 248 671 699 180 265 98 558 462 282 452 377 100 744 815 773 641 468 498 0 1024 287 511 122 774 553 889 766 750 508 136 334 343 276 169 724 492 120 570 675 537 72 217 214 282 455 841 194 558 112 129 25 313 735 1059 110 841 208 487 287 183 854 427 592 338 671 114 114 283 1038 469 388 142 703 696 472 60 539 707 82 655 550 168 109 640 658 590 56 624 801 179 181 898 221 795 964 479 823 740 451 434 371 654 655 721 375 751 519 391 238 247 177 739 935 758 630 420 428 595 910 275 417 676 206 884 173 176 760 245 936 431 555 569 558 743 370 598 256 774 812 1075 324 175 888 676 438 242 405 475 717 321 588 689 897 735 590 756 358 556 166 586 406 359 998 718 838 409 702 465 896 181 567 168 143 729 746 574 446 303 53 472 187 568 521 616 213 429 264 748 432 715 983 406 153 898 220 206 118 330 715 491 221 482 695 728 939 661 771 714 795 482 656 950 157 706 326 999 794 687 494 669 714 767 883 888 718 573 755 74 728 235 797 653 576 492 779 431 219 641 351 815 708 646 881 562 327 738 518 80 417 387 514 96
453 355 1136 737 207 946 352 878 1013 726 862 1087 927 1118 888 609 917 628 929 1115 846 230 733 802 572 727 1024 0 755 855 1137 389 486 146 868 625 720 1108 992 1036 784 965 482 814 1121 678 765 643 1093 842 958 749 969 188 848 503 1097 958 999 989 809 36 1093 188 887 583 895 1180 242 878 434 883 459 1017 1137 828 139 691 651 902 329 343 663 968 868 467 1023 717 626 885 964 461 682 779 1051 876 337 876 1188 191 1138 403 175 832 573 683 592 862 721 667 824 941 662 614 668 731 928 1128 998 472 298 435 412 634 880 627 119 839 683 880 932 143 1057 1085 361 838 88 631 659 672 466 708 734 927 808 329 315 89 850 942 139 850 738 987 620 748 401 729 501 670 341 417 712 935 888 500 866 594 905 665 74 585 253 879 455 808 328 1204 771 873 1065 858 836 714 651 787 1009 676 1032 905 714 724 1032 615 1283 366 927 834 114 941 1130 128 913 1032 984 695 616 597 1245 779 587 701 234 431 841 873 232 644 684 86 869 651 902 207 289 536 594 366 964 446 144 210 617 458 527 997 756 806 372 414 513 673 298 716 991 594 702 520 471 605 162 465 720 294 801 1061 658 889 644 929
425 436 392 496 549 406 527 763 403 439 511 413 210 373 567 176 209 291 440 367 545 563 690 436 253 264 287 755 0 510 388 569 322 615 734 492 271 403 448 482 205 312 548 303 401 471 614 273 349 88 338 137 526 579 95 272 343 278 262 431 685 790 380 580 261 304 341 465 615 450 336 375 477 327 399 114 787 367 196 150 451 448 205 242 541 522 316 575 282 215 211 354 413 380 328 451 582 214 436 616 466 596 719 301 680 495 167 279 267 551 458 725 188 491 410 305 329 475 249 560 715 474 391 244 286 472 646 276 145 663 188 620 306 409 474 241 668 146 445 467 299 653 280 619 211 549 588 814 336 191 617 651 204 380 161 414 431 192 390 441 687 535 353 752 235 342 121 443 449 121 738 581 555 270 418 274 683 461 517 193 379 536 706 338 304 249 291 211 379 416 440 384 394 231 550 530 320 515 729 471 376 628 300 390 298 88 590 323 503 439 559 487 705 449 728 692 523 210 561 686 135 453 379 761 511 529 210 420 729 581 612 645 594 329 597 288 658 169 511 429 290 381 495 341 253 505 207 655 425 381 605 291 42 482 321 345 268 259 247 201
409 716 595 974 706 206 504 285 303 920 1013 418 677 588 58 600 685 293 150 599 1041 628 287 934 382 759 511 855 510 0 616 480 430 771 255 935 764 480 222 253 309 345 390 811 516 179 184 737 566 541 303 373 129 681 509 618 622 383 501 236 230 885 485 679 312 326 224 542 619 87 504 174 396 413 574 611 799 192 358 517 556 535 677 464 32 395 443 190 737 367 559 704 884 878 487 958 529 358 673 824 443 479 720 810 401 957 546 788 252 222 958 219 357 930 194 215 274 410 645 404 633 829 477 326 793 230 742 255 625 166 625 722 669 419 777 294 781 578 196 184 500 269 236 111 311 528 549 865 194 603 752 166 704 292 435 123 755 321 368 905 582 444 838 250 735 394 490 262 114 432 798 316 793 776 780 783 588 633 96 382 427 1035 238 824 263 264 461 690 364 925 143 869 344 355 656 491 822 1013 766 134 662 758 293 349 396 445 294 299 658 88 300 956 670 428 262 203 684 671 212 770 463 909 187 731 763 334 634 525 220 436 747 655 296 466 376 439 237 355 830 452 665 199 748 192 677 270 316 422 798 825 776 543 528 585 827 476 286 763 711 458
754 823 28 780 932 415 870 899 329 726 733 229 303 29 659 558 321 573 474 23 780 932 886 684 587 562 122 1137 388 616 0 895 672 1000 870 818 573 161 419 418 398 272 845 538 122 688 786 614 53 307 313 402 544 955 293 659 59 240 144 399 843 1172 143 956 324 608 395 154 973 530 707 444 793 203 57 356 1155 588 508 238 820 813 553 182 642 828 174 769 629 289 181 736 720 639 130 654 921 299 60 1004 246 916 1082 522 942 800 555 473 492 771 695 817 495 820 638 511 343 282 198 860 1056 848 748 541 463 715 1024 392 503 777 256 999 156 225 858 365 1049 529 674 687 673 858 490 694 377 895 932 1191 436 229 1000 781 507 331 520 591 814 442 709 752 1018 857 650 854 396 676 271 706 506 474 1113 837 942 446 794 515 1017 80 678 289 202 764 853 635 567 423 161 551 263 592 638 673 288 549 179 868 454 753 1100 500 69 1010 329 281 222 443 833 612 120 594 814 785 1059 781 877 817 906 566 772 1064 269 771 429 1119 898 808 587 785 808 888 995 1006 837 690 875 182 839 356 892 772 672 611 883 550 236 761 472 935 797 721 991 673 427 854 566 142 539 423 594 215
145 409 886 810 300 607 69 496 690 773 904 784 776 871 506 505 773 324 577 873 909 188 353 826 319 682 774 389 569 480 895 0 250 345 483 722 680 822 648 691 500 667 94 767 845 301 377 614 845 651 648 497 602 246 641 435 870 675 751 651 423 415 813 242 592 287 570 896 148 518 267 544 104 731 879 674 320 345 392 686 198 180 591 714 488 85 747 329 602 611 750 469 725 781 784 884 53 600 953 419 829 34 241 779 211 769 456 787 413 279 852 553 404 713 308 407 614 810 811 84 166 546 195 354 801 251 288 531 575 491 755 276 862 783 464 544 328 509 289 297 301 324 420 542 523 74 75 387 520 753 318 462 660 667 409 388 470 454 187 730 124 40 717 548 778 228 647 227 548 450 325 197 419 792 523 748 124 947 390 607 772 913 451 710 335 485 744 609 725 884 345 742 718 351 1009 53 846 887 290 583 909 319 608 720 700 485 228 285 984 413 199 778 192 120 457 485 290 575 296 307 637 722 565 254 412 149 515 199 576 61 314 181 229 254 143 726 370 539 512 146 477 323 402 379 821 211 424 158 545 643 359 341 551 200 768 787 358 792 598 681
111 287 667 610 298 470 206 583 530 565 686 602 527 650 479 266 524 151 463 650 700 264 466 606 88 448 553 486 322 430 672 250 0 369 559 543 448 625 518 562 300 480 248 529 641 286 430 390 624 407 474 272 520 298 400 223 640 475 529 512 498 520 612 298 402 109 414 698 302 425 74 409 170 534 664 425 485 240 168 449 157 145 355 495 453 218 542 378 382 403 513 291 520 556 574 655 261 394 727 406 653 280 411 538 398 579 211 542 240 334 632 592 180 536 243 256 444 643 568 257 395 407 77 150 555 253 368 355 331 523 509 343 621 600 349 353 400 264 257 280 79 428 254 529 323 228 267 526 372 510 358 500 418 504 162 308 330 245 98 533 366 220 498 604 529 43 410 210 446 206 450 317 367 545 364 507 361 733 376 394 581 701 525 488 179 303 532 372 547 648 294 526 547 130 805 209 599 675 432 481 677 366 429 547 501 240 338 133 772 343 300 584 389 132 542 536 273 340 350 405 405 530 426 448 335 251 283 121 608 271 352 335 342 37 309 517 454 325 401 107 271 232 319 253 574 259 217 360 384 445 368 128 301 192 532 581 177 544 370 458
363 210 1001 607 71 837 288 838 897 592 729 964 783 983 810 465 772 518 827 978 716 157 696 665 451 582 889 146 615 771 1000 345 369 0 823 498 576 980 885 930 661 842 430 670 990 600 708 499 958 702 839 620 876 99 709 358 958 831 865 880 762 180 963 103 765 473 782 1051 214 783 308 776 386 890 1003 684 236 593 526 763 218 237 517 835 788 407 894 657 482 757 825 316 546 639 920 738 297 749 1050 82 1016 368 219 688 551 555 450 717 608 606 688 885 537 487 578 623 811 1008 856 424 320 304 302 517 735 552 84 722 538 820 789 78 915 961 224 717 70 488 577 594 336 666 622 855 684 273 277 224 740 800 30 792 593 871 487 656 260 606 405 537 346 361 571 885 743 391 729 513 807 532 161 536 121 734 317 664 333 1069 696 744 940 727 790 572 543 669 878 531 911 764 628 585 913 494 1151 305 782 703 179 842 991 37 794 912 857 560 567 492 1110 689 533 572 260 346 798 819 97 498 623 110 733 519 794 270 150 477 449 253 906 405 33 199 569 337 487 867 709 678 245 319 367 579 155 614 848 528 581 497 334 466 23 328 579 187 658 930 545 744 499 795
489 832 848 1158 770 457 536 31 551 1108 1215 665 918 842 214 788 924 466 399 853 1238 667 138 1135 547 962 766 868 734 255 870 483 559 823 0 1100 965 730 464 485 545 600 394 1025 768 280 131 925 820 778 557 601 344 725 749 777 877 637 755 481 63 891 737 722 564 480 479 788 629 341 627 429 446 667 827 842 776 371 554 764 634 612 873 718 228 417 697 182 921 617 809 850 1067 1080 741 1169 534 608 927 892 683 466 705 1028 306 1132 730 1012 468 229 1160 98 558 1094 337 430 529 648 894 401 591 962 574 511 1019 307 771 503 828 95 869 758 921 667 894 542 811 772 310 286 638 160 456 191 552 552 556 851 446 850 799 90 914 543 626 321 883 543 469 1083 540 463 1032 73 967 517 733 350 365 637 800 288 880 1003 922 998 551 884 218 631 678 1235 35 1019 443 501 716 888 615 1144 297 1062 593 536 899 519 1053 1210 762 376 917 800 547 599 651 658 257 452 906 300 291 1135 646 494 30 55 755 864 212 788 708 1083 442 698 861 348 817 613 124 424 794 659 255 592 342 694 115 595 947 531 826 362 848 394 924 309 529 354 942 997 835 687 744 654 1038 729 476 993 901 709
633 321 832 114 479 885 654 1125 893 124 244 901 520 813 990 341 502 647 907 801 222 581 1008 204 560 256 750 625 492 935 818 722 543 498 1100 0 245 880 930 967 671 803 767 298 870 823 970 219 796 536 827 600 987 547 566 324 760 768 729 915 1040 651 856 551 748 624 818 932 658 898 482 842 690 814 848 468 734 750 579 611 525 543 288 720 963 735 799 919 211 706 647 257 103 211 801 280 697 704 846 435 953 755 708 318 918 59 391 368 688 877 219 1124 581 11 770 723 815 964 623 770 783 195 548 610 384 795 577 749 347 1056 562 560 678 897 280 719 567 368 793 817 465 971 705 1043 685 658 687 712 800 590 522 1035 313 869 501 816 258 633 639 73 788 712 172 1141 435 586 598 752 907 514 657 854 378 395 201 314 777 897 903 684 865 236 1067 186 675 707 769 283 870 331 818 157 885 580 995 669 418 214 676 935 776 532 787 881 787 513 877 653 937 849 838 79 735 639 1084 1073 470 284 892 608 620 49 851 760 353 785 305 527 1136 770 521 664 881 514 832 771 997 650 254 600 276 751 352 744 593 802 628 871 179 113 476 416 454 529 273 821 649 416 245 683
556 366 587 227 529 677 619 993 671 169 251 666 277 569 821 184 260 500 709 556 278 595 896 171 425 11 508 720 271 764 573 680 448 576 965 245 0 640 719 753 471 577 695 96 628 688 838 77 552 299 606 399 793 584 331 249 516 538 488 702 910 752 616 587 531 491 611 690 667 712 413 643 616 579 604 226 796 596 413 372 502 512 95 482 794 664 562 792 94 483 403 260 151 116 561 209 672 483 602 541 716 713 748 113 845 233 242 148 513 757 196 971 411 248 629 550 600 731 380 703 788 318 486 455 166 673 636 545 140 905 318 613 435 662 366 511 643 194 659 683 381 859 528 874 479 633 669 798 603 345 590 889 72 649 340 655 322 445 542 181 776 658 84 993 198 485 363 635 715 333 729 760 474 170 276 91 768 653 753 461 629 272 934 68 523 512 531 78 640 205 670 113 658 430 751 630 211 249 735 739 532 602 570 653 555 320 777 518 692 685 741 221 756 572 954 929 509 108 771 675 387 199 649 798 432 696 166 487 979 713 587 685 781 431 756 534 874 439 378 538 218 604 423 580 351 694 449 807 268 155 558 339 242 522 89 582 491 187 84 447
690 826 134 861 910 274 808 758 180 805 835 69 400 137 517 578 417 501 332 154 879 889 760 776 538 631 136 1108 403 480 161 822 625 980 730 880 640 0 269 261 328 156 759 627 41 579 658 665 129 345 185 360 394 921 317 666 199 151 154 250 709 1143 26 922 230 542 272 74 919 394 675 316 718 92 107 416 1107 490 458 270 781 770 598 162 503 747 88 648 676 224 245 753 791 725 81 759 855 232 208 996 90 838 1030 615 837 873 559 570 410 658 791 670 447 881 538 418 219 123 307 775 987 876 701 481 563 613 991 293 541 636 341 966 288 66 870 279 1021 547 570 579 645 736 403 547 305 834 869 1151 319 310 975 642 570 188 494 477 829 381 641 821 944 782 723 707 493 620 286 613 366 451 1075 734 940 545 820 601 945 155 553 236 54 865 716 707 488 337 112 600 116 702 526 749 138 496 189 804 566 850 1056 355 226 984 218 132 125 428 725 539 179 473 712 861 999 717 739 676 883 607 657 1030 268 837 298 1061 898 715 612 745 659 805 969 954 729 650 780 117 712 303 911 716 691 514 882 452 349 662 410 838 827 774 974 657 444 816 653 60 467 523 641 202
