130
0 800 568 838 1029 319 760 504 535 701 916 167 479 503 365 950 883 418 580 352 963 365 229 463 623 443 177 558 909 680 337 287 821 633 768 631 894 721 875 522 910 142 430 492 313 382 737 690 240 582 986 723 781 840 145 793 646 719 581 749 970 723 757 494 252 604 450 438 937 662 256 314 218 468 419 458 703 507 73 962 794 744 485 941 500 428 339 971 1005 629 584 748 336 782 555 319 583 401 759 749 759 903 852 301 598 770 912 157 375 404 287 101 862 325 595 377 790 248 269 299 686 491 510 403 945 319 300 569 492 434
800 0 331 176 786 972 42 309 269 622 784 687 1020 515 624 466 157 875 1004 583 373 520 650 392 526 1078 867 375 144 384 613 700 216 208 207 372 758 93 885 281 821 666 373 313 546 585 159 244 721 351 327 416 176 453 658 332 451 385 1074 685 850 84 60 1048 919 588 353 454 453 734 646 895 609 519 639 344 754 974 842 413 848 578 789 239 479 431 473 669 294 180 723 71 478 624 540 703 258 697 193 903 763 620 52 500 850 413 914 647 819 424 513 831 824 856 913 429 388 631 711 744 559 412 1031 437 184 483 629 1113 722 545
568 331 0 468 982 821 306 266 158 723 935 419 921 529 303 724 476 792 951 271 663 219 505 357 608 943 688 429 474 525 527 588 486 125 446 482 908 305 989 171 959 463 247 239 431 524 385 416 587 426 638 576 432 665 448 553 559 549 1000 792 1003 294 272 946 756 649 184 142 709 790 354 764 440 511 597 232 822 901 628 691 930 710 754 558 492 376 329 876 618 260 746 322 239 762 582 387 88 640 429 950 854 813 374 297 849 600 1025 441 730 334 318 630 941 739 893 217 592 494 590 634 667 90 941 166 514 277 523 1021 704 515
838 176 468 0 619 954 175 338 356 498 631 754 972 450 733 292 64 825 932 687 202 620 651 383 422 1047 869 319 113 270 588 678 50 345 82 281 607 163 746 359 672 697 418 356 546 549 103 162 710 291 172 284 58 291 694 178 344 255 1011 554 694 175 223 1001 910 488 425 566 278 624 732 870 628 466 587 392 636 914 867 239 720 442 721 104 421 422 500 501 169 231 630 148 551 483 456 804 383 648 84 788 635 457 177 551 761 266 772 682 775 435 559 848 682 825 830 499 236 630 693 717 437 536 977 532 128 539 612 1058 650 499
1029 786 982 619 0 938 771 730 826 328 140 1048 842 542 1137 347 667 738 723 1088 469 1026 802 671 422 960 945 569 714 458 693 749 573 887 582 504 150 732 287 816 181 912 788 760 745 650 640 577 798 564 549 407 611 335 922 456 437 434 812 285 143 748 820 864 936 426 840 1013 356 397 1079 853 836 577 612 783 364 758 1012 419 337 296 608 619 560 680 790 119 621 731 472 734 917 251 483 1176 899 642 598 440 308 171 796 872 544 387 281 912 731 729 864 976 238 806 607 878 403 785 768 754 353 1011 825 950 704 874 730 880 564 605
319 972 821 954 938 0 930 665 739 637 804 476 176 520 675 971 1011 202 307 654 1023 650 327 583 608 127 145 637 1049 725 367 277 923 851 874 690 789 882 713 722 781 363 616 667 427 406 865 793 252 665 1068 751 897 854 381 852 665 760 279 658 841 889 944 184 69 560 661 713 962 541 565 90 383 496 385 643 576 234 248 1005 634 701 330 1049 541 543 513 915 1107 793 468 907 583 720 543 637 809 329 871 556 633 857 1021 525 410 798 746 386 211 550 504 221 724 140 372 606 827 344 264 238 651 760 209 660 1077 544 346 255 381 459
760 42 306 175 771 930 0 267 231 592 762 649 979 477 592 461 171 834 965 551 376 486 608 350 493 1037 825 337 170 356 572 658 208 181 189 339 736 54 858 241 798 625 331 271 504 544 134 215 679 315 338 390 162 437 617 316 420 359 1034 657 828 43 50 1008 877 554 314 422 447 701 611 854 567 480 599 303 722 934 801 413 818 551 750 254 440 389 431 655 313 138 688 39 440 599 505 670 227 657 174 870 734 603 93 459 814 392 887 606 778 382 473 789 798 814 876 390 370 589 669 702 529 383 990 402 211 443 587 1073 684 505
504 309 266 338 730 665 267 0 112 458 673 419 725 269 429 516 380 584 728 381 491 314 341 101 342 774 558 165 406 276 315 396 329 217 276 226 646 222 724 96 695 365 82 31 239 295 235 209 414 166 497 328 283 433 360 341 298 307 789 526 741 227 279 753 611 384 113 286 501 527 406 591 302 256 360 61 558 689 539 504 666 448 519 442 230 134 167 631 507 130 490 248 222 500 318 488 198 413 264 691 588 564 359 214 601 362 759 348 525 116 222 525 675 554 654 172 364 322 406 442 403 282 740 229 441 203 325 822 460 269
535 269 158 356 826 739 231 112 0 566 777 419 815 380 377 583 382 678 829 332 537 265 412 210 451 854 619 272 395 369 407 481 362 115 315 324 750 204 834 19 801 406 124 89 319 394 259 269 491 268 526 420 309 514 396 408 401 395 885 635 845 200 223 842 679 495 86 214 568 638 383 671 359 366 463 98 669 785 582 558 776 552 622 456 341 236 226 722 520 126 600 228 209 604 430 449 88 513 299 802 699 658 320 235 709 447 869 386 617 203 251 575 784 638 760 161 442 396 488 528 509 193 832 177 434 217 411 914 566 376
701 622 723 498 328 637 592 458 566 0 228 724 576 223 830 367 560 448 489 782 458 725 474 377 116 683 626 295 610 238 366 424 450 653 428 258 203 542 271 552 241 585 498 486 422 323 464 379 472 302 527 215 461 261 596 328 175 244 578 69 293 558 635 602 625 99 558 725 363 137 762 549 511 256 285 501 140 499 686 423 227 73 315 553 249 375 479 281 589 504 180 555 613 85 161 861 649 322 437 291 142 220 651 561 299 241 304 586 426 426 549 651 218 499 371 580 275 458 443 433 64 733 568 657 619 565 402 638 256 280
916 784 935 631 140 804 762 673 777 228 0 950 703 450 1057 397 686 604 583 1009 517 951 693 600 338 822 821 508 736 418 585 632 582 853 578 455 27 716 158 765 51 807 721 702 648 545 628 553 680 509 597 374 610 342 819 455 376 405 673 169 69 733 808 725 806 325 778 948 402 266 990 721 735 483 498 720 229 619 894 469 198 225 475 652 476 601 706 186 668 698 343 723 840 174 389 1088 856 521 591 302 171 186 802 788 406 371 164 810 600 652 777 856 101 675 467 806 397 678 650 632 272 952 686 881 733 792 621 740 437 506
167 687 419 754 1048 476 649 419 419 724 950 0 624 506 199 913 791 538 707 185 905 205 272 410 627 602 332 518 810 647 372 361 747 501 694 594 926 618 936 408 952 156 338 398 304 407 652 623 327 537 915 696 700 813 139 744 630 685 722 782 1010 616 638 642 408 626 337 282 899 716 90 455 217 471 465 362 757 638 238 912 858 753 573 858 491 386 276 973 923 530 644 644 210 797 566 168 449 469 682 831 809 904 738 206 688 740 974 146 485 346 203 257 912 453 700 260 753 281 349 391 695 336 652 260 848 217 340 719 560 445
479 1020 921 972 842 176 979 725 815 576 703 624 0 522 818 935 1032 147 143 791 1005 775 417 631 579 123 303 657 1075 718 411 335 934 930 890 693 693 927 589 797 672 489 692 734 497 436 893 812 335 684 1061 732 918 821 508 843 648 748 104 578 729 937 1000 29 232 519 747 829 928 456 709 170 485 508 386 717 482 85 412 980 516 646 265 1057 552 593 595 840 1109 845 396 951 693 653 525 789 894 325 890 424 535 789 1066 628 298 775 617 510 202 614 607 379 613 183 239 705 808 427 331 288 606 871 34 769 1099 646 404 101 334 477
503 515 529 450 542 520 477 269 380 223 450 506 522 0 608 461 511 376 490 561 503 505 275 173 122 602 465 141 555 205 174 256 413 483 369 173 425 423 469 363 460 375 290 293 204 127 375 292 299 166 549 234 397 347 384 332 150 241 564 286 514 436 508 551 487 129 352 511 451 261 540 432 298 36 139 298 296 466 502 488 404 247 275 537 40 159 257 471 591 356 222 445 393 291 62 639 467 199 369 422 333 403 557 339 340 283 506 373 328 209 327 471 429 384 399 364 310 255 274 285 189 526 528 442 578 344 209 609 208 71
365 624 303 733 1137 675 592 429 377 830 1057 199 818 608 0 944 755 722 892 50 911 116 434 467 720 801 530 573 761 698 514 529 738 417 689 645 1031 576 1068 376 1068 333 356 401 424 537 635 634 504 584 902 750 686 860 314 769 702 732 914 893 1122 569 567 838 606 736 319 171 930 849 110 649 366 577 607 369 889 826 437 928 995 843 737 832 582 458 351 1048 895 503 784 599 220 892 670 86 367 625 674 983 935 979 670 270 849 788 1106 315 665 408 283 456 1034 642 871 262 792 436 521 566 788 215 845 204 802 265 490 915 711 561
950 466 724 292 347 971 461 516 583 367 397 913 935 461 944 0 330 799 855 896 123 829 729 503 363 1035 926 397 374 270 634 717 253 610 281 321 379 434 542 579 446 812 593 544 638 587 343 314 760 376 204 229 302 117 815 176 312 231 944 392 450 449 510 962 944 417 626 793 15 502 916 881 734 493 588 576 495 861 958 74 544 295 670 274 454 530 638 230 276 464 543 428 735 307 428 1003 636 642 298 636 469 212 466 711 665 181 557 804 765 567 710 929 476 832 738 686 161 708 735 742 329 775 930 742 360 705 667 1003 604 530
883 157 476 64 667 1011 171 380 382 560 686 791 1032 511 755 330 0 886 995 711 224 645 703 434 485 1105 922 378 51 333 644 735 111 352 143 343 663 179 806 388 729 743 457 395 598 607 149 221 765 350 172 346 115 345 739 237 407 318 1073 615 749 186 213 1061 965 551 457 586 318 687 763 928 676 525 647 430 699 976 915 268 782 503 783 83 481 474 545 549 143 262 693 157 584 542 519 829 395 708 143 850 697 509 141 591 824 326 830 727 835 483 600 898 741 884 892 532 294 682 749 774 499 551 1038 558 67 577 667 1120 712 558
418 875 792 825 738 202 834 584 678 448 604 538 147 376 722 799 886 0 171 689 864 665 297 488 439 237 260 510 928 573 271 205 788 792 744 547 590 782 513 660 580 389 556 594 362 291 746 666 219 537 917 590 771 683 408 700 505 604 209 462 640 792 857 176 217 382 614 711 791 343 617 127 368 361 240 580 375 110 363 841 434 516 134 912 406 451 464 722 964 701 272 806 573 530 382 706 759 179 744 360 433 667 920 506 210 634 547 407 62 475 485 325 523 95 183 578 666 303 207 161 472 749 157 648 952 523 270 239 196 331
580 1004 951 932 723 307 965 728 829 489 583 707 143 490 892 855 995 171 0 859 938 834 465 629 518 263 411 630 1040 667 425 371 890 942 852 652 576 911 458 811 547 560 711 743 521 435 864 779 389 655 1001 671 882 745 579 787 594 692 91 477 602 923 992 155 351 453 771 878 851 357 787 269 536 485 369 732 375 75 519 908 390 561 215 1009 526 595 623 734 1056 838 315 933 739 559 476 875 912 316 854 291 422 690 1046 672 192 710 483 578 229 626 651 482 488 256 120 741 744 470 375 329 530 914 115 813 1060 688 431 157 283 462
352 583 271 687 1088 654 551 381 332 782 1009 185 791 561 50 896 711 689 859 0 864 69 398 418 672 781 510 524 720 649 473 493 691 379 642 596 983 532 1023 329 1021 303 307 352 381 494 589 585 470 535 857 701 640 811 284 720 653 683 885 846 1074 526 528 812 586 689 271 132 881 805 99 622 328 530 564 320 844 795 422 881 950 794 698 787 534 410 304 999 851 457 741 556 171 843 622 120 327 585 627 940 889 930 631 223 809 739 1061 283 631 360 238 438 988 613 834 213 743 398 486 532 740 181 818 157 760 218 450 889 670 515
963 373 663 202 469 1023 376 491 537 458 517 905 1005 503 911 123 224 864 938 864 0 796 753 503 427 1097 962 408 262 299 668 756 178 543 223 340 498 361 657 537 565 822 572 516 654 624 280 283 796 382 82 275 231 198 823 173 360 263 1025 494 571 374 424 1034 989 488 594 750 116 594 897 934 746 530 639 551 593 937 980 51 653 387 742 156 487 536 635 353 154 412 624 348 713 410 484 976 576 697 239 739 573 331 364 700 752 231 675 811 824 565 703 955 591 885 825 662 198 732 774 787 409 725 1004 707 243 691 699 1081 672 568
365 520 219 620 1026 650 486 314 265 725 951 205 775 505 116 829 645 665 834 69 796 0 369 356 614 776 508 460 655 584 432 463 624 318 574 531 925 466 971 262 965 289 242 285 336 448 522 518 447 470 789 636 572 745 270 653 590 617 866 790 1017 461 465 798 582 634 203 79 814 755 135 609 298 476 521 253 793 773 431 813 901 734 662 720 477 351 250 935 784 389 694 490 113 784 567 185 266 547 559 896 836 867 568 174 770 673 1009 267 605 300 192 441 934 594 800 149 677 366 459 505 681 133 800 89 695 164 413 875 628 464
229 650 505 651 802 327 608 341 412 474 693 272 417 275 434 729 703 297 465 398 753 369 0 269 394 443 220 347 737 461 109 96 627 525 575 415 671 561 667 395 691 118 289 341 106 153 555 494 83 374 784 501 593 617 134 580 420 500 501 525 750 567 619 442 270 376 337 416 717 448 337 261 72 241 198 317 489 405 230 747 588 515 304 751 276 230 187 742 813 471 374 587 278 554 326 433 485 197 568 559 543 674 700 212 418 549 705 128 237 227 191 203 646 235 437 289 571 22 91 137 457 456 439 354 769 230 73 517 289 205
463 392 357 383 671 583 350 101 210 377 600 410 631 173 467 503 434 488 629 418 503 356 269 0 263 687 488 109 469 238 222 309 361 318 308 185 574 300 637 193 617 321 122 122 164 197 286 229 334 127 524 289 325 404 321 336 236 276 691 445 667 308 370 659 533 295 182 348 489 434 420 505 247 156 260 126 467 591 486 505 575 379 418 484 136 40 135 582 547 215 391 325 248 430 227 512 297 314 301 594 501 513 440 211 501 331 673 309 430 65 209 466 593 465 553 208 343 248 320 352 328 357 644 282 500 208 238 726 359 169
623 526 608 422 422 608 493 342 451 116 338 627 579 122 720 363 485 439 518 672 427 614 394 263 0 674 572 180 533 152 288 363 377 541 345 155 312 441 383 437 355 496 384 371 325 242 371 283 409 191 485 154 377 247 505 269 79 174 602 185 405 456 533 608 584 67 442 610 355 209 658 518 419 158 228 385 230 511 617 403 331 126 316 492 140 263 371 350 538 395 209 457 502 172 70 756 535 280 351 377 250 281 560 453 340 196 418 495 402 314 443 584 334 469 410 468 229 375 382 383 69 618 578 544 548 456 325 656 246 190
443 1078 943 1047 960 127 1037 774 854 683 822 602 123 602 801 1035 1105 237 263 781 1097 776 443 687 674 0 271 728 1146 804 466 379 1012 967 966 774 811 986 711 836 792 488 730 779 537 499 962 886 363 757 1148 823 991 919 506 931 738 836 201 691 850 995 1053 108 195 618 779 838 1027 569 691 184 504 582 463 757 598 206 371 1076 637 752 368 1137 627 648 629 953 1192 900 505 1011 707 763 614 761 927 403 964 546 653 900 1126 647 417 869 740 511 275 660 625 346 733 223 361 727 900 458 369 335 708 884 148 783 1172 666 450 154 432 548
177 867 688 869 945 145 825 558 619 626 821 332 303 465 530 926 922 260 411 510 962 508 220 488 572 271 0 560 956 665 295 210 843 728 792 623 802 779 755 603 806 226 499 556 325 340 774 711 167 588 998 699 812 811 242 789 615 703 405 660 867 784 833 317 77 536 538 574 916 557 420 142 261 435 346 528 596 337 110 951 674 681 356 969 476 449 396 905 1029 688 478 805 449 710 503 493 683 305 786 613 654 841 917 395 460 747 791 248 232 445 375 77 753 166 443 477 773 240 192 193 626 622 334 524 988 414 263 393 384 397
558 375 429 319 569 637 337 165 272 295 508 518 657 141 573 397 378 510 630 524 408 460 347 109 180 728 560 0 419 130 271 362 287 362 238 77 481 284 563 259 530 418 220 195 247 231 237 158 396 29 438 180 263 296 420 236 134 168 703 364 576 297 370 685 595 230 272 445 384 378 528 552 341 149 271 215 405 604 573 405 509 283 416 413 106 133 243 475 471 222 353 304 354 335 171 620 355 332 236 545 429 407 417 320 477 223 598 408 458 173 317 549 513 507 539 312 236 325 377 399 238 446 664 382 444 317 298 746 348 181
909 144 474 113 714 1049 170 406 395 610 736 810 1075 555 761 374 51 928 1040 720 262 655 737 469 533 1146 956 419 0 382 683 772 161 350 190 389 712 193 856 403 779 770 481 418 631 647 185 263 801 392 200 396 159 394 765 287 455 367 1117 665 798 195 203 1104 1001 599 474 592 362 737 777 967 706 568 689 453 748 1020 945 309 832 553 828 109 523 508 573 596 154 282 741 167 601 593 565 839 397 750 187 900 747 558 113 613 872 376 880 754 877 514 624 928 791 923 940 550 345 716 786 813 549 553 1082 569 41 598 704 1163 758 600
680 384 525 270 458 725 356 276 369 238 418 647 718 205 698 270 333 573 667 649 299 584 461 238 152 804 665 130 382 0 371 458 225 436 194 54 391 306 503 359 449 542 342 306 368 326 226 142 499 114 345 53 227 167 546 128 74 40 748 302 486 322 399 746 691 219 388 561 258 357 657 637 464 232 342 333 372 655 690 287 464 198 459 343 189 261 372 355 392 281 361 318 481 248 193 748 443 401 201 523 379 290 414 449 492 94 533 534 529 302 446 662 444 589 561 436 111 440 476 489 175 555 720 502 396 445 403 799 388 269
337 613 527 588 693 367 572 315 407 366 585 372 411 174 514 634 644 271 425 473 668 432 109 222 288 466 295 271 683 371 0 91 557 522 508 330 562 521 565 389 584 223 287 324 100 48 498 427 128 299 707 406 531 519 236 496 322 409 478 417 643 530 591 439 324 268 346 464 623 345 426 285 156 141 95 310 386 378 330 657 488 408 232 683 182 184 201 635 742 437 274 546 327 445 220 525 489 116 504 469 438 568 661 260 339 454 603 228 211 205 241 298 541 243 372 321 479 93 107 131 350 495 426 396 711 274 37 508 198 104
287 700 588 678 749 277 658 396 481 424 632 361 335 256 529 717 735 205 371 493 756 463 96 309 363 379 210 362 772 458 91 0 648 596 599 419 611 608 590 463 624 206 358 402 162 133 588 517 49 390 796 490 621 601 223 584 405 495 412 466 684 616 675 362 234 330 413 507 706 376 430 196 166 227 139 383 417 315 263 744 510 475 212 774 270 269 261 701 832 521 298 633 368 507 294 525 559 115 595 472 473 636 748 301 327 538 627 219 144 283 280 227 576 158 343 374 565 99 20 47 419 544 354 443 801 318 72 434 207 189
821 216 486 50 573 923 208 329 362 450 582 747 934 413 738 253 111 788 890 691 178 624 627 361 377 1012 843 287 161 225 557 648 0 366 54 241 558 185 697 363 623 679 410 350 522 517 104 133 682 258 169 235 54 242 678 128 299 208 970 505 645 199 258 963 881 443 424 575 239 577 730 838 608 431 550 386 588 875 847 207 672 393 680 126 385 399 485 455 187 236 585 176 547 433 414 806 399 611 66 740 586 410 224 542 717 217 722 666 739 417 548 826 633 792 786 495 186 605 663 685 389 548 938 535 172 530 583 1019 609 465
633 208 125 345 887 851 181 217 115 653 853 501 930 483 417 610 352 792 942 379 543 318 525 318 541 967 728 362 350 436 522 596 366 0 330 399 826 183 923 133 881 510 238 200 434 507 268 312 605 351 514 483 313 561 499 444 481 454 999 721 921 170 151 957 790 590 191 248 595 737 449 785 469 472 575 213 765 899 685 573 871 629 734 433 444 348 339 777 494 157 704 198 298 681 528 498 53 626 313 903 790 717 254 337 818 501 957 489 732 317 355 680 870 753 870 257 489 510 602 642 593 205 946 242 390 318 526 1028 676 486
768 207 446 82 582 874 189 276 315 428 578 694 890 369 689 281 143 744 852 642 223 574 575 308 345 966 792 238 190 194 508 599 54 330 0 200 553 154 684 314 616 626 357 298 470 469 63 82 631 210 222 215 34 248 624 127 267 185 930 487 644 170 238 919 831 411 373 528 266 550 678 790 555 384 505 334 564 833 794 246 653 377 640 177 339 346 431 466 239 190 552 153 495 421 376 756 358 566 17 716 567 414 227 489 683 207 711 612 694 364 494 773 621 745 750 443 182 553 613 637 365 504 896 486 209 478 533 977 570 418
631 372 482 281 504 690 339 226 324 258 455 594 693 173 645 321 343 547 652 596 340 531 415 185 155 774 623 77 389 54 330 419 241 399 200 0 428 287 528 313 482 491 290 257 319 286 218 130 457 62 379 105 230 220 495 167 84 91 730 325 524 302 379 722 652 217 338 511 308 363 604 603 414 194 311 282 384 634 643 333 483 231 440 365 149 209 319 405 419 247 355 302 428 282 177 695 402 372 203 532 399 338 407 396 485 147 560 483 500 249 393 617 472 555 552 384 161 393 435 452 196 507 698 451 409 392 360 778 370 231
894 758 908 607 150 789 736 646 750 203 27 926 693 425 1031 379 663 590 576 983 498 925 671 574 312 811 802 481 712 391 562 611 558 826 553 428 0 690 168 738 68 784 694 675 623 522 603 527 659 483 578 348 585 319 796 431 349 379 667 146 96 707 783 716 789 300 751 921 383 249 965 706 711 458 476 694 215 610 873 451 196 199 460 631 450 575 681 177 648 671 326 698 814 147 364 1063 829 501 566 300 159 168 777 763 395 346 179 786 584 625 752 836 105 659 459 779 373 655 630 612 246 926 677 855 710 767 598 733 419 482
721 93 305 163 732 882 54 222 204 542 716 618 927 423 576 434 179 782 911 532 361 466 561 300 441 986 779 284 193 306 521 608 185 183 154 287 690 0 808 211 751 584 291 230 457 492 93 165 631 261 334 343 133 399 577 278 368 312 981 607 784 17 94 955 829 501 282 408 419 649 586 804 523 427 546 263 670 881 760 392 767 503 697 257 386 339 388 617 320 93 634 27 409 551 451 651 220 605 138 817 683 562 141 423 760 348 839 566 726 335 435 746 749 764 822 358 329 541 619 652 479 375 938 380 231 407 537 1020 630 452
875 885 989 746 287 713 858 724 834 271 158 936 589 469 1068 542 806 513 458 1023 657 971 667 637 383 711 755 563 856 503 565 590 697 923 684 528 168 808 0 819 109 784 757 751 645 534 727 644 635 572 736 470 717 470 799 569 444 501 543 203 150 824 901 608 727 343 819 980 545 220 988 638 720 496 471 763 180 505 841 612 82 308 400 782 503 628 721 343 806 774 293 820 859 264 411 1087 918 476 695 167 137 333 910 800 304 481 39 791 524 678 785 802 67 596 351 832 512 655 606 578 332 993 568 911 858 808 597 611 384 508
522 281 171 359 816 722 241 96 19 552 765 408 797 363 376 579 388 660 811 329 537 262 395 193 437 836 603 259 403 359 389 463 363 133 314 313 738 211 819 0 788 391 106 72 302 376 261 265 474 256 528 411 311 507 382 404 389 386 867 621 833 209 236 824 662 479 73 215 564 623 376 653 343 349 446 81 654 767 568 556 761 540 605 461 325 218 209 713 525 129 583 236 199 592 414 445 105 495 299 785 684 648 332 221 692 439 854 371 599 185 236 559 770 621 742 149 436 379 470 510 496 199 814 173 442 204 393 896 549 358
910 821 959 672 181 781 798 695 801 241 51 952 672 460 1068 446 729 580 547 1021 565 965 691 617 355 792 806 530 779 449 584 624 623 881 616 482 68 751 109 788 0 806 738 724 653 546 665 587 671 534 645 408 649 386 819 496 401 439 636 175 62 768 844 693 787 332 797 965 450 250 996 700 736 491 493 740 211 588 883 518 158 252 455 698 489 615 717 237 716 728 329 759 852 202 399 1095 882 511 629 261 152 235 842 798 376 410 113 810 581 666 786 845 60 655 434 821 438 677 642 620 293 972 653 897 777 804 618 704 424 511
142 666 463 697 912 363 625 365 406 585 807 156 489 375 333 812 743 389 560 303 822 289 118 321 496 488 226 418 770 542 223 206 679 510 626 491 784 584 784 391 806 0 294 355 176 262 596 548 173 442 844 586 640 704 20 653 512 581 583 638 865 586 626 511 296 486 322 350 799 565 229 322 79 339 314 322 606 494 177 822 706 621 417 800 367 287 198 846 864 492 491 611 224 662 431 321 463 314 617 675 660 777 717 174 532 633 822 23 334 263 156 170 763 311 546 255 651 130 194 237 562 397 516 299 805 193 188 588 406 308
430 373 247 418 788 616 331 82 124 498 721 338 692 290 356 593 457 556 711 307 572 242 289 122 384 730 499 220 481 342 287 358 410 238 357 290 694 291 757 106 738 294 0 63 196 279 315 289 368 229 578 395 363 505 287 418 352 376 765 566 788 293 335 719 557 415 64 228 578 550 326 548 239 268 351 29 585 664 470 583 693 499 509 522 255 132 104 694 587 200 502 318 143 550 347 411 203 397 345 707 621 626 424 134 603 432 794 276 496 87 144 459 713 515 648 94 437 273 364 405 449 237 710 163 517 122 289 791 457 270
492 313 239 356 760 667 271 31 89 486 702 398 734 293 401 544 395 594 743 352 516 285 341 122 371 779 556 195 418 306 324 402 350 200 298 257 675 230 751 72 724 355 63 0 242 308 254 235 417 197 518 359 303 463 348 368 328 337 801 555 770 232 278 762 611 410 83 256 529 552 381 596 297 278 376 37 584 701 531 530 692 478 535 460 255 149 160 661 525 138 512 256 197 529 344 462 176 427 285 714 616 595 364 196 621 392 787 337 535 121 206 518 704 560 672 146 393 323 411 448 432 252 750 199 455 183 331 832 478 288
313 546 431 546 745 427 504 239 319 422 648 304 497 204 424 638 598 362 521 381 654 336 106 164 325 537 325 247 631 368 100 162 522 434 470 319 623 457 645 302 653 176 196 242 0 114 449 389 176 273 682 411 488 529 182 483 336 407 571 480 709 463 517 523 373 324 252 365 625 426 345 354 97 168 185 222 466 471 327 650 571 451 331 646 192 125 102 673 708 367 361 483 228 494 263 444 398 215 463 561 514 604 596 163 436 458 683 171 301 124 145 304 615 320 471 222 478 86 169 209 393 396 514 297 663 175 93 596 293 142
382 585 524 549 650 406 544 295 394 323 545 407 436 127 537 587 607 291 435 494 624 448 153 197 242 499 340 231 647 326 48 133 517 507 469 286 522 492 534 376 546 262 279 308 114 0 463 388 174 260 664 359 493 473 274 451 275 363 495 377 604 502 566 464 367 225 341 473 576 314 455 321 190 95 74 299 354 395 377 612 459 363 230 643 137 162 205 589 701 411 248 516 339 401 173 554 479 119 466 448 404 522 631 275 328 408 572 265 234 193 257 345 506 277 370 326 433 135 150 168 305 499 448 404 674 286 83 530 183 57
737 159 385 103 640 865 134 235 259 464 628 652 893 375 635 343 149 746 864 589 280 522 555 286 371 962 774 237 185 226 498 588 104 268 63 218 603 93 727 261 665 596 315 254 449 463 0 88 617 210 268 258 51 306 592 185 295 227 939 527 695 110 182 922 817 435 324 472 329 579 631 782 528 386 507 290 597 840 768 307 690 420 650 207 342 326 398 524 272 133 573 96 449 466 392 705 297 568 46 747 605 471 189 449 702 258 756 581 694 335 457 749 666 739 768 397 237 534 602 629 401 445 901 433 214 436 520 983 581 416
690 244 416 162 577 793 215 209 269 379 553 623 812 292 634 314 221 666 779 585 283 518 494 229 283 886 711 158 263 142 427 517 133 312 82 130 527 165 644 265 587 548 289 235 389 388 88 0 550 130 296 179 106 250 547 139 208 148 855 443 621 182 258 841 749 347 315 479 299 492 614 709 476 305 427 269 510 757 714 296 605 338 566 258 261 266 355 465 319 157 485 177 430 386 305 696 329 488 79 660 520 406 277 418 615 190 674 535 615 287 422 693 584 664 681 380 178 472 532 556 315 462 819 430 287 408 452 900 496 338
240 721 587 710 798 252 679 414 491 472 680 327 335 299 504 760 765 219 389 470 796 447 83 334 409 363 167 396 801 499 128 49 682 605 631 457 659 631 635 474 671 173 368 417 176 174 617 550 0 424 833 533 652 645 192 623 449 537 420 514 732 638 693 360 201 378 418 496 749 423 401 180 151 269 188 395 464 327 215 785 555 523 250 807 310 294 267 749 867 542 345 657 359 555 340 493 566 161 626 513 520 683 771 294 365 581 673 190 162 299 272 179 623 152 374 371 607 96 30 65 466 537 357 435 831 312 99 435 252 231
582 351 426 291 564 665 315 166 268 302 509 537 684 166 584 376 350 537 655 535 382 470 374 127 191 757 588 29 392 114 299 390 258 351 210 62 483 261 572 256 534 442 229 197 273 260 210 130 424 0 411 167 235 279 444 212 134 150 729 371 578 275 349 713 623 245 277 450 363 393 544 580 365 177 298 221 419 631 600 381 522 284 441 384 132 156 262 467 443 206 374 281 367 336 191 635 349 359 208 562 440 399 392 337 499 206 606 432 486 191 335 575 520 535 562 322 216 352 405 427 243 448 691 389 416 332 326 773 373 209
986 327 638 172 549 1068 338 497 526 527 597 915 1061 549 902 204 172 917 1001 857 82 789 784 524 485 1148 998 438 200 345 707 796 169 514 222 379 578 334 736 528 645 844 578 518 682 664 268 296 833 411 0 331 218 272 843 218 413 314 1086 567 652 345 383 1090 1030 549 591 737 197 663 898 980 770 572 687 554 664 995 1008 131 729 459 800 91 528 560 651 434 73 400 688 317 715 485 536 972 554 746 234 812 648 412 309 710 817 292 755 831 874 582 715 985 670 932 889 663 257 763 813 830 475 707 1062 701 173 699 735 1140 729 609
723 416 576 284 407 751 390 328 420 215 374 696 732 234 750 229 346 590 671 701 275 636 501 289 154 823 699 180 396 53 406 490 235 483 215 105 348 343 470 411 408 586 395 359 411 359 258 179 533 167 331 0 248 118 591 117 87 32 755 273 442 360 436 760 720 218 441 614 217 344 708 661 508 265 367 385 354 665 730 255 438 163 469 343 226 310 422 303 386 327 359 352 533 209 209 800 492 423 225 505 353 238 441 500 490 49 499 580 550 353 496 701 409 613 561 488 77 480 508 518 154 608 732 554 405 496 439 809 399 303
781 176 432 58 611 897 162 283 309 461 610 700 918 397 686 302 115 771 882 640 231 572 593 325 377 991 812 263 159 227 531 621 54 313 34 230 585 133 717 311 649 640 363 303 488 493 51 106 652 235 218 248 0 278 637 157 299 218 959 520 675 148 211 947 853 443 374 522 287 583 681 814 570 411 532 339 598 862 810 260 686 410 669 161 366 364 443 494 225 184 583 127 498 454 407 755 345 593 28 749 601 445 194 496 714 240 744 625 720 378 503 790 654 769 782 446 214 572 636 660 399 495 924 484 182 484 554 1005 599 444
840 453 665 291 335 854 437 433 514 261 342 813 821 347 860 117 345 683 745 811 198 745 617 404 247 919 811 296 394 167 519 601 242 561 248 220 319 399 470 507 386 704 505 463 529 473 306 250 645 279 272 118 278 0 709 122 198 129 833 296 405 415 486 848 828 302 546 717 109 397 823 765 626 379 472 492 395 748 846 163 458 190 556 313 342 427 538 219 338 407 432 400 645 214 312 913 578 526 264 542 377 168 465 615 557 74 491 697 649 468 612 816 403 715 630 599 73 596 620 626 216 706 817 661 392 611 554 891 488 416
145 658 448 694 922 381 617 360 396 596 819 139 508 384 314 815 739 408 579 284 823 270 134 321 505 506 242 420 765 546 236 223 678 499 624 495 796 577 799 382 819 20 287 348 182 274 592 547 192 444 843 591 637 709 0 655 518 585 602 650 878 580 617 530 313 497 312 333 803 580 210 340 87 348 329 315 621 513 187 824 721 630 435 797 374 289 195 854 861 485 506 604 210 672 441 303 451 330 615 692 674 785 710 163 549 638 837 13 353 261 146 183 777 330 564 243 655 144 212 256 572 381 535 284 801 181 203 607 422 318
793 332 553 178 456 852 316 341 408 328 455 744 843 332 769 176 237 700 787 720 173 653 580 336 269 931 789 236 287 128 496 584 128 444 127 167 431 278 569 404 496 653 418 368 483 451 185 139 623 212 218 117 157 122 655 0 196 96 870 380 520 294 365 872 817 334 450 617 161 459 743 764 576 358 470 401 467 778 808 170 546 267 583 226 314 367 470 340 269 293 476 279 561 306 319 828 466 529 142 618 461 288 348 540 607 90 595 643 657 399 541 783 505 716 678 511 59 559 601 616 269 601 845 566 293 533 526 923 512 395
646 451 559 344 437 665 420 298 401 175 376 630 648 150 702 312 407 505 594 653 360 590 420 236 79 738 615 134 455 74 322 405 299 481 267 84 349 368 444 389 401 512 352 328 336 275 295 208 449 134 413 87 299 198 518 196 0 100 676 242 445 384 461 677 635 145 405 578 302 285 650 575 433 182 280 348 303 584 649 341 400 151 388 416 146 248 361 347 463 330 287 383 482 203 124 745 481 338 273 453 316 278 483 441 418 134 477 507 464 295 435 619 389 527 488 442 163 400 424 432 113 579 650 514 470 441 357 728 317 219
719 385 549 255 434 760 359 307 395 244 405 685 748 241 732 231 318 604 692 683 263 617 500 276 174 836 703 168 367 40 409 495 208 454 185 91 379 312 501 386 439 581 376 337 407 363 227 148 537 150 314 32 218 129 585 96 100 0 774 303 473 329 405 776 727 240 420 592 219 370 694 671 503 269 376 365 382 683 729 249 468 194 487 319 227 300 410 328 365 298 382 321 516 240 223 784 465 435 195 533 383 264 410 486 513 56 530 573 562 340 484 701 440 623 583 470 72 478 513 525 182 584 749 534 378 482 441 827 416 307
581 1074 1000 1011 812 279 1034 789 885 578 673 722 104 564 914 944 1073 209 91 885 1025 866 501 691 602 201 405 703 1117 748 478 412 970 999 930 730 667 981 543 867 636 583 765 801 571 495 939 855 420 729 1086 755 959 833 602 870 676 774 0 568 690 992 1059 98 335 538 822 916 939 447 806 269 571 556 436 787 466 101 514 995 478 650 290 1090 598 656 672 825 1139 904 402 1004 778 649 556 889 967 378 931 378 513 781 1118 712 282 795 568 603 270 683 690 481 577 273 211 786 829 509 412 367 617 955 72 853 1138 729 478 69 361 529
749 685 792 554 285 658 657 526 635 69 169 782 578 286 893 392 615 462 477 846 494 790 525 445 185 691 660 364 665 302 417 466 505 721 487 325 146 607 203 621 175 638 566 555 480 377 527 443 514 371 567 273 520 296 650 380 242 303 568 0 230 623 700 604 652 158 626 792 391 123 823 571 566 318 330 569 105 498 729 455 167 113 329 601 315 441 543 262 633 572 191 619 678 86 225 922 718 357 497 246 82 213 712 624 287 291 236 641 448 492 612 692 149 523 358 647 324 509 485 469 130 801 567 724 672 629 452 632 280 338
970 850 1003 694 143 841 828 741 845 293 69 1010 729 514 1122 450 749 640 602 1074 571 1017 750 667 405 850 867 576 798 486 643 684 645 921 644 524 96 784 150 833 62 865 788 770 709 604 695 621 732 578 652 442 675 405 878 520 445 473 690 230 0 800 875 750 847 387 845 1015 456 311 1052 761 794 546 553 788 272 645 944 523 214 294 516 711 541 667 771 226 724 766 390 790 905 242 453 1151 925 572 657 312 214 242 867 853 435 437 139 869 642 718 841 906 118 716 491 872 462 736 702 681 340 1020 710 948 793 857 678 758 485 567
723 84 294 175 748 889 43 227 200 558 733 616 937 436 569 449 186 792 923 526 374 461 567 308 456 995 784 297 195 322 530 616 199 170 170 302 707 17 824 209 768 586 293 232 463 502 110 182 638 275 345 360 148 415 580 294 384 329 992 623 800 0 77 965 836 516 280 400 434 664 582 812 528 438 557 265 685 892 763 406 783 519 709 265 399 347 392 633 328 97 648 30 407 567 465 645 210 615 154 832 699 579 133 423 773 365 855 568 736 341 436 750 765 772 835 357 346 548 627 660 495 366 948 375 235 408 545 1031 643 463
757 60 272 223 820 944 50 279 223 635 808 638 1000 508 567 510 213 857 992 528 424 465 619 370 533 1053 833 370 203 399 591 675 258 151 238 379 783 94 901 236 844 626 335 278 517 566 182 258 693 349 383 436 211 486 617 365 461 405 1059 700 875 77 0 1029 888 592 308 397 496 740 594 870 573 508 624 306 762 959 803 461 860 596 779 296 470 408 437 704 352 156 722 87 430 644 539 647 201 682 223 909 776 651 104 457 847 439 932 607 799 394 472 793 842 832 907 383 418 600 684 720 572 355 1013 385 243 439 603 1096 714 531
494 1048 946 1001 864 184 1008 753 842 602 725 642 29 551 838 962 1061 176 155 812 1034 798 442 659 608 108 317 685 1104 746 439 362 963 957 919 722 716 955 608 824 693 511 719 762 523 464 922 841 360 713 1090 760 947 848 530 872 677 776 98 604 750 965 1029 0 244 547 773 853 956 481 729 190 509 537 415 744 506 107 425 1008 537 673 293 1086 581 622 622 865 1138 874 423 980 717 679 554 807 920 354 919 442 559 815 1094 653 321 804 636 532 230 642 631 394 634 208 260 730 836 453 357 315 634 895 41 794 1128 671 432 78 362 506
252 919 756 910 936 69 877 611 679 625 806 408 232 487 606 944 965 217 351 586 989 582 270 533 584 195 77 595 1001 691 324 234 881 790 831 652 789 829 727 662 787 296 557 611 373 367 817 749 201 623 1030 720 853 828 313 817 635 727 335 652 847 836 888 244 0 541 600 646 935 541 496 90 322 460 357 585 578 276 182 975 647 685 332 1007 504 493 454 905 1066 740 464 855 518 709 517 569 747 307 826 576 636 844 969 461 425 768 761 319 206 496 440 153 731 132 398 543 796 289 218 203 633 693 264 594 1031 480 299 318 373 422
604 588 649 488 426 560 554 384 495 99 325 626 519 129 736 417 551 382 453 689 488 634 376 295 67 618 536 230 599 219 268 330 443 590 411 217 300 501 343 479 332 486 415 410 324 225 435 347 378 245 549 218 443 302 497 334 145 240 538 158 387 516 592 547 541 0 476 639 410 149 666 470 412 160 192 420 176 449 591 461 282 146 255 558 161 287 386 371 603 450 143 518 521 178 68 764 580 235 416 317 207 306 623 467 274 258 380 488 350 337 454 556 301 420 344 492 292 359 350 344 92 651 517 570 614 472 304 593 187 182
450 353 184 425 840 661 314 113 86 558 778 337 747 352 319 626 457 614 771 271 594 203 337 182 442 779 538 272 474 388 346 413 424 191 373 338 751 282 819 73 797 322 64 83 252 341 324 315 418 277 591 441 374 546 312 450 405 420 822 626 845 280 308 773 600 476 0 174 611 613 308 597 279 331 414 58 647 722 498 610 756 554 571 528 317 195 152 743 593 196 566 308 128 606 409 383 148 458 359 770 682 676 404 150 666 475 855 302 553 151 167 491 774 567 710 77 476 323 417 459 506 176 766 116 512 132 345 846 521 333
438 454 142 566 1013 713 422 286 214 725 948 282 829 511 171 793 586 711 878 132 750 79 416 348 610 838 574 445 592 561 464 507 575 248 528 511 921 408 980 215 965 350 228 256 365 473 472 479 496 450 737 614 522 717 333 617 578 592 916 792 1015 400 397 853 646 639 174 0 778 768 212 666 346 485 546 230 805 820 503 771 913 726 695 664 479 353 268 916 727 339 713 430 140 777 571 251 197 580 512 918 844 849 500 207 800 647 1017 328 651 302 228 510 939 647 835 149 646 409 505 551 676 55 853 70 632 191 450 929 655 479
937 453 709 278 356 962 447 501 568 363 402 899 928 451 930 15 318 791 851 881 116 814 717 489 355 1027 916 384 362 258 623 706 239 595 266 308 383 419 545 564 450 799 578 529 625 576 329 299 749 363 197 217 287 109 803 161 302 219 939 391 456 434 496 956 935 410 611 778 0 499 902 872 721 482 579 562 493 855 946 68 545 291 664 263 442 516 624 239 269 449 538 413 720 305 419 988 621 633 283 635 468 216 453 697 661 169 561 791 757 553 697 917 478 823 734 671 148 696 725 732 323 760 924 727 349 691 656 998 596 519
662 734 790 624 397 541 701 527 638 137 266 716 456 261 849 502 687 343 357 805 594 755 448 434 209 569 557 378 737 357 345 376 577 737 550 363 249 649 220 623 250 565 550 552 426 314 579 492 423 393 663 344 583 397 580 459 285 370 447 123 311 664 740 481 541 149 613 768 499 0 768 457 500 284 252 559 42 375 634 559 146 209 211 685 299 419 505 385 724 598 79 665 643 202 210 867 725 262 557 169 98 335 768 582 166 374 259 572 335 467 567 595 201 410 238 620 409 436 393 370 191 785 445 699 748 591 377 510 174 291
256 646 354 732 1079 565 611 406 383 762 990 90 709 540 110 916 763 617 787 99 897 135 337 420 658 691 420 528 777 657 426 430 730 449 678 604 965 586 988 376 996 229 326 381 345 455 631 614 401 544 898 708 681 823 210 743 650 694 806 823 1052 582 594 729 496 666 308 212 902 768 0 540 273 507 520 346 808 720 328 908 913 783 641 835 519 403 290 997 900 503 699 610 184 830 602 100 397 532 665 893 857 928 696 209 755 749 1026 212 562 357 216 347 959 535 772 236 758 342 421 465 727 266 737 210 816 212 398 806 621 486
314 895 764 870 853 90 854 591 671 549 721 455 170 432 649 881 928 127 269 622 934 609 261 505 518 184 142 552 967 637 285 196 838 785 790 603 706 804 638 653 700 322 548 596 354 321 782 709 180 580 980 661 814 765 340 764 575 671 269 571 761 812 870 190 90 470 597 666 872 457 540 0 325 409 296 574 493 195 251 916 558 612 246 963 454 465 446 828 1020 717 382 829 532 632 454 621 745 239 787 487 551 768 944 469 336 709 672 343 124 476 448 215 645 50 309 548 738 276 186 154 562 710 198 608 994 488 267 267 294 373
218 609 440 628 836 383 567 302 359 511 735 217 485 298 366 734 676 368 536 328 746 298 72 247 419 504 261 341 706 464 156 166 608 469 555 414 711 523 720 343 736 79 239 297 97 190 528 476 151 365 770 508 570 626 87 576 433 503 571 566 794 528 573 509 322 412 279 346 721 500 273 325 0 262 250 268 541 476 240 745 643 544 371 730 289 212 137 768 793 431 429 550 208 586 355 371 426 260 547 621 592 700 660 144 484 555 758 76 308 193 123 223 695 303 506 224 573 71 162 208 486 387 508 285 740 163 126 585 349 232
468 519 511 466 577 496 480 256 366 256 483 471 508 36 577 493 525 361 485 530 530 476 241 156 158 582 435 149 568 232 141 227 431 472 384 194 458 427 496 349 491 339 268 278 168 95 386 305 269 177 572 265 411 379 348 358 182 269 556 318 546 438 508 537 460 160 331 485 482 284 507 409 262 0 122 279 320 456 468 517 428 283 271 556 46 136 227 507 612 354 236 449 364 326 95 605 453 183 383 440 361 438 563 308 346 313 533 338 310 184 295 438 459 362 401 337 339 220 245 259 225 502 516 416 592 314 176 598 207 38
419 639 597 587 612 385 599 360 463 285 498 465 386 139 607 588 647 240 369 564 639 521 198 260 228 463 346 271 689 342 95 139 550 575 505 311 476 546 471 446 493 314 351 376 185 74 507 427 188 298 687 367 532 472 329 470 280 376 436 330 553 557 624 415 357 192 414 546 579 252 520 296 250 122 0 369 293 336 401 621 394 337 160 675 167 228 279 562 730 469 180 569 412 368 161 619 549 61 505 377 346 497 683 347 255 414 509 321 190 264 329 366 449 247 298 400 443 185 159 155 281 573 394 477 714 359 126 476 109 94
458 344 232 392 783 643 303 61 98 501 720 362 717 298 369 576 430 580 732 320 551 253 317 126 385 757 528 215 453 333 310 383 386 213 334 282 694 263 763 81 740 322 29 37 222 299 290 269 395 221 554 385 339 492 315 401 348 365 787 569 788 265 306 744 585 420 58 230 562 559 346 574 268 279 369 0 593 687 499 564 701 497 528 496 262 145 132 687 561 172 514 290 162 548 353 428 181 417 321 718 627 619 395 161 619 420 799 304 519 106 172 488 717 541 666 111 424 300 390 430 449 233 734 170 490 147 313 816 474 285
703 754 822 636 364 576 722 558 669 140 229 757 482 296 889 495 699 375 375 844 593 793 489 467 230 598 596 405 748 372 386 417 588 765 564 384 215 670 180 654 211 606 585 584 466 354 597 510 464 419 664 354 598 395 621 467 303 382 466 105 272 685 762 506 578 176 647 805 493 42 808 493 541 320 293 593 0 400 674 555 109 206 247 692 332 454 543 360 727 624 120 685 681 190 241 908 755 303 572 152 59 316 785 621 186 380 218 613 372 503 606 636 160 447 255 656 414 477 434 411 200 821 469 735 758 629 419 531 214 329
