250
0 399 374 543 191 623 870 979 237 482 742 468 653 421 1056 330 950 533 560 181 1056 556 80 498 619 77 619 458 213 240 652 701 175 298 788 833 809 158 212 929 537 337 718 939 689 437 691 856 576 339 569 342 424 602 664 614 682 512 345 418 420 507 339 458 497 763 220 529 913 577 217 483 1030 740 438 581 347 501 445 507 429 304 919 463 348 432 782 1001 650 541 604 483 298 883 711 264 673 396 830 554 546 277 591 791 479 822 612 831 668 829 573 62 451 353 644 746 440 539 653 467 567 504 245 898 724 985 483 357 245 889 740 1025 409 776 602 561 911 329 701 97 528 891 340 959 795 491 328 525 425 295 812 915 933 599 208 465 699 572 529 942 586 690 430 865 930 480 581 666 516 527 142 933 935 340 242 409 539 284 370 592 397 258 869 518 51 1021 447 897 923 887 988 492 657 453 198 892 813 797 441 161 531 968 975 29 718 929 124 773 494 411 204 778 605 369 606 477 280 225 274 260 676 578 915 21 685 596 32 432 671 957 1054 983 187 349 89 945 786 529 514 441 339 519 556 249 950 21 869 141 651 617
399 0 420 205 509 542 639 966 236 746 645 761 503 42 750 405 909 141 840 221 1086 162 380 792 532 390 286 209 585 196 574 527 475 201 842 805 590 245 291 1011 139 685 728 907 845 43 840 843 592 92 752 200 111 305 541 552 652 822 402 644 675 713 505 798 853 891 551 248 948 637 329 625 720 415 109 787 567 698 55 832 789 283 678 653 669 93 453 975 421 389 460 133 680 885 419 374 700 674 565 696 156 624 656 579 89 765 237 830 317 632 175 348 633 130 439 437 96 704 660 812 211 737 556 837 688 771 262 341 558 894 615 704 356 456 506 223 673 105 821 310 787 828 661 725 481 695 106 836 780 485 609 789 953 202 495 351 841 529 791 821 685 363 687 920 762 831 289 626 234 158 517 847 669 412 203 708 625 117 368 194 211 173 813 265 408 1011 411 991 793 591 705 846 511 278 240 728 477 918 785 313 529 1038 783 372 625 1011 325 848 520 155 303 534 550 354 668 572 125 579 171 532 597 180 984 381 352 236 428 81 718 939 752 731 471 234 466 777 864 159 270 697 103 619 641 392 927 387 561 259 544 361
374 420 0 402 287 255 546 616 469 373 372 408 309 461 773 45 580 543 467 322 710 499 294 434 253 299 441 605 391 263 282 363 262 224 447 464 483 317 192 608 526 416 355 571 425 429 420 491 209 330 337 222 345 391 306 243 310 477 30 264 309 310 129 491 558 474 316 337 566 230 166 208 752 517 522 377 206 293 425 501 513 141 596 249 369 369 556 635 360 228 267 392 471 522 461 110 315 328 534 277 558 374 249 463 501 449 495 468 497 489 547 326 229 291 337 504 375 288 287 508 438 344 293 526 352 643 265 82 297 530 377 759 98 541 241 411 588 319 404 315 405 518 363 628 550 292 444 490 497 147 476 545 580 540 249 163 421 199 410 572 268 482 319 527 571 533 373 293 333 575 364 559 628 36 443 373 209 355 58 545 575 278 497 305 331 659 93 584 554 611 690 550 311 217 253 533 589 502 484 228 158 641 623 357 348 608 261 444 126 544 191 474 234 73 262 153 334 361 268 241 306 554 586 375 484 461 398 498 322 592 767 662 246 190 352 585 460 435 296 327 452 200 226 128 584 384 607 331 289 360
543 205 402 0 596 418 442 834 432 771 500 800 350 226 547 408 769 218 866 367 967 130 498 828 407 508 83 391 690 303 447 358 561 257 748 676 399 388 366 919 189 765 624 770 802 169 794 718 510 211 733 221 121 106 396 437 537 867 397 662 703 711 520 864 927 831 637 81 838 570 393 603 517 212 288 776 595 693 155 886 870 305 478 650 734 123 252 836 239 262 318 73 785 764 215 411 608 715 363 663 229 709 589 390 213 627 94 712 126 445 187 483 630 190 267 233 116 682 563 880 37 746 630 692 566 575 145 325 634 774 459 504 309 253 382 20 473 219 762 446 805 682 727 526 277 693 308 881 857 518 422 621 836 157 570 265 791 429 810 652 631 161 714 822 580 903 96 509 76 274 631 691 466 411 396 756 574 281 345 169 410 285 671 116 534 877 349 907 623 387 501 919 358 190 348 548 279 852 853 410 451 940 593 514 483 919 437 764 459 349 380 337 438 331 598 535 274 674 270 592 465 194 888 528 151 61 573 261 634 805 549 529 551 235 588 594 781 63 125 723 307 576 586 436 792 536 358 408 406 175
191 509 287 596 0 538 831 838 410 291 650 280 596 541 1049 248 820 650 371 302 899 648 145 311 537 139 660 619 105 316 562 649 36 342 633 706 768 280 232 760 646 176 583 807 509 539 513 721 454 427 387 376 494 625 593 522 568 330 266 233 230 323 196 291 344 587 43 557 758 436 204 321 1025 763 576 395 172 319 543 332 281 298 881 285 167 510 804 864 632 504 552 554 194 741 719 203 535 205 812 385 664 116 447 748 597 706 681 693 714 776 678 195 277 419 615 759 518 364 526 304 627 315 56 780 608 930 494 315 56 746 661 1029 362 793 527 611 873 414 530 223 338 774 159 915 807 308 469 344 271 153 763 822 782 692 39 430 522 477 338 846 429 719 240 706 855 323 605 558 547 658 90 822 909 254 405 222 392 398 313 690 564 339 751 535 144 878 378 725 831 882 969 337 597 452 270 818 837 622 277 197 425 801 909 199 627 760 187 612 383 565 218 753 511 320 461 336 386 80 346 78 584 684 750 207 717 656 194 563 526 819 1044 947 46 365 113 869 623 602 528 251 480 369 408 176 814 211 873 274 574 617
623 542 255 418 538 0 326 425 672 535 120 586 104 580 577 299 369 623 614 533 552 546 545 604 11 551 407 749 640 458 34 151 516 395 336 264 267 537 421 505 597 643 210 366 443 530 431 304 143 472 422 365 435 344 68 29 120 651 282 440 490 435 354 692 761 446 563 338 420 212 407 319 562 417 650 471 418 417 520 685 728 338 373 392 587 459 443 434 230 159 106 451 713 349 346 361 204 524 348 342 636 611 224 247 598 225 498 295 452 255 602 570 377 423 192 386 460 375 158 709 449 484 535 300 150 400 288 271 539 358 124 580 223 421 37 416 365 466 384 552 548 291 583 396 418 424 606 663 711 388 249 293 419 574 499 195 424 65 555 320 281 406 497 406 318 735 339 92 345 672 618 321 419 290 640 570 244 526 254 587 739 463 274 304 583 470 177 497 301 435 485 752 99 264 468 280 471 459 689 467 125 523 373 603 96 506 503 359 167 692 425 287 39 257 226 251 506 607 446 481 58 609 473 621 415 459 649 621 237 398 568 438 499 334 607 332 376 475 295 501 612 262 245 382 385 630 446 555 43 275
870 639 546 442 831 326 0 542 842 860 276 911 240 666 258 584 464 651 938 733 692 555 801 929 321 809 375 833 936 653 320 185 803 586 579 430 64 746 659 720 621 957 469 476 744 608 730 472 464 611 742 543 534 337 259 352 390 976 566 764 814 760 664 1014 1083 725 862 392 607 530 661 644 248 281 730 791 735 742 594 1010 1047 568 50 717 904 548 273 528 228 332 280 510 1017 519 235 634 489 846 97 662 659 918 539 84 654 367 469 486 380 80 606 811 701 568 227 242 544 698 451 1031 452 809 838 390 383 133 404 524 843 529 228 275 473 252 319 427 42 612 675 783 873 382 899 90 230 749 735 988 1030 692 78 259 586 560 794 409 720 389 879 283 596 314 821 623 175 1058 351 373 407 709 901 356 98 579 806 892 567 682 520 577 849 647 386 383 841 576 454 728 254 161 163 1075 240 422 682 163 282 727 1010 711 448 721 160 846 283 721 747 617 488 789 668 106 363 515 538 575 667 906 627 786 311 611 684 863 328 442 900 702 525 516 247 117 788 526 878 184 631 502 382 825 736 586 566 659 501 872 195 766 283 280
979 966 616 834 838 425 542 0 1078 678 336 737 485 1005 768 657 79 1045 708 932 150 963 900 737 435 903 807 1172 920 864 393 489 830 807 220 161 525 931 806 232 1018 867 262 68 428 954 414 126 407 893 515 783 860 746 438 414 318 779 645 641 678 574 647 857 916 355 845 755 123 405 781 521 770 774 1074 548 672 566 944 821 914 737 562 577 806 883 784 37 611 581 517 873 962 98 705 722 307 721 626 473 1057 863 392 518 1022 208 904 149 841 474 1020 938 576 845 576 735 884 506 329 871 862 617 810 155 279 498 711 666 814 94 382 804 628 761 461 828 556 886 362 930 661 164 806 544 747 578 1025 784 896 692 491 288 85 987 802 616 400 442 666 272 414 783 677 180 384 894 746 342 764 1095 927 190 626 646 1048 755 447 942 642 1001 1159 873 167 724 931 45 574 261 295 702 679 908 477 688 864 382 803 332 862 843 462 210 439 966 352 233 875 258 491 1114 806 588 418 651 378 505 921 883 858 763 372 1027 201 983 795 867 999 1045 313 29 753 594 813 750 936 383 257 893 715 674 1032 470 430 733 43 992 733 946 429 671
237 236 469 432 410 672 842 1078 0 693 789 689 665 238 978 434 1034 340 778 148 1178 394 266 720 665 272 514 224 449 215 705 702 383 278 916 920 786 156 280 1074 353 570 821 1027 861 278 860 952 674 232 749 313 316 521 692 673 762 739 442 611 625 696 496 691 732 925 446 454 1034 698 314 640 949 644 226 772 532 685 291 738 665 341 885 641 575 310 683 1094 615 544 617 360 533 987 638 376 783 610 778 715 349 509 716 772 290 893 472 932 550 821 391 215 625 275 623 662 317 710 751 702 444 703 465 970 803 969 439 412 465 995 771 935 452 684 642 451 879 230 857 192 739 961 567 931 708 678 133 752 660 460 799 951 1047 430 414 482 865 639 740 981 727 592 637 995 942 716 503 740 439 317 377 992 884 444 37 631 671 161 436 418 161 210 942 460 271 1122 505 1046 957 815 927 728 671 432 217 905 709 957 675 260 617 1108 973 218 765 1073 243 910 592 183 284 739 668 427 730 610 176 458 228 463 729 394 1053 217 582 470 255 231 791 1053 980 943 388 340 323 957 925 394 461 647 140 657 689 378 1043 218 788 149 687 564
482 746 373 771 291 535 860 678 693 0 612 60 627 784 1109 364 686 883 96 567 696 856 429 70 540 424 814 890 312 554 544 681 312 550 459 587 800 549 458 537 872 210 467 668 269 767 279 585 400 655 163 568 697 763 602 508 500 117 375 110 72 110 252 180 243 354 266 709 572 342 419 216 1091 886 831 138 181 124 766 154 237 477 907 144 158 719 922 711 715 585 600 751 311 586 825 375 423 87 873 220 898 236 340 781 834 613 864 553 869 788 898 481 160 631 685 869 726 181 439 195 807 62 237 672 529 925 637 447 238 587 645 1105 471 906 544 782 899 642 321 502 47 669 162 928 912 115 730 128 219 263 783 761 605 899 280 532 292 472 48 776 291 853 60 513 824 220 746 505 705 903 359 726 952 360 683 90 298 649 428 902 841 576 646 678 434 709 449 497 771 957 1018 234 625 590 517 791 955 389 185 449 413 581 887 489 595 536 454 422 376 832 447 811 498 442 348 286 632 280 576 230 557 905 538 498 856 831 483 813 396 667 1100 971 305 543 400 835 427 797 669 50 741 277 304 355 667 502 960 549 577 727
742 645 372 500 650 120 276 336 789 612 0 667 150 683 533 416 270 713 682 652 476 629 664 681 126 670 472 853 750 576 91 158 629 511 310 185 231 656 541 464 686 742 194 271 470 629 456 229 215 582 478 479 536 411 105 130 118 729 400 528 577 506 460 780 848 450 672 422 361 271 527 399 523 448 752 527 518 490 618 766 821 457 316 472 684 558 465 337 277 256 187 543 818 278 378 480 215 614 330 401 725 715 276 216 695 129 569 232 507 197 686 690 460 533 240 412 559 439 181 796 527 556 642 194 108 314 385 391 647 288 54 549 343 442 148 493 308 577 400 672 618 184 681 326 432 498 716 739 803 498 202 174 350 652 611 308 445 174 625 201 332 452 582 364 214 823 411 108 432 765 732 204 373 407 756 659 314 640 374 667 848 579 172 392 702 379 297 466 182 417 437 839 142 370 587 179 488 454 778 587 227 473 276 723 25 465 623 345 269 798 545 279 140 377 272 340 620 715 562 589 67 693 429 741 463 532 768 723 251 308 521 373 613 449 724 226 360 560 385 584 721 337 309 499 294 750 438 674 103 336
468 761 408 800 280 586 911 737 689 60 667 0 676 797 1157 393 745 899 92 571 752 879 423 32 590 418 847 893 282 566 596 730 306 569 518 646 850 551 471 591 890 167 526 727 324 784 335 644 454 671 222 591 719 798 652 560 556 69 406 150 101 169 282 121 184 409 249 742 630 399 433 269 1139 924 840 194 205 182 785 100 179 500 959 196 125 740 962 770 758 627 647 775 266 645 866 395 481 87 920 278 914 205 397 830 849 672 892 612 903 840 918 475 210 650 730 909 747 240 496 136 835 121 225 731 586 979 670 477 225 646 698 1152 506 946 593 812 950 658 379 499 86 728 131 981 954 172 737 82 162 284 834 818 663 922 277 570 349 522 82 834 349 890 92 570 880 161 781 560 736 916 337 785 1002 391 682 59 354 658 460 924 841 589 705 711 423 768 489 551 829 1003 1067 176 674 623 526 846 995 443 126 455 463 635 943 478 649 590 456 481 424 836 459 858 549 474 406 336 642 254 591 232 611 925 593 485 892 860 465 824 455 726 1149 1023 303 568 382 891 485 822 702 86 747 331 361 373 726 488 1004 549 628 766
653 503 309 350 596 104 240 485 665 627 150 676 0 539 482 349 419 564 710 537 623 479 578 696 96 586 324 711 700 458 118 55 569 391 430 331 177 545 442 595 536 718 304 421 547 484 535 374 245 447 522 353 393 262 50 133 212 743 331 528 578 532 425 777 846 548 625 273 501 315 438 414 465 317 608 572 496 514 473 775 809 352 289 485 665 414 341 487 133 121 50 395 779 422 245 403 305 609 248 442 576 680 328 157 547 278 419 372 362 181 536 596 468 398 95 285 413 475 259 794 377 580 600 343 230 337 241 297 605 432 113 480 245 319 85 343 281 444 487 572 644 333 660 320 315 519 581 755 792 453 168 289 494 503 558 190 527 159 650 320 384 311 585 495 281 820 261 186 283 617 669 346 327 342 631 655 344 510 289 517 709 457 322 244 618 529 218 591 294 334 392 837 9 235 478 243 368 560 773 493 215 609 323 630 135 596 529 457 252 657 450 186 141 286 330 343 491 669 439 548 127 543 562 648 321 382 681 579 338 457 474 355 553 328 651 296 473 411 237 590 585 360 347 427 443 657 343 565 70 188
421 42 461 226 541 580 666 1005 238 784 683 797 539 0 765 445 948 113 878 246 1126 158 408 828 571 418 304 173 613 232 613 561 507 241 882 844 619 270 327 1052 118 717 768 946 886 58 881 882 633 132 792 242 147 329 578 592 691 858 442 683 712 753 544 831 884 932 583 278 988 678 365 666 734 430 70 827 605 738 72 867 820 323 703 692 703 126 467 1013 451 427 497 156 707 925 441 413 741 711 588 737 126 655 697 608 59 803 242 870 328 662 156 372 673 171 471 456 127 745 700 845 226 775 589 875 727 798 298 382 591 934 651 716 397 472 545 243 698 145 862 335 825 865 695 751 497 734 105 872 811 523 639 824 993 193 529 391 882 569 828 855 726 380 724 961 794 863 315 665 264 120 543 884 691 452 207 744 666 144 409 181 185 209 851 298 433 1050 452 1032 828 610 725 878 547 317 273 760 489 959 817 346 570 1079 812 394 662 1052 355 889 561 124 339 560 590 395 709 613 156 609 208 567 635 160 1025 402 368 248 448 41 759 978 768 754 504 275 492 808 906 173 304 735 98 660 682 430 965 407 578 283 582 390
1056 750 773 547 1049 577 258 768 978 1109 533 1157 482 765 0 806 690 713 1190 897 916 621 995 1177 571 1004 465 912 1153 822 575 429 1018 759 833 676 312 914 851 965 685 1189 725 706 1001 711 988 716 718 752 997 715 663 461 510 605 647 1224 789 1009 1059 1012 898 1256 1325 981 1083 533 848 786 862 895 32 336 817 1047 972 994 697 1256 1284 763 219 966 1140 669 298 747 418 547 513 620 1240 760 347 847 747 1088 240 917 715 1145 796 331 734 614 528 734 437 337 657 995 949 718 437 318 662 952 708 1273 540 1060 1064 624 640 272 574 735 1068 770 485 65 688 295 565 528 227 756 933 963 1125 617 1134 225 271 1000 854 1236 1268 920 335 482 823 606 1014 619 977 638 1131 497 853 387 1066 871 385 1299 481 630 547 769 1110 579 161 803 943 1134 821 824 738 624 945 810 626 539 1035 796 682 976 474 170 96 1316 484 607 860 393 278 982 1251 903 696 960 331 1030 541 966 936 872 734 881 862 301 615 729 794 824 814 1127 791 1013 568 659 928 1046 398 518 1087 793 783 744 16 175 1004 709 1080 386 885 593 543 1071 853 838 821 874 729 1055 191 935 535 440
330 405 45 408 248 299 584 657 434 364 416 393 349 445 806 0 623 533 459 287 747 497 250 421 296 256 454 581 352 235 326 402 221 204 482 506 520 280 155 640 518 385 395 613 444 417 440 532 250 313 348 211 339 408 348 287 353 461 18 255 296 312 113 468 534 498 279 349 603 265 125 222 784 539 503 384 188 296 415 483 485 123 634 251 342 362 579 677 390 260 305 390 435 562 487 67 354 310 568 295 548 340 282 501 488 492 501 509 510 529 542 283 231 279 370 529 368 300 328 484 444 342 258 569 395 684 278 85 262 569 420 790 121 565 283 419 626 301 429 274 399 562 335 667 576 294 418 475 470 118 516 589 618 539 210 189 443 244 403 616 296 501 307 562 614 509 390 337 343 562 322 603 663 11 410 353 238 330 71 542 547 252 540 320 287 700 131 614 598 642 724 526 351 231 218 576 612 528 459 187 201 674 665 314 392 640 219 476 167 520 152 508 278 83 296 178 309 323 244 208 350 549 620 332 502 468 354 480 359 634 801 700 205 183 309 628 492 435 311 316 428 226 256 84 625 340 636 293 332 385
950 909 580 769 820 369 464 79 1034 686 270 745 419 948 690 623 0 982 726 890 229 898 870 748 378 874 738 1117 908 819 336 419 809 759 236 117 449 891 767 294 955 865 238 22 453 896 438 103 375 841 525 732 802 678 374 363 273 793 610 637 678 579 626 866 927 389 831 691 176 385 745 511 692 700 1017 563 660 568 885 834 920 694 483 573 804 824 709 69 541 522 454 812 956 108 632 689 286 721 548 472 994 856 376 441 962 145 836 134 770 397 955 905 570 792 507 660 825 508 298 880 795 625 797 79 231 421 651 623 801 112 312 726 582 686 404 762 478 834 381 895 674 89 803 466 670 580 974 800 902 671 414 210 143 921 783 563 423 395 680 194 407 710 678 222 306 905 679 294 701 1034 909 112 547 612 1003 758 431 893 601 935 1107 826 98 661 904 115 529 318 216 624 601 919 411 632 822 303 727 371 870 808 423 279 362 935 288 295 841 280 456 1060 769 512 367 608 363 484 872 871 810 747 313 962 260 953 723 799 971 988 300 55 675 516 792 700 913 305 283 829 653 676 980 455 416 702 41 961 655 907 367 603
533 141 543 218 650 623 651 1045 340 883 713 899 564 113 713 533 982 0 978 358 1174 97 519 930 613 529 276 201 724 337 654 576 616 333 942 885 613 382 430 1113 31 826 822 983 966 117 960 926 695 229 879 323 201 321 609 638 739 962 528 779 812 844 638 939 993 1006 692 292 1040 747 467 750 682 389 120 916 703 829 119 972 930 412 683 783 809 176 419 1049 457 465 528 172 819 971 417 509 800 813 565 819 16 764 766 606 55 839 189 917 282 661 58 484 764 255 484 422 172 830 757 953 200 870 696 906 772 783 336 462 699 981 675 659 467 429 586 229 679 242 936 447 923 896 801 731 456 826 212 976 920 621 638 839 1041 108 635 446 959 623 926 870 800 344 824 1018 796 972 313 712 282 59 655 908 661 539 313 848 741 255 488 91 244 313 884 322 545 1089 519 1096 841 570 685 987 573 367 381 766 436 1031 925 454 633 1137 806 506 695 1113 465 953 631 183 442 548 638 473 777 692 265 720 309 671 674 59 1084 514 330 211 560 109 822 1017 718 727 612 354 604 810 970 156 330 834 203 738 755 529 1004 519 534 395 616 393
560 840 467 866 371 614 938 708 778 96 682 92 710 878 1190 459 726 978 0 657 706 952 513 64 620 508 908 980 372 647 620 762 396 646 492 636 880 638 551 541 967 252 522 707 282 862 295 627 475 750 208 663 793 856 681 587 567 81 470 204 167 180 347 172 216 363 340 804 595 412 513 297 1174 977 924 165 276 197 862 120 237 572 985 229 216 814 1013 743 804 675 686 847 348 622 915 470 481 170 957 282 993 295 407 861 928 669 959 595 963 865 993 565 247 726 773 959 821 244 504 181 902 131 316 721 592 996 732 542 316 621 719 1190 565 996 626 877 977 737 347 588 67 720 223 1003 1001 191 822 81 223 358 861 822 629 995 366 624 310 553 61 835 352 946 155 534 891 199 839 575 799 997 429 778 1033 456 770 151 372 741 522 997 929 670 697 772 514 735 540 500 832 1042 1098 209 707 684 609 859 1045 395 185 540 496 585 955 569 667 540 543 451 461 922 540 895 576 537 412 369 725 345 670 318 631 1000 548 577 949 926 557 906 451 701 1181 1048 391 639 474 901 452 893 762 145 833 353 375 450 703 580 1047 637 657 818
181 221 322 367 302 533 733 932 148 567 652 571 537 246 897 287 890 358 657 0 1031 376 163 602 527 172 447 323 368 81 566 579 270 149 768 776 674 25 133 926 359 475 674 883 718 257 716 806 528 159 609 190 247 437 560 532 618 627 294 477 497 558 354 592 642 779 342 365 887 551 168 496 869 571 275 635 397 546 265 632 577 197 779 502 467 252 613 949 506 417 488 305 461 841 551 229 635 487 680 571 371 413 568 658 304 751 433 786 493 703 395 128 485 181 508 581 261 568 605 605 390 570 353 828 660 856 331 268 355 849 638 861 311 609 505 386 772 150 711 90 612 820 459 822 630 540 168 641 569 320 683 818 900 419 295 349 721 496 614 848 580 520 509 848 817 622 416 597 351 359 298 853 787 297 125 515 524 104 290 412 275 88 801 360 188 976 362 899 825 729 835 636 543 312 70 779 643 811 578 120 471 960 854 153 628 926 116 763 445 266 137 634 526 283 582 463 100 365 107 340 590 400 906 165 513 418 211 264 643 908 896 840 270 211 246 832 778 349 358 520 179 510 542 234 898 172 707 42 552 464
1056 1086 710 967 899 552 692 150 1178 696 476 752 623 1126 916 747 229 1174 706 1031 0 1096 979 745 562 980 946 1290 970 968 522 632 896 916 268 293 675 1027 901 168 1148 899 361 217 429 1079 418 250 505 1009 538 896 984 884 574 537 436 783 738 682 711 603 718 869 921 345 899 888 145 484 872 578 918 920 1195 559 728 599 1069 824 930 841 711 620 839 1007 932 170 752 710 650 1002 998 204 851 811 396 754 775 516 1187 905 468 666 1148 349 1042 258 983 623 1153 1021 625 961 715 881 1010 543 431 881 997 639 863 304 403 645 839 770 866 194 525 953 738 908 588 963 706 1001 379 1018 670 313 841 692 895 611 1138 786 913 763 640 437 134 1123 866 736 404 558 675 420 472 926 707 193 532 902 883 463 895 1222 987 339 775 737 1151 781 518 1052 745 1136 1272 979 314 855 1007 121 682 209 444 852 827 913 614 812 962 532 951 312 877 932 565 126 586 1047 489 170 961 288 587 1231 899 737 538 755 453 580 1031 932 966 821 503 1160 159 1063 938 1004 1073 1167 389 177 900 742 880 862 1004 531 277 1026 846 702 1145 538 500 817 192 1071 883 1040 562 810
556 162 499 130 648 546 555 963 394 856 629 879 479 158 621 497 898 97 952 376 1096 0 529 908 535 539 180 292 731 334 575 487 612 311 873 805 518 399 418 1044 67 822 750 900 914 121 907 847 631 223 836 289 160 228 526 564 664 944 489 750 786 807 606 930 988 948 690 209 965 687 452 705 590 294 198 876 677 790 112 958 928 380 586 746 799 140 325 966 366 388 447 108 827 893 321 484 732 792 468 770 104 763 706 511 115 756 94 840 187 567 57 502 726 231 395 325 132 785 687 945 107 838 689 822 695 687 264 418 692 903 589 569 414 334 509 138 583 235 878 463 894 812 791 635 361 789 261 958 917 596 544 748 964 45 628 381 905 552 898 779 745 247 798 948 702 966 222 637 202 155 666 820 564 502 362 830 686 274 442 47 327 311 801 242 560 1007 461 1030 750 475 590 981 488 303 381 673 344 971 918 452 570 1066 710 528 612 1044 470 887 573 263 431 453 565 427 716 642 277 722 302 658 594 64 1014 539 234 114 586 177 756 935 625 631 606 315 617 716 904 72 251 808 255 686 700 507 922 545 439 416 535 302
80 380 294 498 145 545 801 900 266 429 664 423 578 408 995 250 870 519 513 163 979 529 0 455 541 10 571 475 205 198 574 628 118 244 711 754 738 140 145 854 518 314 638 859 619 414 621 777 496 306 501 286 385 547 587 535 603 475 265 354 363 442 263 433 480 691 183 475 835 498 141 409 969 686 437 518 279 434 420 475 415 234 849 394 311 396 728 922 584 469 531 445 300 804 652 185 594 345 765 481 533 252 513 720 465 742 575 752 622 756 553 52 380 311 575 689 405 468 573 445 526 444 199 819 645 913 423 282 200 810 663 967 334 721 525 515 842 295 628 79 475 811 303 888 738 425 328 488 407 219 740 836 854 573 149 393 628 493 476 864 509 638 374 788 854 461 526 587 463 522 137 853 868 260 260 365 461 265 293 569 420 219 790 460 41 942 369 823 845 826 923 475 582 389 151 816 760 725 417 93 451 892 900 69 640 854 62 696 415 422 134 711 526 293 527 399 256 203 232 200 598 559 839 85 634 555 104 426 592 878 992 914 124 287 91 869 710 493 455 385 339 442 479 169 871 93 810 132 574 555
498 792 434 828 311 604 929 737 720 70 681 32 696 828 1177 421 748 930 64 602 745 908 455 0 609 449 874 924 309 597 613 749 337 600 518 652 869 582 502 583 920 190 534 730 318 814 329 648 469 702 224 620 749 825 671 578 569 48 433 173 126 178 309 124 180 402 279 769 627 411 464 285 1160 950 872 189 234 193 815 87 186 530 977 213 154 770 987 770 782 651 668 805 287 647 890 425 490 118 941 287 945 232 409 850 880 680 920 616 930 858 948 506 228 680 752 934 777 248 508 136 863 127 256 737 597 994 698 505 256 647 714 1173 532 971 613 840 968 689 376 531 77 735 160 998 978 184 768 59 170 313 852 829 661 952 309 595 343 541 72 844 358 916 116 567 893 158 807 574 764 947 366 792 1021 419 713 90 368 689 488 954 872 620 712 738 454 766 514 542 839 1025 1086 172 694 650 557 860 1020 435 133 486 482 627 956 509 664 582 488 479 444 868 490 879 567 501 416 354 673 282 622 264 627 955 586 516 918 889 495 855 462 727 1169 1041 334 597 412 904 483 851 729 109 779 346 373 403 728 519 1027 581 646 791
619 532 253 407 537 11 321 435 665 540 126 590 96 571 571 296 378 613 620 527 562 535 541 609 0 547 397 740 639 451 43 144 514 388 347 274 261 531 416 516 587 644 221 376 452 520 440 314 150 463 429 357 426 333 63 38 131 656 279 444 494 441 354 695 764 456 562 327 431 220 403 324 556 407 640 478 420 423 510 689 731 331 369 396 589 449 433 443 220 148 96 441 713 359 336 358 214 527 341 348 626 611 233 242 588 234 487 305 441 252 592 565 381 414 181 376 450 382 168 712 438 490 535 308 160 399 278 266 539 369 125 573 217 412 27 405 360 457 393 547 554 299 585 393 409 429 597 667 713 388 245 297 430 564 498 186 433 68 560 325 288 396 501 417 319 739 328 103 334 662 616 328 414 288 632 573 251 518 250 576 730 455 283 294 579 479 173 508 305 428 479 755 91 255 462 281 462 469 692 463 128 534 373 599 102 517 498 370 169 683 420 280 46 252 235 255 498 606 438 481 66 599 484 617 404 449 645 611 247 407 562 434 497 326 604 333 387 465 285 505 603 268 252 379 395 626 438 549 39 265
77 390 299 508 139 551 809 903 272 424 670 418 586 418 1004 256 874 529 508 172 980 539 10 449 547 0 581 483 196 208 580 636 113 254 713 758 746 149 154 855 528 306 641 863 618 424 620 780 500 316 500 296 395 557 594 541 607 468 271 351 359 440 264 425 472 690 176 485 837 500 149 409 978 696 446 515 277 432 430 468 406 243 858 392 304 406 738 925 592 478 538 455 290 807 662 191 597 340 774 481 543 244 515 728 475 747 585 755 632 764 563 57 379 321 583 698 415 468 577 437 536 440 193 823 649 920 432 289 194 813 669 976 341 730 531 525 850 305 628 87 471 816 296 896 748 423 337 482 399 220 748 843 857 583 145 401 627 498 472 870 510 648 370 789 861 453 536 592 473 531 128 858 877 265 267 360 463 274 299 578 426 229 794 470 33 945 376 823 851 835 932 466 589 398 161 823 769 724 410 102 456 893 907 69 645 855 72 698 419 430 143 720 532 300 529 401 266 195 242 196 604 568 840 84 643 565 99 435 595 881 1001 923 121 297 81 876 711 503 465 381 347 443 481 173 874 91 820 140 580 564
619 286 441 83 660 407 375 807 514 814 472 847 324 304 465 454 738 276 908 447 946 180 571 874 397 581 0 463 757 379 432 320 625 327 743 654 339 467 434 912 246 825 617 742 819 248 810 697 518 293 760 287 203 64 373 430 527 915 441 704 748 745 565 919 983 840 700 106 823 582 457 632 435 130 362 805 642 727 234 936 929 363 407 686 790 205 170 807 198 262 302 155 851 745 142 467 607 764 290 686 284 770 600 333 283 600 100 695 57 389 233 559 666 267 232 153 198 709 561 935 79 783 690 660 551 507 177 370 694 755 427 421 344 171 373 64 403 299 772 523 845 650 782 456 195 728 390 929 915 569 366 575 818 189 631 288 806 430 850 606 647 78 759 813 524 959 73 499 114 335 700 653 389 456 479 807 593 363 387 206 487 363 642 136 608 850 374 904 576 307 421 975 333 225 423 496 197 858 909 481 462 929 530 591 458 913 509 764 478 425 447 273 434 373 607 561 356 739 346 648 447 238 880 606 69 67 650 336 636 779 467 455 614 295 660 537 781 132 146 767 388 598 603 494 765 614 276 487 388 137
458 209 605 391 619 749 833 1172 224 890 853 893 711 173 912 581 1117 201 980 323 1290 292 475 924 740 483 463 0 669 348 782 733 589 383 1040 1012 788 343 441 1207 228 787 930 1114 1024 229 1021 1049 791 282 922 396 318 496 749 758 857 948 582 797 819 876 667 907 952 1078 658 449 1150 830 480 801 881 584 104 951 718 862 242 950 885 464 868 817 785 298 616 1182 622 597 668 326 756 1090 603 537 900 810 752 875 201 725 849 778 181 973 385 1035 477 833 258 428 799 329 643 613 299 878 861 918 384 891 672 1045 894 965 470 531 674 1099 823 859 554 624 714 407 864 291 1008 397 934 1036 777 917 651 857 164 962 879 638 810 996 1157 308 617 557 1023 733 936 1027 872 536 831 1120 965 934 484 831 436 148 597 1055 852 590 218 836 813 252 558 291 68 330 1021 471 488 1217 610 1185 1000 765 880 947 719 486 377 932 634 1107 891 442 729 1237 982 437 833 1208 437 1043 715 62 450 728 756 545 862 756 272 675 338 662 804 257 1183 438 523 401 478 133 916 1145 917 917 591 430 543 979 1060 332 476 842 154 804 830 547 1134 440 730 345 752 560
213 585 391 690 105 640 936 920 449 312 750 282 700 613 1153 352 908 724 372 368 970 731 205 309 639 196 757 669 0 398 663 754 136 433 709 795 872 344 324 823 723 128 670 893 562 618 568 807 548 509 441 471 582 725 696 622 663 313 370 289 268 374 291 248 284 644 79 656 833 524 301 400 1129 863 640 437 249 374 624 301 217 398 985 350 157 596 905 948 736 609 657 643 96 823 821 307 623 231 916 454 738 78 533 853 670 799 772 778 810 880 757 245 347 507 719 860 605 427 617 256 720 352 112 871 702 1034 594 418 107 827 763 1132 467 894 630 706 977 497 594 280 356 866 152 1019 909 363 530 324 212 252 867 920 859 776 142 534 579 578 355 944 507 819 275 778 957 268 704 655 645 726 73 916 1014 358 452 226 478 470 417 772 609 421 842 635 183 958 482 786 930 986 1074 280 701 553 351 919 937 679 231 282 524 865 1011 233 727 823 262 683 481 619 311 857 612 425 546 426 460 38 431 163 684 763 817 233 816 749 200 630 610 903 1148 1052 150 463 127 971 693 691 628 284 541 454 493 280 899 233 976 333 677 720
240 196 263 303 316 458 653 864 215 554 576 566 458 232 822 235 819 337 647 81 968 334 198 597 451 208 379 348 398 0 491 499 281 69 708 706 594 94 97 871 331 491 609 813 677 224 674 738 463 112 574 111 188 364 481 459 548 627 238 455 482 530 320 603 659 733 358 291 824 493 136 454 794 500 279 605 376 516 228 636 596 127 699 470 473 199 542 879 427 338 409 248 494 774 476 189 572 480 602 528 351 431 511 578 285 679 378 719 429 623 363 180 452 114 428 508 208 530 539 617 330 548 361 755 589 776 253 199 363 782 560 788 238 537 428 321 693 99 663 144 596 746 465 743 557 511 185 641 586 295 603 740 836 378 300 270 677 424 599 770 529 451 495 788 737 637 343 526 278 351 334 778 708 244 185 513 471 98 224 375 313 24 728 283 232 908 291 846 747 654 758 652 464 232 48 700 573 762 590 119 404 903 774 213 552 871 137 706 382 288 108 555 453 214 524 412 79 389 34 336 515 369 848 227 445 359 272 260 583 839 821 761 276 131 288 752 722 295 281 505 195 460 488 202 829 236 633 115 475 386
652 574 282 447 562 34 320 393 705 544 91 596 118 613 575 326 336 654 620 566 522 575 574 613 43 580 432 782 663 491 0 155 541 428 314 233 264 569 452 481 627 661 188 334 435 562 422 273 145 505 423 398 467 369 71 41 96 660 310 453 503 441 374 705 774 431 585 367 392 211 437 328 561 434 682 472 436 424 552 695 743 370 366 401 604 491 458 401 249 189 131 482 733 318 362 390 188 538 351 343 666 631 221 245 630 192 524 265 475 246 632 600 387 456 210 402 492 379 143 722 477 491 556 267 120 385 319 302 561 328 104 581 255 436 68 443 357 499 372 583 555 258 600 385 431 431 639 672 726 411 242 264 390 603 523 228 414 85 561 291 278 426 508 381 296 748 365 69 374 703 643 288 415 317 673 583 248 559 285 615 772 496 241 334 612 438 208 475 272 439 481 765 110 297 500 259 485 443 703 498 141 497 353 633 67 482 533 340 184 725 456 292 51 288 221 263 539 629 479 503 25 639 448 651 436 486 678 653 222 365 565 429 524 367 634 309 356 505 325 512 645 268 247 409 353 660 453 587 49 298
701 527 363 358 649 151 185 489 702 681 158 730 55 561 429 402 419 576 762 579 632 487 628 749 144 636 320 733 754 499 155 0 623 431 458 342 122 589 490 619 547 773 335 423 590 505 577 386 293 479 572 391 417 262 85 179 244 796 384 582 632 584 480 832 900 585 679 287 518 362 487 467 412 291 629 622 551 566 492 829 863 399 234 538 720 436 310 487 123 163 99 412 834 435 220 455 342 663 198 492 587 735 374 102 564 284 419 389 352 129 543 643 521 431 92 256 435 525 298 849 382 632 655 340 254 285 268 348 659 445 108 430 296 287 137 349 226 476 527 619 696 330 715 266 280 572 611 808 847 508 114 264 508 506 612 237 569 210 703 296 430 295 639 518 240 875 265 221 299 631 722 334 273 396 667 709 394 544 341 521 736 497 323 263 668 531 272 617 267 285 338 892 56 270 522 204 335 594 827 541 268 629 276 678 150 619 577 489 306 682 498 137 189 337 375 396 527 723 478 602 157 549 584 696 306 383 730 600 377 461 420 300 607 369 702 255 505 421 258 644 614 411 395 480 447 705 298 609 110 187
175 475 262 561 36 516 803 830 383 312 629 306 569 507 1018 221 809 616 396 270 896 612 118 337 514 113 625 589 136 281 541 623 0 306 629 693 740 248 196 762 611 211 572 796 516 505 518 711 439 392 395 341 458 591 568 500 552 359 239 243 247 333 183 324 378 591 78 523 754 426 169 318 994 729 544 407 174 327 508 363 316 264 853 290 198 474 771 855 601 475 525 518 227 732 686 172 525 227 781 385 630 151 438 721 563 691 646 683 680 750 643 170 279 384 585 725 483 367 512 338 592 330 84 765 593 905 460 284 86 738 638 997 333 760 503 576 845 379 532 194 358 759 190 888 775 317 437 373 306 138 736 802 777 657 34 400 527 456 359 827 424 685 258 703 832 357 571 540 513 624 103 806 880 228 376 248 383 364 284 655 536 304 736 501 125 870 351 728 811 851 939 372 571 419 236 795 803 626 310 163 405 801 885 178 606 761 155 609 364 534 183 723 490 290 452 326 352 114 311 86 563 649 750 189 683 620 183 530 518 810 1014 919 18 331 109 847 621 567 494 268 448 361 400 145 804 194 841 244 551 585
298 201 224 257 342 395 586 807 278 550 511 569 391 241 759 204 759 333 646 149 916 311 244 600 388 254 327 383 433 69 428 431 306 0 661 648 526 160 111 826 322 514 556 754 647 217 642 681 412 109 552 45 154 305 415 398 490 634 203 447 480 513 305 619 679 697 383 232 773 448 142 426 732 443 299 586 371 498 216 647 620 83 632 452 489 172 485 821 360 270 342 213 529 720 414 177 522 483 537 498 348 456 467 510 286 618 340 664 379 555 349 237 433 81 360 448 180 504 486 634 287 538 380 694 530 708 187 149 383 728 494 728 179 479 364 273 625 97 626 204 590 685 481 675 498 495 223 648 608 289 535 674 783 356 319 204 644 365 594 704 491 395 492 740 670 656 284 467 220 358 374 715 643 212 245 520 431 137 176 356 357 68 667 221 282 852 235 804 680 591 693 672 397 164 101 632 517 725 607 154 351 856 706 271 488 826 183 662 334 322 124 488 393 163 480 376 115 419 51 347 452 356 802 287 390 316 329 276 535 781 758 695 298 63 334 685 678 261 217 502 232 423 448 197 771 296 572 181 410 321
788 842 447 748 633 336 579 220 916 459 310 518 430 882 833 482 236 942 492 768 268 873 711 518 347 713 743 1040 709 708 314 458 629 661 0 168 540 762 637 172 918 650 127 216 217 839 202 144 250 759 296 645 745 680 381 313 219 561 474 425 461 355 450 638 697 160 636 668 125 218 606 313 826 745 949 330 464 348 831 603 695 583 614 362 589 769 767 253 562 487 442 772 746 130 674 544 143 503 639 257 956 649 201 525 910 223 831 114 787 501 928 753 363 713 523 712 772 289 186 652 781 398 601 247 205 585 609 512 604 130 362 854 487 744 371 747 607 750 146 751 442 249 589 613 737 360 883 567 677 495 509 377 151 904 599 496 188 321 448 379 205 740 459 80 466 676 673 246 673 986 722 306 675 472 890 537 251 796 486 915 1017 721 230 633 739 253 431 162 387 726 737 689 422 575 699 446 793 153 643 666 313 197 532 779 311 172 694 46 327 980 634 587 311 498 187 312 775 672 709 556 304 935 143 795 749 793 805 922 126 210 820 664 613 611 737 472 55 801 623 455 891 270 233 550 211 803 747 775 361 611
833 805 464 676 706 264 430 161 920 587 185 646 331 844 676 506 117 885 636 776 293 805 754 652 274 758 654 1012 795 706 233 342 693 648 168 0 399 776 652 291 859 757 125 108 375 794 361 45 258 733 430 623 699 592 282 254 159 698 494 529 573 478 511 766 830 327 718 597 180 272 629 401 672 632 913 472 547 466 784 738 818 580 459 466 696 722 647 174 460 421 359 714 846 94 562 572 173 615 501 369 898 745 264 388 862 64 749 58 691 354 862 789 461 684 423 595 724 407 182 781 705 526 684 86 118 421 551 509 688 104 235 703 470 624 300 671 452 726 301 779 579 85 695 453 612 477 865 706 800 555 366 210 166 831 668 455 347 283 586 212 301 636 574 195 301 806 590 182 605 935 794 143 522 496 890 654 318 782 486 844 999 714 63 565 787 206 415 301 220 584 582 821 322 528 708 285 669 319 769 692 307 294 366 819 196 292 724 212 340 954 653 455 257 494 251 370 762 758 699 634 212 869 255 836 647 712 855 884 193 135 663 505 676 590 797 306 222 735 556 573 871 342 304 585 123 845 610 792 270 518
809 590 483 399 768 267 64 525 786 800 231 850 177 619 312 520 449 613 880 674 675 518 738 869 261 746 339 788 872 594 264 122 740 526 540 399 0 686 597 689 583 894 424 459 694 561 681 443 407 557 686 484 483 294 200 294 340 916 503 703 753 701 601 953 1022 680 798 343 578 475 598 585 298 262 685 736 672 684 548 949 985 506 114 657 842 498 264 515 172 269 216 463 954 491 205 570 440 784 102 606 621 855 485 20 611 337 436 454 352 55 571 749 641 512 167 222 495 641 400 970 413 750 775 372 339 184 348 461 779 501 180 320 409 241 258 385 106 557 627 722 815 362 837 151 224 690 683 928 968 628 35 254 561 527 730 346 671 329 821 282 542 287 760 590 188 996 305 321 357 670 838 346 153 515 751 830 510 626 457 544 801 588 363 329 779 563 391 693 252 186 218 1013 178 363 622 164 280 685 949 649 388 692 194 784 235 690 685 576 427 742 606 70 305 452 484 515 611 843 569 723 258 576 653 802 300 405 838 656 476 498 302 180 724 466 815 200 591 460 327 765 685 528 510 596 483 811 211 707 224 229
158 245 317 388 280 537 746 931 156 549 656 551 545 270 914 280 891 382 638 25 1027 399 140 582 531 149 467 343 344 94 569 589 248 160 762 776 686 0 126 919 383 452 671 883 706 281 705 805 525 182 595 204 268 455 566 535 618 607 289 461 479 543 341 570 619 769 320 383 882 545 158 485 886 590 298 620 381 532 289 610 554 200 792 488 445 275 632 948 520 427 496 327 437 839 568 221 632 468 695 560 396 390 562 670 328 753 455 784 514 713 419 103 471 200 520 600 283 555 602 582 411 554 331 830 660 867 346 269 333 846 644 879 314 628 510 407 785 172 702 65 593 822 437 835 649 525 190 620 546 306 694 824 897 443 275 356 710 497 596 853 572 540 491 842 826 600 435 598 369 383 274 856 802 291 138 494 517 128 290 436 292 106 802 376 164 975 364 891 831 746 851 613 551 324 70 788 662 801 555 105 470 953 864 130 632 919 95 756 442 286 129 648 528 284 576 455 123 342 124 320 594 424 899 142 533 440 188 287 638 907 913 854 249 221 222 841 771 372 374 502 201 502 534 222 897 149 725 21 558 479
212 291 192 366 232 421 659 806 280 458 541 471 442 327 851 155 767 430 551 133 901 418 145 502 416 154 434 441 324 97 452 490 196 111 637 652 597 126 0 794 422 405 546 759 588 315 586 680 400 202 482 147 263 406 457 416 496 533 163 359 386 435 227 513 571 648 273 335 756 419 40 365 825 545 374 511 280 422 317 544 511 92 707 377 382 279 587 824 440 329 394 323 419 713 509 98 506 385 621 440 444 346 437 579 379 632 450 659 487 618 452 154 359 188 433 546 287 439 477 527 397 453 272 709 538 774 280 151 275 721 534 823 201 579 397 383 700 189 579 132 500 701 374 747 596 417 278 547 499 199 600 712 771 463 210 254 590 376 503 740 448 499 399 716 721 548 385 476 324 446 267 738 725 165 257 418 392 193 169 461 401 119 681 318 185 850 245 767 719 682 780 564 447 245 66 683 619 679 500 53 345 828 764 189 517 794 88 631 316 381 14 568 408 165 451 331 175 309 121 242 477 458 774 207 495 425 242 356 512 782 848 772 189 144 230 736 646 371 313 409 288 378 410 107 773 216 667 141 445 411
929 1011 608 919 760 505 720 232 1074 537 464 591 595 1052 965 640 294 1113 541 926 168 1044 854 583 516 855 912 1207 823 871 481 619 762 826 172 291 689 919 794 0 1089 743 296 274 268 1009 259 249 420 927 384 813 915 849 546 483 386 619 634 535 559 451 592 706 756 183 756 839 120 379 761 446 962 909 1117 400 589 449 1001 660 768 746 749 477 685 940 928 267 728 658 611 943 844 205 837 699 313 600 790 377 1127 755 360 676 1081 354 1002 236 955 644 1099 900 484 882 689 874 943 398 357 717 952 482 720 345 366 703 780 678 723 196 517 993 655 905 541 918 743 917 231 902 507 351 687 740 896 461 1049 621 751 635 656 488 152 1075 730 667 247 492 512 480 348 906 554 101 584 738 843 414 844 1156 847 397 812 630 1049 624 403 961 651 1087 1181 885 340 804 879 235 600 42 496 874 871 749 587 746 858 572 952 149 715 819 482 45 646 923 469 2 845 165 493 1147 790 741 481 663 347 464 940 786 874 683 469 1106 37 938 916 963 943 1091 293 243 951 792 747 779 869 586 149 973 794 548 1057 418 385 701 255 945 899 930 527 779
