270
0 699 104 563 854 500 386 274 667 100 677 794 319 133 922 611 550 708 747 521 737 738 822 873 373 831 99 492 53 1176 527 1057 576 680 247 670 332 593 592 634 390 640 706 105 740 678 244 394 131 333 861 708 871 748 906 597 599 285 273 746 1009 547 577 213 408 740 648 379 842 794 537 910 829 485 279 795 338 371 207 349 593 768 680 546 717 125 722 922 1038 203 936 213 908 1059 852 342 374 490 504 431 237 592 137 513 828 397 886 877 503 598 1058 563 789 369 756 1080 448 456 363 797 567 769 734 737 803 467 749 721 771 1153 563 1118 481 927 594 807 1149 556 555 692 261 270 417 759 715 731 468 318 912 445 213 1019 437 1090 726 421 238 425 578 289 637 781 677 828 160 467 199 928 795 1106 243 146 670 974 674 684 121 1069 291 856 913 759 728 566 293 709 943 719 1000 541 664 755 319 572 218 127 714 279 742 133 139 608 725 668 198 919 868 357 573 262 376 140 782 652 832 191 100 855 849 444 503 661 846 851 637 825 160 350 609 883 424 882 1023 574 473 547 245 779 27 729 826 371 437 437 406 694 92 485 791 633 738 526 559 539 400 287 937 427 766 530 1187 855 675 505 767 708 803 349 318 427
699 0 799 675 211 269 487 439 220 605 783 98 843 738 714 371 585 753 64 886 528 583 721 419 369 249 784 238 748 761 836 737 281 115 525 567 692 130 475 96 398 236 139 688 471 310 473 822 730 853 319 490 890 333 858 362 806 427 427 160 671 185 850 529 369 415 264 461 776 263 211 338 1030 708 435 898 509 645 838 362 867 703 37 167 647 822 815 388 709 822 571 706 672 642 188 573 343 916 243 271 599 128 753 231 738 319 328 469 904 258 598 139 228 335 626 776 433 752 354 461 790 134 1014 62 640 859 129 373 759 748 229 759 874 731 212 292 718 472 244 121 502 714 297 811 22 659 870 484 525 296 490 603 328 651 1002 705 592 585 934 483 63 872 167 435 613 283 764 577 1058 763 546 654 983 794 875 261 631 719 598 1017 547 371 237 280 517 878 493 918 494 525 813 985 419 227 687 644 91 633 619 580 758 984 84 256 686 713 899 792 961 674 372 728 541 183 838 749 748 928 352 595 798 192 181 962 988 168 816 367 92 670 615 889 794 832 227 182 766 743 721 367 1024 513 890 898 789 25 656 262 96 532 621 568 813 237 747 423 792 368 818 246 787 244 145 455 947 699 403 351 751 411
104 799 0 592 957 590 451 368 756 195 696 894 281 127 970 686 595 734 849 502 797 791 862 951 462 921 80 595 70 1241 520 1114 661 783 321 722 348 695 655 736 471 728 809 175 806 760 336 376 132 293 947 771 890 828 933 673 606 379 375 839 1070 650 572 313 493 813 733 450 875 882 641 998 819 503 372 805 402 400 142 452 586 806 781 648 760 48 738 1006 1097 148 1003 223 960 1127 955 391 477 458 597 533 289 694 119 616 866 500 973 951 477 684 1131 663 880 467 804 1134 519 463 457 868 574 864 715 835 852 447 844 797 801 1218 653 1178 459 974 697 893 1216 619 658 795 339 277 513 780 815 773 445 391 982 537 316 1089 524 1160 709 437 291 468 555 389 738 794 780 902 222 571 180 993 775 1164 312 192 649 1017 675 770 213 1129 337 852 981 837 816 651 361 713 1019 717 1079 595 676 744 422 675 237 213 816 315 790 235 116 577 822 754 219 968 885 343 542 284 464 140 842 743 855 179 128 866 932 485 503 764 942 856 610 921 91 444 710 934 461 902 1070 574 573 643 229 812 89 806 816 432 404 402 398 793 157 588 891 689 786 573 561 630 404 382 977 509 787 621 1250 946 769 570 765 743 880 449 314 503
563 675 592 0 885 420 248 437 484 498 131 727 391 466 398 323 91 147 738 269 290 251 276 528 393 615 648 645 603 711 203 561 396 745 358 192 247 664 218 685 337 456 780 649 336 416 428 294 461 389 593 290 314 454 344 326 134 440 514 592 532 663 192 618 356 381 436 277 284 559 679 645 363 103 434 260 272 193 503 574 205 219 685 632 186 640 175 619 550 485 499 370 401 618 861 231 592 330 450 559 330 660 475 668 278 598 619 495 304 422 648 572 583 479 243 571 260 167 439 406 126 638 340 665 289 275 620 398 210 686 447 631 283 398 743 550 699 208 731 758 363 319 462 202 675 195 288 314 498 423 537 589 385 658 328 164 331 151 295 661 642 240 781 460 408 665 424 483 384 612 346 418 318 432 201 461 623 585 275 361 484 436 514 396 313 209 563 246 643 151 144 311 622 734 356 640 750 284 231 571 479 344 633 454 375 395 313 297 333 308 385 452 328 506 271 419 662 313 551 129 175 786 705 326 335 685 528 435 633 371 142 323 491 172 550 507 381 221 587 410 357 240 339 349 249 654 472 664 723 189 225 108 157 442 215 446 389 343 209 435 712 652 549 222 280 153 457 509 298 294
854 211 957 885 0 475 691 616 421 768 992 185 1035 912 897 578 796 961 148 1092 725 782 918 574 563 386 929 362 898 888 1044 894 491 175 713 772 892 266 683 228 598 441 149 822 665 508 650 1022 905 1046 458 689 1093 517 1055 570 1016 604 585 333 829 307 1059 659 571 605 467 664 975 424 318 454 1240 917 613 1105 709 849 1014 505 1076 905 205 313 851 972 1024 514 866 999 732 893 854 780 39 775 481 1119 448 430 789 269 927 343 936 457 456 631 1109 467 724 331 385 511 825 935 641 959 539 643 1000 288 1224 232 835 1063 297 565 964 879 439 904 1079 915 270 451 843 681 312 162 690 907 486 1018 212 862 1074 680 685 496 642 745 531 779 1212 911 782 792 1141 597 251 1080 182 607 792 392 947 742 1269 913 735 832 1193 977 1085 457 767 870 794 1226 711 554 421 490 712 1088 637 1128 615 735 1023 1195 544 293 875 776 147 828 819 725 932 1191 266 456 872 897 1103 991 1168 867 567 905 733 388 1041 932 886 1134 504 804 1006 205 272 1169 1197 277 987 551 270 855 822 1091 969 1041 399 387 955 946 872 557 1234 716 1090 1098 992 232 825 373 188 739 823 778 1022 446 950 599 980 572 1025 455 917 363 346 665 1156 905 578 517 948 617
500 269 590 420 475 0 219 227 168 401 539 342 585 505 568 179 335 520 332 618 359 397 531 393 128 332 596 248 552 730 569 649 93 325 281 357 427 245 250 266 136 142 360 523 324 199 256 556 496 594 363 318 675 266 661 163 547 218 259 253 589 251 586 393 108 293 155 195 579 295 272 411 782 443 222 662 245 378 599 252 603 497 271 217 437 623 576 427 624 582 497 456 535 606 455 307 253 648 31 182 347 240 520 267 545 244 387 414 636 104 589 152 290 156 436 682 167 485 143 355 528 285 754 278 466 591 264 260 543 711 63 695 607 581 331 310 695 233 327 339 260 455 103 581 274 451 602 226 460 57 323 564 69 630 742 437 341 318 667 387 226 638 361 365 379 282 519 495 802 690 299 419 720 643 620 190 470 647 336 775 471 288 229 82 261 629 471 666 514 277 563 731 322 326 436 487 334 372 424 409 526 717 254 173 439 566 681 527 693 416 127 493 390 154 623 505 573 701 357 329 531 367 364 728 722 342 587 154 213 522 348 677 665 569 150 89 513 532 526 263 776 245 623 632 522 251 435 274 339 314 425 314 549 41 479 217 626 101 589 31 748 357 185 200 699 475 334 195 488 143
386 487 451 248 691 219 0 193 351 298 378 560 377 340 542 241 191 382 550 402 352 356 457 507 150 514 483 407 436 791 357 671 247 533 142 291 211 445 207 473 98 320 568 450 356 326 191 338 332 384 522 322 551 391 563 230 355 195 269 454 623 433 381 383 123 363 314 31 488 465 445 575 602 237 190 508 50 159 419 327 399 407 487 406 350 493 422 573 652 400 553 266 524 676 673 91 345 429 244 318 166 441 353 431 466 352 549 501 418 275 681 362 474 234 379 695 73 270 193 417 330 493 555 495 424 372 472 352 429 768 270 732 388 550 511 469 766 170 495 547 135 250 225 442 493 365 383 76 531 198 300 638 162 709 544 220 162 110 453 419 441 486 561 454 231 422 333 543 608 720 143 261 514 601 434 350 412 683 133 606 530 393 403 240 94 452 571 482 635 162 389 542 376 500 246 430 547 168 365 353 359 502 469 336 255 540 552 311 477 213 142 326 396 355 503 321 480 558 498 127 319 561 570 573 510 548 421 189 424 501 137 558 644 366 319 306 315 429 413 362 597 28 405 413 303 470 300 424 556 251 362 164 346 254 260 200 569 120 450 245 802 546 393 120 522 359 434 262 275 78
274 439 368 437 616 227 193 0 395 175 567 531 426 299 717 360 383 574 493 534 514 532 644 611 104 557 369 273 326 932 506 830 309 443 108 471 310 351 373 389 138 369 474 300 501 414 35 435 291 437 589 478 743 483 754 344 529 13 78 472 775 317 541 197 147 489 379 167 678 522 319 638 779 404 5 696 165 295 400 152 559 596 425 304 537 398 611 653 808 385 693 280 694 811 608 222 176 540 231 189 184 348 314 298 654 191 614 622 538 328 802 301 516 106 560 858 221 416 90 550 501 497 717 470 601 491 477 464 620 911 290 885 508 727 385 536 901 340 356 457 90 303 146 634 453 552 499 124 663 172 114 770 167 839 707 365 178 289 591 226 380 676 455 573 176 270 331 687 774 876 131 217 667 782 610 414 250 835 210 789 668 499 456 298 134 633 685 659 736 348 572 714 187 367 264 268 470 236 546 188 320 636 455 398 258 715 744 398 606 266 108 291 555 378 695 316 347 748 581 309 470 446 575 761 653 554 378 77 354 674 307 749 819 529 218 276 342 620 299 471 774 197 501 506 416 431 218 279 528 428 544 356 510 266 384 18 753 168 642 257 947 581 402 286 702 551 545 105 351 189
667 220 756 484 421 168 351 395 0 568 579 247 727 666 498 163 393 543 277 722 308 364 501 244 295 167 764 343 720 593 665 540 105 323 442 353 559 281 270 277 290 32 353 690 252 90 423 682 658 734 195 271 673 128 638 158 618 385 423 109 475 317 670 553 266 198 49 335 557 127 345 243 827 536 390 687 389 501 757 399 685 485 244 282 431 790 608 262 512 739 376 608 458 469 391 441 393 763 169 311 501 276 681 352 518 377 220 279 747 77 441 198 125 317 407 577 281 590 310 250 606 155 823 190 421 704 137 156 544 576 106 573 719 515 382 144 555 276 397 333 422 600 263 599 212 442 717 380 333 224 487 428 232 488 811 548 495 425 763 536 219 662 373 236 541 388 674 379 863 573 457 580 800 578 679 44 636 529 481 809 350 162 62 112 415 677 324 720 356 334 614 787 469 388 588 652 310 517 400 576 687 814 156 37 593 497 683 659 795 562 293 654 323 41 621 660 741 714 196 430 628 391 226 750 812 205 748 321 229 453 456 671 583 650 264 154 662 526 693 151 820 378 747 756 642 196 600 372 243 322 403 380 632 130 598 384 573 252 606 138 615 196 76 276 744 486 203 352 625 276
100 605 195 498 768 401 298 175 568 0 620 699 330 157 839 515 473 644 656 503 649 654 746 775 274 732 197 408 152 1083 496 969 478 593 157 587 290 504 503 544 292 541 621 154 647 580 145 382 151 344 761 617 811 650 838 501 554 186 183 647 919 461 542 166 310 645 549 287 770 694 455 811 794 432 180 744 252 313 256 265 559 693 588 456 639 223 665 823 948 245 843 193 822 965 764 269 292 485 405 340 170 502 169 431 754 314 786 781 493 499 962 468 690 273 675 993 355 416 264 703 522 671 710 641 720 451 650 624 703 1061 463 1028 467 846 515 708 1055 468 479 606 167 243 319 698 620 654 455 226 817 346 131 925 337 995 701 374 168 353 562 240 544 727 595 732 95 389 213 835 770 1017 159 109 650 895 632 585 127 978 224 816 819 662 629 467 205 664 847 679 902 457 613 722 251 494 189 143 625 224 660 88 174 598 628 569 171 837 809 342 564 222 276 155 692 553 768 199 184 802 750 373 467 581 748 803 623 727 221 251 517 799 357 820 941 537 380 449 246 708 126 632 790 287 436 438 382 599 67 405 696 548 657 448 520 440 366 188 861 329 706 431 1095 755 577 415 726 637 707 256 297 332
677 783 696 131 992 539 378 567 579 620 0 826 462 570 362 417 205 65 846 281 328 272 228 575 522 692 758 771 714 692 221 532 502 861 486 240 349 783 310 802 466 555 895 768 387 502 558 355 566 457 659 344 195 527 244 424 111 570 644 684 519 786 179 746 483 442 531 407 209 636 803 707 248 194 564 130 402 308 591 704 181 180 796 754 186 744 46 672 527 574 510 474 378 618 966 358 722 352 569 686 451 779 577 793 221 727 683 531 322 526 660 690 665 608 245 533 386 238 568 450 135 732 260 766 280 311 715 468 132 668 558 605 312 355 866 622 688 312 857 873 491 419 588 85 781 186 322 444 521 547 666 596 510 659 248 259 453 279 280 791 756 110 899 507 528 793 520 492 289 582 473 532 263 371 116 550 746 564 397 237 501 501 600 504 441 100 594 145 676 262 48 213 752 858 463 763 863 400 238 696 580 320 733 547 483 359 191 371 322 417 514 557 355 607 162 518 776 184 611 259 213 906 793 196 298 774 623 565 749 349 267 207 438 163 675 623 473 156 700 480 242 370 379 389 316 761 588 791 822 261 232 228 162 556 296 576 323 469 92 550 687 729 650 339 165 123 512 639 386 420
794 98 894 727 185 342 560 531 247 699 826 0 925 828 713 409 636 790 81 953 544 603 738 392 454 206 880 334 843 717 899 713 333 181 611 598 769 224 517 186 476 272 190 785 484 331 565 897 820 935 279 510 916 334 874 403 860 519 522 150 648 280 909 626 448 423 296 537 795 240 303 283 1073 770 527 934 587 718 927 459 925 727 126 264 675 918 855 340 685 911 549 791 670 605 150 649 440 987 321 367 683 222 843 325 755 416 281 448 974 306 552 231 201 427 646 753 500 819 444 459 846 104 1067 65 653 929 116 384 788 706 292 726 944 731 293 268 673 520 330 180 589 795 387 845 80 686 941 565 503 379 586 568 407 607 1055 773 677 651 998 579 160 908 229 423 702 378 851 559 1108 734 632 743 1041 793 924 280 728 691 677 1056 528 371 239 334 599 924 458 966 445 576 860 1033 516 312 772 741 141 713 641 676 849 1048 95 281 772 713 925 869 1027 756 456 818 550 221 864 837 845 959 322 660 862 257 104 996 1050 100 908 457 189 671 682 912 785 890 322 263 851 769 816 375 1067 586 964 973 862 101 748 357 5 568 645 621 871 306 819 515 797 443 852 316 745 188 178 511 990 732 394 446 830 483
319 843 281 391 1035 585 377 426 727 330 462 925 0 187 788 606 431 513 903 225 656 631 664 863 475 890 359 698 329 1095 256 949 623 865 324 564 173 772 534 808 450 696 897 423 685 697 393 109 190 14 893 642 649 757 706 598 358 437 479 829 917 742 309 496 478 712 690 394 662 839 744 947 545 289 428 553 341 239 145 566 320 607 836 726 575 325 499 939 937 135 871 148 789 995 1023 287 593 178 605 614 247 769 182 722 664 612 920 845 197 651 1015 708 850 527 630 961 448 228 496 755 329 866 437 861 678 172 845 711 585 1071 642 1019 182 788 809 842 1079 503 779 879 346 130 550 546 853 585 168 361 862 548 450 961 519 1032 431 230 253 325 276 569 789 547 879 802 260 691 121 857 496 1001 301 227 370 819 415 725 432 972 249 582 853 753 779 616 327 456 916 451 989 458 431 470 571 791 163 442 888 213 617 415 181 296 838 712 171 785 642 94 262 170 472 183 700 729 623 133 398 614 864 331 251 871 945 597 330 923 192 485 767 760 301 663 880 316 638 664 87 602 329 723 543 350 124 122 147 830 266 702 922 543 612 419 308 623 176 443 773 485 552 613 1098 922 766 471 499 540 788 530 106 452
133 738 127 466 912 505 340 299 666 157 570 828 187 0 846 579 471 608 792 392 679 669 737 845 379 832 190 558 152 1124 402 993 566 738 225 600 222 647 538 686 376 636 767 237 691 659 265 264 9 201 851 654 764 726 807 567 483 311 331 757 951 608 454 318 401 702 638 343 749 789 604 903 704 377 303 682 292 275 102 417 469 680 724 599 635 175 613 907 976 89 888 97 838 1012 906 271 444 358 516 483 174 645 16 581 741 465 877 840 372 591 1019 599 791 405 681 1012 410 339 385 755 451 787 605 767 729 337 766 691 675 1100 567 1058 351 850 666 798 1101 503 632 751 245 152 442 654 751 648 337 289 868 456 287 974 437 1046 598 312 178 345 448 394 678 670 744 793 127 542 67 877 666 1044 209 86 541 892 555 675 246 1009 216 734 866 731 724 557 255 591 910 597 974 475 551 629 407 646 111 256 767 191 667 235 22 476 749 659 93 844 760 229 441 158 379 15 723 658 729 60 220 743 832 361 382 732 866 735 506 844 83 372 653 811 336 777 946 453 516 569 114 686 146 700 701 318 305 305 280 728 92 556 825 568 663 450 440 545 281 316 851 415 661 535 1132 860 688 457 646 617 772 396 193 400
922 714 970 398 897 568 542 717 498 839 362 713 788 846 0 389 376 298 764 638 210 187 134 343 629 521 1016 811 968 333 575 171 485 820 683 252 637 773 345 773 581 491 849 991 250 410 726 690 840 787 459 251 287 382 210 406 469 715 783 565 168 800 539 913 580 301 462 558 170 476 826 489 526 500 713 372 588 575 896 808 543 186 741 764 215 1016 348 434 168 877 204 753 45 276 862 582 815 708 592 749 687 768 857 827 143 809 473 283 679 492 333 682 514 703 167 174 497 563 672 255 486 609 594 671 119 661 601 342 233 309 545 243 665 20 873 450 334 378 881 829 676 708 660 303 702 204 673 616 240 608 830 267 583 316 585 561 685 502 642 931 716 354 870 293 762 849 813 186 600 221 681 783 615 81 468 455 953 204 635 481 212 345 479 494 634 436 316 478 389 382 408 533 874 874 737 971 804 656 181 893 862 680 638 463 754 4 302 695 684 690 622 832 180 538 257 807 1018 355 407 486 558 887 640 406 656 628 916 676 723 47 512 275 103 522 715 620 774 207 948 348 519 553 728 738 646 689 831 839 709 292 185 398 517 559 613 718 93 559 303 558 326 553 570 432 467 253 320 743 694 529
611 371 686 323 578 179 241 360 163 515 417 409 606 579 389 0 233 383 432 571 181 224 361 267 260 297 710 424 663 572 512 477 100 461 366 197 433 398 108 406 225 138 494 657 147 96 379 546 572 611 290 140 522 152 496 18 457 355 414 269 419 417 512 549 214 130 114 238 414 242 441 344 665 384 355 528 288 369 660 425 527 336 389 382 278 726 447 334 453 641 333 506 357 451 550 324 429 618 204 360 406 393 593 440 377 422 317 266 599 116 447 303 262 323 265 508 170 443 296 190 447 316 662 350 290 559 299 112 390 551 163 527 572 403 494 240 542 118 497 472 351 485 275 440 367 290 572 296 303 222 470 411 204 481 649 405 402 287 609 555 353 502 505 217 464 460 573 328 701 520 375 498 641 465 517 138 609 478 372 648 308 152 192 108 326 515 333 558 395 176 452 625 493 493 486 627 456 406 255 547 599 659 317 131 496 388 530 528 643 451 254 566 212 191 469 561 698 558 259 286 476 518 382 592 656 362 661 303 353 343 315 521 486 493 327 237 552 374 638 121 658 266 608 618 503 348 531 451 405 162 257 223 475 172 459 356 450 192 448 171 587 333 233 135 582 328 194 362 501 185
550 585 595 91 796 335 191 383 393 473 205 636 431 471 376 233 0 195 649 347 226 203 274 451 324 527 642 568 595 666 284 526 305 658 322 134 267 580 129 599 267 365 693 626 262 326 381 348 465 433 508 217 362 368 372 235 225 385 459 501 489 582 280 573 282 301 345 217 299 470 599 561 448 163 380 331 228 202 524 510 294 220 596 550 168 641 244 538 511 505 441 378 369 564 771 208 526 402 365 484 313 575 482 590 281 529 534 423 379 331 586 486 493 410 211 543 183 228 370 333 215 547 431 574 259 344 529 313 238 642 358 594 355 380 662 463 649 117 653 671 321 336 386 256 585 182 357 265 434 343 490 531 307 602 419 204 313 127 379 609 554 307 695 384 391 591 439 427 474 577 315 409 408 425 290 370 594 546 261 441 423 352 424 306 273 295 493 334 570 61 229 400 563 654 361 612 662 280 196 537 486 429 542 363 378 374 365 341 415 315 316 457 269 416 313 432 648 375 468 110 251 702 615 397 424 595 542 369 546 341 137 368 476 260 471 420 404 239 575 325 442 192 402 412 302 564 459 589 632 115 192 28 243 354 261 390 388 266 265 347 671 563 458 135 364 169 378 443 329 219
708 753 734 147 961 520 382 574 543 644 65 790 513 608 298 383 195 0 814 343 274 216 164 520 518 646 793 760 748 628 281 468 474 836 502 194 387 763 279 779 462 521 870 795 335 461 569 409 604 510 608 294 170 480 199 392 172 576 650 644 454 770 242 760 476 393 495 409 150 590 789 655 289 233 571 145 413 338 637 704 245 115 769 737 129 782 68 617 463 620 447 512 314 554 932 377 720 413 550 678 476 758 616 781 158 723 631 473 384 496 597 668 620 604 184 470 377 286 565 395 192 692 318 732 217 369 677 422 72 604 532 540 372 292 850 574 624 288 844 849 505 459 579 62 749 126 381 453 460 535 678 533 499 595 307 299 477 294 344 800 730 120 877 451 554 785 562 429 341 518 491 563 326 311 178 511 769 499 422 266 439 452 559 477 455 155 535 200 616 246 112 265 757 844 499 786 835 429 179 716 620 384 698 509 519 295 171 421 387 452 510 595 297 574 124 559 808 182 560 273 269 886 750 210 362 732 666 563 725 285 288 178 377 225 662 601 517 93 732 433 282 379 438 448 367 730 618 782 785 222 174 221 222 533 342 582 263 460 70 528 623 683 616 324 209 64 459 638 431 413
747 64 849 738 148 332 550 493 277 656 846 81 903 792 764 432 649 814 0 949 584 640 777 456 429 276 830 270 795 790 899 777 344 102 583 627 754 160 537 119 459 295 110 730 526 366 528 884 784 913 348 547 949 383 914 423 870 481 475 201 711 213 913 568 431 467 323 524 834 301 234 359 1093 772 490 959 571 708 893 404 930 761 69 204 706 870 877 413 749 877 612 764 722 675 125 635 382 979 306 317 658 159 807 258 794 358 354 509 967 320 626 196 263 388 683 817 496 816 411 510 853 164 1077 94 695 922 166 426 819 778 293 795 937 782 216 329 746 534 254 100 560 774 355 872 66 718 933 544 565 357 536 637 390 680 1065 768 651 648 997 516 115 934 149 480 668 310 821 620 1122 801 604 709 1047 844 938 316 673 757 658 1079 589 420 285 343 577 941 527 981 519 588 876 1048 455 236 746 685 61 693 676 625 813 1047 126 313 744 764 958 854 1024 734 432 783 595 242 897 806 791 989 388 659 861 177 183 1023 1052 177 870 423 140 721 678 948 841 896 277 245 825 802 768 419 1087 575 952 960 852 85 708 289 82 593 680 631 876 301 810 477 844 430 879 310 817 263 202 518 1009 759 449 401 812 474
521 886 502 269 1092 618 402 534 722 503 281 953 225 392 638 571 347 343 949 0 558 515 506 795 542 868 577 795 542 965 66 807 623 934 428 459 226 845 474 874 498 692 969 624 604 667 510 128 391 215 854 558 447 714 515 570 171 543 605 831 788 828 103 662 524 646 677 430 489 813 837 907 320 188 534 344 391 248 370 686 107 453 888 805 440 547 308 884 801 358 764 313 650 880 1073 325 710 72 645 706 359 841 392 820 501 724 880 763 42 652 914 764 833 616 501 811 454 134 578 674 154 875 215 888 543 56 855 659 413 940 661 880 44 633 904 808 957 454 882 948 445 260 621 358 890 446 58 428 765 600 597 853 563 920 208 182 364 302 59 726 842 342 960 728 413 801 327 747 275 859 407 396 150 652 203 707 622 837 325 359 750 698 762 620 405 245 832 232 911 398 239 245 711 890 315 635 949 301 490 590 393 102 859 697 333 635 438 165 76 285 536 383 595 737 431 332 611 403 814 294 97 959 947 379 121 926 415 570 826 620 272 463 719 118 715 706 278 435 537 671 318 378 111 119 123 868 448 807 949 456 484 350 123 650 151 550 603 521 362 641 962 904 778 446 278 388 723 633 207 476
737 528 797 290 725 359 352 514 308 649 328 544 656 679 210 181 226 274 584 558 0 62 194 248 423 379 834 604 787 446 492 320 278 628 492 99 489 572 146 577 377 295 659 798 64 218 526 573 672 658 336 42 373 216 331 197 406 511 578 395 273 595 474 709 373 125 266 362 252 324 620 382 560 384 510 408 400 423 742 599 484 187 551 560 146 841 342 344 301 723 215 592 181 339 693 409 606 619 384 539 509 567 691 620 212 599 358 207 594 288 361 479 358 495 103 345 297 450 464 122 410 442 588 494 113 563 429 161 251 422 340 382 572 223 671 306 425 182 676 638 483 555 451 318 519 152 576 423 209 398 628 306 374 377 576 430 507 340 580 724 521 383 675 179 580 640 656 202 614 369 494 607 585 285 442 268 756 332 463 531 198 183 306 287 445 426 275 472 355 205 372 538 665 671 573 775 617 490 101 695 696 627 460 272 587 209 384 567 620 530 416 665 45 346 323 647 831 422 286 329 464 690 490 465 613 474 755 469 525 164 358 369 310 454 507 415 624 229 764 171 553 368 624 635 527 503 650 631 540 114 105 238 442 352 487 514 271 352 323 351 453 415 383 235 482 210 186 534 554 326
738 583 791 251 782 397 356 532 364 654 272 603 631 669 187 224 203 216 640 515 62 0 139 305 446 440 833 644 786 465 450 324 323 680 497 70 469 621 160 627 396 348 712 806 125 275 540 541 663 632 396 94 313 276 275 239 357 530 599 454 287 640 427 728 397 186 320 372 194 385 664 442 500 350 527 347 403 404 726 628 436 126 605 605 87 837 283 402 309 707 249 579 170 368 751 401 637 579 424 576 505 616 681 662 156 633 418 259 553 337 399 526 419 523 44 343 311 416 490 180 364 501 531 551 71 525 488 221 190 440 386 392 533 196 717 367 450 193 720 691 491 538 483 258 575 91 538 431 253 431 645 339 403 408 520 402 503 326 533 748 573 322 726 236 580 679 641 233 556 376 497 602 532 252 387 325 767 343 455 471 236 244 365 331 449 369 323 415 405 198 318 480 692 716 561 785 671 479 40 707 686 579 517 328 577 184 324 539 574 516 439 655 83 400 263 634 834 361 346 311 424 740 551 404 562 534 743 493 575 145 340 310 289 407 546 460 606 168 765 231 493 368 589 599 496 559 649 671 599 106 44 220 396 395 458 533 230 376 263 393 469 476 439 247 423 152 246 562 531 344
822 721 862 276 918 531 457 644 501 746 228 738 664 737 134 361 274 164 777 506 194 139 0 409 567 565 913 779 867 466 443 304 461 819 593 178 521 759 285 766 514 487 850 900 255 412 647 563 731 662 514 231 188 407 137 375 336 643 715 588 295 777 406 838 519 316 458 478 59 513 800 554 407 376 640 250 498 463 778 753 409 58 743 742 108 909 216 506 301 760 304 642 155 399 886 481 764 576 559 707 586 754 747 797 18 762 533 354 547 475 448 664 549 648 97 306 426 437 612 293 354 635 466 688 87 530 623 354 100 441 523 377 533 128 854 492 464 311 856 829 591 593 612 173 712 93 542 532 327 561 755 382 530 440 455 440 586 398 508 866 711 229 865 346 664 811 698 285 476 355 588 680 483 156 336 462 866 337 532 368 302 372 499 468 545 305 405 348 485 296 274 406 814 852 626 884 809 549 107 808 751 547 654 465 644 131 200 571 550 579 559 723 192 539 143 693 921 247 462 379 428 879 680 295 523 664 802 614 713 127 402 180 217 389 680 597 657 74 848 364 401 463 598 608 519 697 731 804 734 222 106 299 384 532 489 647 115 499 174 529 460 600 577 362 341 125 363 686 574 461
873 419 951 528 574 393 507 611 244 775 575 392 863 845 343 267 451 520 456 795 248 305 409 0 508 188 971 586 925 351 731 322 304 532 631 342 690 513 331 499 484 259 556 910 193 197 634 793 838 867 119 239 596 128 534 279 651 603 652 259 256 555 717 786 467 152 239 504 467 157 584 148 803 613 606 647 554 624 925 639 728 421 452 521 391 990 587 99 294 906 159 771 298 228 537 587 635 852 403 554 672 508 860 593 426 620 130 61 829 290 197 440 194 549 339 362 436 677 534 126 652 293 835 365 323 794 292 155 488 335 340 341 805 362 613 128 311 360 633 539 614 747 495 559 402 395 807 561 112 449 714 187 445 244 823 649 668 539 822 776 442 623 585 69 730 631 838 170 860 346 641 764 832 419 690 209 860 302 637 770 139 115 194 315 592 673 80 718 129 409 620 784 709 622 751 877 507 670 342 798 865 870 336 224 761 344 608 780 860 715 503 832 225 281 550 827 956 653 70 534 700 608 306 699 858 297 927 544 459 308 564 588 400 697 508 397 815 463 900 146 796 531 850 860 748 396 795 615 388 340 347 453 683 363 705 603 434 447 564 368 374 215 294 395 727 456 75 587 758 449
373 369 462 393 563 128 150 104 295 274 522 454 475 379 629 260 324 518 429 542 423 446 567 508 0 460 470 258 425 831 502 734 206 397 158 391 330 305 287 338 57 268 430 403 404 311 129 461 371 485 488 385 684 380 686 244 504 96 156 379 678 287 529 290 50 388 276 119 607 421 297 538 750 385 99 651 151 295 476 188 547 524 362 264 463 495 564 551 711 459 593 338 604 709 550 218 202 561 138 169 230 302 394 282 579 206 513 520 553 226 699 234 418 87 478 763 144 413 47 450 479 408 704 391 517 507 387 362 556 810 191 787 523 640 364 435 800 257 346 411 136 346 80 580 380 478 516 118 561 78 211 668 64 737 693 362 223 259 595 302 315 628 419 470 253 273 398 588 757 779 178 293 661 698 583 312 353 737 232 753 568 397 355 195 149 599 582 631 633 278 535 691 247 351 319 370 417 266 465 291 400 643 372 296 319 628 687 429 616 306 9 368 462 282 634 383 450 698 478 276 464 417 487 717 655 465 461 48 294 585 285 689 731 514 174 192 398 552 399 368 745 168 529 536 433 357 307 275 451 347 464 297 494 168 394 97 673 71 588 159 847 485 310 206 670 486 442 121 385 108
831 249 921 615 386 332 514 557 167 732 692 206 890 832 521 297 527 646 276 868 379 440 565 188 460 0 926 454 883 515 808 508 269 362 608 453 720 362 398 339 457 197 381 847 316 202 587 839 824 897 73 353 750 167 699 300 748 547 578 100 443 413 806 703 432 255 201 500 624 57 441 93 934 681 553 785 554 659 923 541 820 565 285 383 522 954 714 140 480 905 346 774 477 400 350 604 530 915 328 448 667 359 847 456 583 511 80 246 896 242 351 312 42 471 481 549 443 739 470 274 741 115 947 189 479 856 121 225 630 503 269 521 869 540 457 74 471 415 484 366 588 763 419 695 229 529 868 546 300 386 644 363 398 405 935 701 661 580 905 677 287 760 414 229 708 501 840 357 980 528 624 747 932 600 801 166 792 485 645 909 326 196 112 277 581 792 253 837 246 472 732 904 609 469 754 808 331 681 479 733 853 955 167 179 760 522 761 818 940 726 458 820 374 180 701 826 901 801 119 582 773 440 120 843 950 110 915 482 310 482 609 745 586 786 398 294 827 607 856 213 927 541 903 912 798 230 766 483 203 434 484 520 770 292 753 545 609 418 701 301 542 37 164 427 854 584 204 503 787 440
99 784 80 648 929 596 483 369 764 197 758 880 359 190 1016 710 642 793 830 577 834 833 913 971 470 926 0 568 48 1274 591 1153 674 757 345 765 409 673 689 714 488 737 781 115 837 776 341 450 193 371 957 805 952 846 991 695 673 379 359 839 1106 624 643 272 506 838 745 477 930 890 612 1006 892 564 374 871 435 455 222 427 658 858 763 626 809 54 801 1020 1134 227 1034 285 1003 1157 930 435 450 536 599 514 330 672 187 587 918 474 982 975 553 695 1156 651 884 460 850 1175 546 529 457 896 641 860 791 825 897 522 840 820 857 1251 658 1215 535 1021 663 904 1247 653 623 769 359 341 509 841 801 822 521 416 1010 541 295 1117 533 1188 784 499 331 516 631 343 722 859 749 926 255 538 251 1025 851 1203 341 234 725 1066 744 781 165 1166 382 923 1011 858 824 663 390 781 1042 787 1098 636 740 817 386 641 295 159 793 366 835 205 185 654 815 765 275 1013 948 416 620 342 473 202 879 747 915 248 55 932 947 534 572 731 937 924 687 916 171 444 693 978 512 964 1117 643 559 639 301 867 72 827 889 467 482 480 469 781 185 557 878 729 832 619 630 635 471 381 1028 525 848 626 1285 949 769 602 836 797 902 436 383 526
492 238 595 645 362 248 407 273 343 408 771 334 698 558 811 424 568 760 270 795 604 644 779 586 258 454 568 0 536 936 759 877 327 190 379 604 576 111 497 152 310 336 214 463 563 415 305 704 550 710 514 563 919 469 908 408 761 262 228 355 813 58 786 300 290 522 362 376 826 446 47 547 1006 643 271 898 406 549 659 144 804 744 209 74 683 611 811 585 851 646 716 551 777 812 363 472 119 808 221 90 456 112 572 25 793 95 531 622 803 323 780 147 421 179 683 913 386 669 218 582 737 353 962 293 712 756 339 484 788 919 267 914 773 826 112 471 896 477 88 202 358 575 184 821 259 698 765 368 674 225 280 770 262 829 950 618 449 516 850 247 179 874 187 577 443 47 598 717 1014 913 402 482 918 888 839 383 407 869 475 1005 690 501 393 318 392 853 665 886 688 514 789 948 186 95 536 418 226 505 672 364 577 897 298 370 529 810 924 669 869 537 265 551 632 305 867 584 526 941 531 533 721 175 415 964 910 399 629 226 151 765 542 922 906 772 99 195 613 778 510 483 1000 425 771 777 682 244 468 30 333 561 673 543 752 253 645 256 872 303 829 253 958 462 298 437 924 719 544 168 623 352
53 748 70 603 898 552 436 326 720 152 714 843 329 152 968 663 595 748 795 542 787 786 867 925 425 883 48 536 0 1226 553 1106 629 725 298 718 366 639 642 680 442 692 750 107 790 731 297 415 153 343 913 758 908 800 946 649 632 337 321 797 1059 592 604 247 461 791 700 430 884 846 581 962 855 521 331 830 387 410 201 394 620 811 727 592 762 76 758 975 1087 202 987 243 955 1110 898 388 418 505 556 478 283 638 151 556 872 442 938 929 521 650 1109 613 841 420 803 1128 499 488 414 849 599 820 756 787 850 487 800 773 812 1204 615 1168 501 974 635 860 1200 606 596 737 312 300 468 797 764 776 487 369 963 497 259 1070 489 1141 749 456 284 469 597 322 685 817 720 880 207 509 216 978 816 1155 293 187 691 1020 705 737 144 1118 335 885 964 811 780 618 343 741 995 748 1052 589 698 780 359 613 251 144 760 320 788 173 150 623 775 721 231 966 905 380 589 298 428 162 831 704 871 211 69 890 901 488 532 702 897 884 655 876 150 402 657 930 466 920 1070 604 522 598 265 821 27 781 852 420 451 450 431 743 138 527 840 681 785 572 590 591 430 339 982 479 804 582 1237 906 727 555 797 751 855 398 344 479
1176 761 1241 711 888 730 791 932 593 1083 692 717 1095 1124 333 572 666 628 790 965 446 465 466 351 831 515 1274 936 1226 0 900 165 638 875 929 533 932 862 587 846 797 605 895 1228 437 533 950 1004 1117 1096 443 470 606 470 521 589 797 926 983 603 179 905 868 1118 785 444 582 797 500 501 934 435 850 812 927 700 840 867 1187 981 872 514 796 872 528 1284 680 377 166 1168 240 1037 316 125 850 854 979 1033 745 900 953 858 1136 944 475 966 437 318 1005 629 165 790 534 885 469 179 729 878 864 383 811 629 925 703 423 983 632 472 565 25 683 95 988 343 961 472 46 623 983 880 917 1000 833 635 742 520 995 858 271 783 1042 167 772 111 916 866 950 785 972 1116 790 683 928 366 1022 981 1101 249 928 121 934 1050 948 352 801 555 1181 129 908 800 265 443 544 649 884 769 272 809 274 650 739 863 1051 971 1018 1199 845 935 481 1119 1142 1012 678 570 1033 336 621 1004 1014 975 826 1110 401 631 584 1093 1266 675 411 772 880 952 618 726 988 617 1200 873 808 345 802 591 286 850 855 745 1068 539 1203 468 844 810 1048 1059 959 740 1091 965 714 559 486 681 843 705 922 928 399 764 635 709 32 529 644 672 796 578 397 924 995 752
527 836 520 203 1044 569 357 506 665 496 221 899 256 402 575 512 284 281 899 66 492 450 443 731 502 808 591 759 553 900 0 743 568 889 403 394 208 801 412 829 455 636 924 627 539 607 485 149 400 249 791 493 397 651 460 511 110 514 579 774 723 788 54 648 480 583 619 387 428 752 799 844 303 130 505 298 353 212 397 657 67 389 840 763 375 567 252 820 736 383 698 315 585 814 1023 288 680 134 597 669 340 797 405 783 438 692 817 698 105 596 848 717 773 581 435 748 403 91 541 609 90 818 216 835 478 92 799 596 351 876 609 816 92 570 866 746 892 394 846 903 418 258 580 301 839 381 102 393 700 555 579 787 518 855 206 142 345 252 99 709 794 293 918 663 403 768 341 681 275 795 382 392 162 591 159 648 619 772 298 333 684 635 703 566 373 200 766 198 846 337 182 229 687 853 312 634 902 281 425 581 406 149 806 639 332 572 389 177 132 275 496 391 529 682 376 344 620 359 751 241 39 918 890 341 154 869 437 534 780 556 223 412 657 61 674 657 291 373 545 608 300 336 160 169 122 817 447 772 895 391 419 289 59 599 131 520 542 475 305 590 898 844 724 390 246 323 659 601 210 428
1057 737 1114 561 894 649 671 830 540 969 532 713 949 993 171 477 526 468 777 807 320 324 304 322 734 508 1153 877 1106 165 743 0 559 850 812 394 792 820 466 811 692 543 875 1118 331 463 844 854 987 949 437 353 443 413 359 494 638 826 889 578 67 856 709 1023 686 358 516 682 336 477 883 449 686 663 826 536 720 728 1050 900 712 355 769 820 375 1159 518 388 29 1031 166 903 161 147 857 724 902 876 669 828 827 815 1005 889 312 892 441 269 848 557 216 736 515 798 319 41 616 727 772 297 654 614 761 685 272 828 612 395 402 141 613 73 833 179 921 448 173 502 936 857 803 861 750 471 721 366 840 743 213 698 943 163 679 178 752 720 825 649 812 1031 753 519 902 305 899 919 965 162 764 52 814 924 784 190 638 497 1075 43 778 637 191 378 503 569 765 605 260 646 308 520 578 698 969 927 885 1093 826 802 333 1013 1010 850 655 509 901 174 458 857 854 840 728 979 277 580 420 957 1151 511 391 635 725 923 624 563 826 618 1066 779 766 190 663 428 128 691 788 682 929 377 1084 395 680 687 895 905 809 714 969 906 710 426 338 544 685 631 774 828 235 664 471 633 156 532 603 555 632 420 338 838 852 643
576 281 661 396 491 93 247 309 105 478 502 333 623 566 485 100 305 474 344 623 278 323 461 304 206 269 674 327 629 638 568 559 0 364 343 294 455 298 195 308 191 74 398 608 237 107 334 578 558 630 286 237 618 176 595 86 529 300 349 210 497 318 576 484 169 202 72 231 513 223 343 338 749 439 304 618 285 398 655 344 592 434 296 282 375 697 535 346 533 637 405 506 450 514 466 337 345 662 111 270 399 293 581 343 476 334 312 322 646 29 498 203 228 248 364 592 177 490 230 263 514 252 736 270 389 603 232 167 486 618 63 603 618 500 394 233 603 191 398 376 324 496 196 533 280 388 615 279 368 146 411 472 142 539 723 447 393 324 666 479 257 593 407 273 443 365 571 403 779 599 357 481 709 562 595 109 556 555 377 737 379 196 159 12 313 597 380 638 428 245 532 705 414 393 485 574 362 413 355 495 587 717 239 94 491 484 626 555 697 458 202 554 306 114 565 558 655 652 273 330 531 419 327 683 718 305 649 240 255 439 354 618 580 558 232 137 559 472 603 171 743 274 644 653 540 259 505 355 329 255 356 289 539 75 496 300 548 153 540 75 656 300 156 179 666 422 243 287 521 172
680 115 783 745 175 325 533 443 323 593 861 181 865 738 820 461 658 836 102 934 628 680 819 532 397 362 757 190 725 875 889 850 364 0 542 657 727 93 558 61 437 333 35 652 574 412 477 857 731 876 433 588 982 443 954 449 872 431 411 274 784 134 909 489 411 520 362 505 873 377 147 450 1106 765 440 980 546 688 840 332 927 796 81 140 738 800 896 501 822 825 684 721 780 757 174 613 308 957 296 256 619 96 753 172 835 284 441 582 948 345 712 174 342 339 722 889 491 802 369 569 853 247 1079 173 741 902 244 478 849 862 304 873 918 837 116 406 832 550 156 14 520 738 318 896 133 751 912 514 638 335 468 717 372 765 1067 753 612 638 985 431 108 955 53 547 618 223 773 690 1127 877 564 659 1043 900 945 365 596 833 628 1097 660 480 348 360 544 952 607 990 608 599 887 1055 374 137 704 606 43 661 714 553 758 1035 198 358 700 820 989 824 1009 698 402 731 645 283 929 759 715 1015 466 652 851 79 281 1046 1043 272 812 381 113 775 667 981 904 892 228 239 783 835 699 473 1099 557 925 932 829 137 651 203 182 619 716 638 873 305 789 426 895 415 903 312 901 355 251 524 1022 786 514 342 781 463
247 525 321 358 713 281 142 108 442 157 486 611 324 225 683 366 322 502 583 428 492 497 593 631 158 608 345 379 298 929 403 812 343 542 0 431 203 449 347 485 152 412 574 309 493 439 83 328 217 335 629 462 670 508 691 353 436 118 177 533 763 420 440 261 176 494 415 132 620 565 423 680 684 310 109 613 96 195 319 259 459 541 515 404 486 360 531 686 792 302 690 182 666 812 702 129 284 433 295 293 78 446 240 403 601 299 655 632 431 368 812 388 566 204 519 836 201 314 174 551 406 564 616 548 564 384 543 477 556 906 343 872 401 690 490 575 902 311 463 556 23 198 229 559 536 501 392 71 665 235 182 772 213 844 606 264 71 208 486 311 469 595 557 583 101 378 240 681 674 861 24 139 563 740 517 452 273 823 105 698 666 516 500 334 49 543 699 565 759 302 485 617 285 473 163 291 566 129 505 216 246 530 529 436 162 680 670 291 499 159 157 213 536 434 625 226 339 669 612 229 368 550 643 676 547 621 307 162 445 642 220 679 785 430 315 350 243 559 274 486 680 131 393 399 309 513 165 386 608 392 502 296 411 321 278 124 707 191 567 311 940 636 465 259 610 488 559 211 245 183
670 567 722 192 772 357 291 471 353 587 240 598 564 600 252 197 134 194 627 459 99 70 178 342 391 453 765 604 718 533 394 394 294 657 431 0 401 591 108 602 338 332 690 740 149 268 477 477 594 565 419 105 325 287 305 209 310 470 541 452 355 605 377 667 342 203 305 308 223 397 627 469 482 287 467 336 336 335 657 576 387 141 585 571 82 768 261 436 378 638 310 509 239 432 743 332 587 521 385 530 436 586 612 623 191 585 443 305 495 312 458 495 427 471 89 412 251 353 436 217 312 500 498 542 133 465 484 229 193 508 356 461 474 259 684 383 516 134 683 669 425 469 435 247 561 95 478 366 307 384 584 401 354 471 486 336 435 256 482 691 550 311 701 273 511 635 572 295 528 445 429 534 491 312 352 319 702 412 386 459 294 261 365 299 383 340 373 385 453 130 282 452 638 681 492 720 652 409 75 642 617 529 508 318 508 250 333 473 522 447 383 586 138 385 272 564 767 362 373 242 366 712 557 398 517 539 673 438 548 213 271 325 354 357 505 428 537 178 697 241 475 301 527 537 431 543 580 629 594 45 74 151 344 361 392 474 283 323 254 357 537 490 426 187 401 134 274 509 463 286
332 692 348 247 892 427 211 310 559 290 349 769 173 222 637 433 267 387 754 226 489 469 521 690 330 720 409 576 366 932 208 792 455 727 203 401 0 635 362 668 295 528 760 428 515 525 285 131 218 179 721 473 543 585 586 426 268 320 379 664 755 613 253 441 323 540 520 232 530 669 620 775 505 156 311 464 183 67 259 461 270 464 689 592 423 396 393 766 778 240 704 126 633 828 876 120 486 232 449 488 134 632 230 601 524 501 748 673 228 484 845 561 680 398 474 807 279 127 362 584 236 703 423 704 522 182 682 539 455 908 480 860 199 639 687 670 914 331 662 741 221 73 410 433 699 435 190 213 692 397 373 794 364 865 413 91 139 153 284 503 642 451 748 630 196 579 177 691 482 844 181 190 366 677 345 555 415 812 102 528 685 580 609 449 185 378 744 391 816 288 333 433 485 671 115 430 746 76 460 375 233 327 678 542 135 634 539 101 296 71 326 209 533 565 507 173 430 524 692 162 178 744 780 520 346 758 282 352 623 605 132 555 734 247 502 510 137 467 353 550 501 183 199 207 107 676 246 586 765 376 456 252 231 463 78 326 634 326 440 454 937 753 603 299 438 399 615 411 68 288
