150
0 807 29 584 758 514 83 662 325 614 248 976 628 804 694 960 207 505 477 45 189 1083 589 933 770 628 699 773 575 661 527 463 1109 146 444 144 273 596 854 558 350 463 540 823 611 347 716 466 284 847 359 484 319 887 964 546 939 391 634 828 406 921 507 942 712 837 440 601 835 1012 660 236 753 852 814 540 1078 734 477 879 162 831 562 923 708 469 511 815 448 361 64 446 889 389 725 384 936 774 916 467 983 402 466 812 699 325 422 120 240 669 978 339 328 262 351 423 528 452 708 423 276 429 563 881 794 799 465 543 705 876 944 445 1081 813 561 577 131 395 911 404 207 954 129 412 877 601 398 564 959 882
807 0 820 533 731 668 772 930 584 506 700 247 957 239 560 861 819 502 453 835 618 994 1028 949 983 967 153 71 463 592 403 844 1028 704 364 715 630 639 504 254 488 642 602 947 261 460 973 432 624 572 736 554 703 830 729 534 923 769 221 462 540 793 366 552 818 888 385 343 815 330 740 669 680 443 988 642 307 621 694 606 869 603 968 499 472 343 306 908 699 1014 744 911 911 444 765 480 158 804 495 419 461 892 586 191 981 947 629 794 626 869 558 470 479 567 613 522 792 642 879 471 672 627 246 153 340 422 543 377 102 568 169 597 969 699 326 230 726 796 542 1042 875 554 838 442 348 511 426 259 643 463
29 820 0 577 745 501 71 640 351 608 235 984 605 810 687 946 183 501 477 18 202 1067 564 915 748 605 709 784 572 652 528 441 1093 142 456 171 300 584 851 573 371 451 530 804 630 360 693 468 278 841 342 477 347 872 954 540 923 372 642 825 432 909 527 938 695 820 458 604 820 1017 645 263 742 851 793 529 1087 725 462 872 135 823 537 920 705 480 527 797 433 333 78 422 872 409 710 406 946 758 913 470 983 377 458 819 676 298 450 99 265 649 975 351 341 283 378 448 509 440 689 424 266 419 575 890 796 798 460 545 718 870 954 436 1066 802 566 590 158 375 907 376 180 951 102 433 879 596 416 581 952 880
584 533 577 0 241 153 507 399 610 40 351 552 431 363 112 433 461 91 156 584 447 572 517 468 453 441 381 465 73 95 161 351 604 438 365 595 613 107 281 444 508 160 82 429 555 388 440 189 300 265 298 101 717 372 389 38 455 308 322 265 639 376 550 366 293 387 470 192 335 542 212 624 207 298 463 118 665 166 195 296 539 249 457 357 141 342 453 395 214 596 532 431 424 493 251 546 570 300 350 202 438 429 125 402 449 531 730 496 577 337 404 370 388 510 663 635 275 167 349 203 317 174 381 497 290 252 119 179 468 294 572 147 559 259 229 410 597 331 334 608 517 379 529 527 369 28 470 475 376 323
758 731 745 241 0 244 676 291 841 246 510 681 349 518 172 205 589 325 395 747 656 338 467 229 286 360 587 661 306 150 400 375 369 617 605 799 837 169 302 681 743 297 233 222 791 623 304 429 487 232 410 308 940 136 238 267 215 393 540 321 875 166 790 345 127 158 710 413 95 640 110 842 55 358 273 221 787 111 284 230 670 187 416 372 261 582 692 180 313 655 717 453 186 731 63 782 729 75 368 442 474 474 309 566 326 603 964 650 798 216 382 603 620 736 893 872 275 308 198 436 483 333 615 657 417 342 333 415 683 261 727 326 331 83 461 644 799 404 320 651 635 358 672 766 469 248 709 712 290 364
514 668 501 153 244 0 432 271 623 192 267 704 291 514 223 448 352 168 232 503 421 575 367 437 348 300 515 602 211 175 269 198 603 374 431 561 611 91 414 537 537 57 72 356 647 420 320 263 248 377 174 120 711 375 461 137 436 169 449 406 668 408 617 491 222 343 528 326 325 694 152 611 244 442 373 39 818 238 48 399 433 347 306 492 287 419 532 333 76 456 474 279 391 534 216 581 719 267 486 278 581 282 97 552 323 394 749 408 570 225 530 397 412 514 674 669 126 68 251 247 239 95 483 646 442 400 139 294 592 410 721 102 571 304 346 513 559 188 460 463 403 505 432 572 521 181 516 566 478 464
83 772 71 507 676 432 0 582 349 539 166 926 551 749 617 878 135 432 410 78 162 1000 520 850 690 552 655 733 503 582 463 384 1026 75 409 188 304 515 782 532 347 381 460 741 598 316 637 404 209 771 276 407 370 804 884 470 856 309 586 757 428 840 501 869 630 755 424 540 752 956 577 275 672 783 733 459 1031 655 394 802 119 753 488 852 636 430 488 733 365 317 71 373 806 381 642 387 893 691 845 407 916 329 387 760 621 271 461 48 264 587 906 303 296 264 385 442 446 370 626 359 195 349 527 835 731 731 390 482 671 800 900 366 999 732 505 544 178 314 838 359 153 882 81 410 815 526 384 542 882 812
662 930 640 399 291 271 582 0 853 430 441 935 64 753 409 411 458 437 502 635 634 487 185 320 109 74 778 863 468 361 537 199 503 551 697 752 831 294 581 807 783 313 330 185 916 672 56 533 464 517 321 390 923 343 516 397 343 280 714 592 910 414 879 634 166 240 788 588 295 907 211 820 336 630 157 290 1046 376 262 520 527 474 149 656 498 687 799 200 274 435 644 238 288 787 229 828 964 238 651 548 757 277 365 796 53 403 981 542 787 76 671 649 661 743 903 914 161 319 99 514 431 345 753 891 665 602 409 562 859 549 965 364 499 372 614 783 746 269 607 416 481 647 545 825 731 423 772 835 580 642
325 584 351 610 841 623 349 853 0 623 422 802 840 671 716 1041 472 520 457 368 224 1178 839 1055 952 844 528 575 565 705 479 671 1209 330 287 184 57 674 819 337 114 567 609 976 339 225 909 428 390 841 536 533 125 976 991 578 1050 580 484 781 82 986 225 904 844 963 207 523 932 862 771 101 816 792 986 631 885 776 607 879 467 842 796 868 688 320 284 955 586 666 283 689 1009 151 830 104 735 883 861 419 896 649 536 658 900 617 128 394 87 833 932 242 223 111 53 99 695 557 866 408 424 529 378 699 703 741 508 479 490 861 745 524 1167 868 464 376 198 597 877 707 502 914 428 143 773 614 175 326 953 823
614 506 608 40 246 192 539 430 623 0 385 515 465 327 94 428 497 112 166 616 470 568 554 475 478 475 355 437 62 96 157 390 601 468 366 618 629 137 245 435 518 199 121 447 545 399 469 196 331 235 337 134 733 372 370 72 458 348 300 227 646 368 548 331 314 399 472 171 339 503 234 642 206 260 485 156 628 157 234 269 575 224 494 320 102 341 448 410 254 635 561 470 432 499 266 553 536 311 313 207 399 469 162 368 479 570 740 529 594 365 369 382 401 526 675 642 312 206 374 218 351 212 369 463 251 213 150 170 446 262 537 184 553 251 216 398 621 371 300 647 554 344 563 532 329 14 476 467 348 285
248 700 235 351 510 267 166 441 422 385 0 820 421 633 457 713 123 284 281 239 198 837 420 690 546 424 565 650 358 420 339 251 864 113 358 312 393 350 630 488 373 216 297 587 577 289 497 286 77 614 122 251 482 640 720 314 694 162 492 609 487 674 504 715 469 595 414 418 588 837 414 380 508 638 585 294 929 492 230 643 193 593 375 703 485 367 457 575 201 315 212 271 645 391 478 419 801 528 696 294 775 233 228 653 485 249 548 146 349 435 754 267 271 314 468 495 292 205 472 240 36 185 462 736 598 587 238 361 604 644 807 206 835 567 397 486 308 177 684 346 183 729 179 427 683 372 383 507 723 666
976 247 984 552 681 704 926 935 802 515 820 0 976 192 528 757 942 562 541 998 789 874 1068 869 962 986 281 230 498 574 483 899 906 853 542 908 842 647 393 466 696 698 633 903 501 638 966 534 745 470 820 613 925 746 601 570 837 843 343 364 769 691 597 404 793 830 596 404 747 92 726 877 627 329 954 670 114 573 743 494 1006 513 1008 352 437 513 518 860 757 1118 913 977 840 654 731 698 102 756 352 527 275 969 647 167 981 1051 863 938 831 864 394 641 655 764 838 752 826 701 863 580 786 696 430 103 270 340 611 459 319 453 91 664 844 625 425 428 917 869 408 1138 1002 400 981 660 215 525 632 481 502 335
628 957 605 431 349 291 551 64 840 465 421 976 0 791 454 474 423 458 518 599 618 548 122 380 157 12 805 891 497 404 559 171 563 527 704 727 814 330 633 819 777 325 356 244 927 671 97 547 454 571 304 408 902 407 577 424 405 261 739 640 901 477 882 689 225 303 791 615 358 953 261 800 391 679 209 317 1088 427 271 577 486 529 88 709 540 697 808 262 278 379 616 190 350 785 287 823 1000 299 704 562 809 233 380 832 73 353 967 509 770 133 727 647 658 731 888 906 169 329 162 524 417 352 769 927 707 648 424 584 882 603 1001 375 561 431 636 798 721 245 662 358 440 702 508 823 776 456 771 847 638 692
804 239 810 363 518 514 749 753 671 327 633 192 791 0 353 629 756 371 352 822 621 758 880 725 789 801 156 176 307 396 295 708 792 675 391 751 703 462 266 351 559 507 443 739 423 480 788 349 560 336 629 421 795 603 491 379 696 652 187 225 653 560 493 315 620 673 466 215 594 208 548 734 464 204 786 481 305 407 552 369 822 371 819 262 261 359 397 698 565 928 742 785 690 520 561 571 213 593 258 344 243 777 455 51 801 860 752 757 685 685 324 479 494 615 713 640 637 510 687 395 599 505 296 140 105 187 420 272 244 330 213 472 732 475 245 305 759 677 304 947 815 318 799 535 118 336 496 375 404 225
694 560 687 112 172 223 617 409 716 94 457 528 454 353 0 338 561 201 259 693 559 478 557 397 437 465 415 490 154 52 247 414 512 548 457 707 722 139 192 518 611 251 165 389 627 492 439 289 411 158 390 211 825 287 278 150 377 391 370 190 739 276 637 268 267 329 563 245 260 500 199 734 123 228 434 185 638 68 271 186 642 137 499 271 93 431 535 349 296 678 644 496 356 592 209 646 566 245 265 300 364 503 230 400 454 617 833 602 686 337 308 475 494 619 768 735 322 260 336 310 424 275 451 493 259 194 231 257 512 189 565 252 462 161 298 479 709 411 237 685 616 282 634 624 323 103 568 550 266 245
960 861 946 433 205 448 878 411 1041 428 713 757 474 629 338 0 785 522 589 948 860 141 596 137 350 484 731 793 490 338 584 552 174 821 793 1004 1040 374 368 855 940 501 437 250 962 820 396 621 692 293 608 510 1143 76 167 464 98 586 698 405 1071 69 975 361 270 174 900 580 129 695 302 1046 226 433 308 425 850 272 484 265 865 259 557 408 404 768 873 218 514 827 921 621 137 925 238 978 825 195 408 633 503 650 514 679 424 782 1162 851 1001 351 384 801 819 938 1093 1067 457 513 315 634 687 538 787 760 524 442 535 595 832 306 821 531 127 178 635 814 1004 593 351 815 827 368 870 959 547 434 902 886 267 424
207 819 183 461 589 352 135 458 472 497 123 942 423 756 561 785 0 402 404 177 259 899 386 743 567 422 686 771 476 520 461 260 923 145 468 322 432 441 742 597 449 312 397 626 679 387 511 409 199 719 180 364 503 710 812 426 753 200 614 723 547 754 594 825 525 649 509 541 657 960 484 406 595 754 613 386 1052 588 308 745 82 694 356 817 599 481 561 622 278 207 205 240 700 476 547 493 923 593 810 416 892 196 336 776 493 148 589 89 389 472 864 369 368 375 511 558 335 302 512 363 157 288 577 859 719 704 354 484 720 750 929 314 901 654 519 600 312 198 794 244 60 839 88 509 804 484 473 613 825 781
505 502 501 91 325 168 432 437 520 112 284 562 458 371 201 522 402 0 72 509 359 660 527 549 507 467 350 438 74 185 101 345 692 360 283 507 523 170 350 376 419 142 112 497 487 299 485 106 224 346 259 53 626 459 479 59 539 282 282 326 550 466 471 438 358 464 387 165 419 566 278 533 296 355 524 149 675 256 193 380 477 335 467 421 205 265 378 466 200 560 451 419 504 406 327 458 564 378 414 120 491 407 87 401 489 493 641 425 486 385 475 280 298 420 573 548 291 143 405 113 249 135 318 493 319 303 50 127 425 373 568 102 648 349 179 348 510 308 407 577 461 451 462 441 403 100 384 406 459 383
477 453 477 156 395 232 410 502 457 166 281 541 518 352 259 589 404 72 0 487 315 728 578 621 576 526 304 393 110 251 58 392 760 336 212 461 464 242 384 307 353 195 182 568 418 234 551 35 210 392 287 113 568 528 535 129 609 318 232 354 483 531 399 472 430 535 316 138 489 556 349 478 363 377 594 217 652 320 248 428 472 387 519 448 241 193 306 538 248 579 419 459 575 337 399 390 531 449 441 49 507 442 139 375 554 512 575 412 430 453 507 216 235 361 509 479 350 192 474 56 247 175 252 462 321 324 95 83 368 416 535 146 715 414 128 282 465 344 443 602 464 484 452 371 406 158 315 337 506 407
45 835 18 584 747 503 78 635 368 616 239 998 599 822 693 948 177 509 487 0 218 1067 554 914 744 598 723 800 580 657 539 437 1092 151 472 188 317 588 859 590 388 455 535 801 647 376 688 479 286 848 341 484 363 873 958 546 922 370 656 834 450 911 545 946 695 819 475 615 821 1030 646 280 745 860 789 532 1101 729 464 878 122 829 529 929 713 495 544 795 434 318 96 414 871 426 710 424 961 758 922 482 993 370 463 832 670 285 467 98 283 646 983 366 357 301 395 466 507 444 686 435 270 423 591 904 807 807 467 557 734 877 969 442 1067 805 578 606 175 372 915 361 169 959 93 451 890 603 433 598 959 889
189 618 202 447 656 421 162 634 224 470 198 789 618 621 559 860 259 359 315 218 0 992 616 858 736 621 511 584 421 535 357 448 1022 115 256 149 197 487 698 373 191 365 424 768 436 159 690 297 176 703 315 354 292 790 836 410 857 358 446 667 293 812 342 786 640 763 263 426 743 828 573 190 640 688 772 437 890 609 398 738 276 693 573 761 555 280 328 750 374 463 126 466 812 222 636 235 747 688 754 295 813 426 347 626 680 406 350 196 153 620 820 150 140 119 271 303 479 354 655 259 203 327 374 693 620 635 331 369 517 728 755 330 986 697 380 389 152 374 757 501 300 798 239 253 701 459 223 382 816 719
1083 994 1067 572 338 575 1000 487 1178 568 837 874 548 758 478 141 899 660 728 1067 992 0 664 168 401 556 868 926 630 477 724 654 35 947 933 1135 1175 507 494 995 1079 630 571 305 1102 958 458 760 822 423 726 646 1278 203 273 602 148 700 836 533 1210 206 1115 471 375 254 1040 720 250 805 424 1179 365 558 351 556 959 412 607 390 978 392 635 522 543 908 1013 289 636 918 1047 715 203 1064 360 1117 948 310 523 773 608 748 647 808 486 880 1300 970 1135 441 486 939 957 1074 1230 1207 565 641 401 772 812 667 927 885 654 573 671 735 968 429 943 663 34 318 775 954 1133 703 467 902 937 476 986 1098 668 574 1042 1026 373 544
589 1028 564 517 467 367 520 185 839 554 420 1068 122 880 557 596 386 527 578 554 616 664 0 497 265 112 877 965 577 506 626 189 676 512 743 705 806 425 742 866 791 386 438 360 969 696 207 604 471 684 320 474 886 528 698 504 523 277 808 746 907 599 912 802 345 424 820 690 480 1052 372 786 506 784 316 400 1181 537 335 692 434 643 61 819 639 741 848 381 330 288 589 151 469 805 405 837 1085 421 814 618 917 193 442 918 179 280 963 474 762 254 841 673 681 733 884 915 243 387 283 573 425 404 822 1012 802 749 486 652 946 717 1087 433 678 549 703 851 697 254 774 258 386 816 462 842 876 544 795 891 756 800
933 949 915 468 229 437 850 320 1055 475 690 869 380 725 397 137 743 549 621 914 858 168 497 0 236 389 810 879 535 379 628 492 185 802 831 995 1047 384 476 909 963 493 448 138 1020 843 291 654 684 399 575 525 1148 123 299 492 39 545 767 508 1095 187 1018 484 221 96 936 641 137 814 286 1047 274 541 188 425 967 331 463 378 820 358 467 528 479 810 920 124 490 752 902 550 47 953 226 1004 930 174 526 668 626 584 520 775 319 715 1181 817 1006 277 511 822 838 948 1108 1094 408 504 236 658 668 532 844 861 620 540 550 644 907 418 926 532 182 251 690 872 993 546 470 735 778 493 830 989 655 477 933 941 396 536
770 983 748 453 286 348 690 109 952 478 546 962 157 789 437 350 567 507 576 744 736 401 265 236 0 163 833 914 525 395 604 308 413 657 779 857 933 347 588 882 877 398 396 101 993 763 61 608 564 516 425 465 1026 293 480 460 266 385 774 606 1006 369 965 626 170 179 875 645 255 925 244 924 339 643 52 359 1070 389 350 511 636 471 244 657 529 766 879 134 368 535 751 344 215 878 232 922 1002 216 653 623 759 385 444 835 87 509 1080 651 889 124 661 740 754 842 1002 1009 258 406 105 595 534 433 824 929 694 623 486 627 920 545 1001 448 418 359 679 854 852 376 604 513 590 638 654 916 751 474 861 912 558 650
628 967 605 441 360 300 552 74 844 475 424 986 12 801 465 484 422 467 526 598 621 556 112 389 163 0 814 901 506 415 567 174 571 529 711 729 817 340 644 827 782 333 366 252 934 676 103 555 459 583 308 416 904 417 588 434 414 264 748 652 905 487 888 700 236 313 797 624 369 964 272 802 402 690 215 326 1098 438 279 588 484 540 81 720 551 704 815 271 285 373 617 187 359 790 298 828 1010 311 715 570 820 231 388 842 78 348 970 509 773 145 738 653 664 734 891 911 177 337 172 531 420 359 777 937 718 659 432 593 891 615 1012 383 570 442 645 806 722 248 673 350 437 713 506 828 787 467 776 854 650 704
699 153 709 381 587 515 655 778 528 355 565 281 805 156 415 731 686 350 304 723 511 868 877 810 833 814 0 89 311 445 252 693 902 583 262 627 564 488 391 198 419 491 449 800 269 358 821 287 489 450 590 403 652 693 612 382 786 621 73 347 503 663 339 455 668 744 321 191 674 335 589 599 537 338 839 489 379 480 543 487 743 476 817 406 331 233 247 761 548 876 636 762 770 378 618 425 239 658 401 275 398 745 435 132 829 808 601 671 551 717 470 362 375 484 567 489 640 491 728 329 534 477 151 183 231 304 392 226 102 452 246 446 845 562 177 154 637 648 439 901 744 460 715 388 272 360 355 221 536 364
773 71 784 465 661 602 733 863 575 437 650 230 891 176 490 793 771 438 393 800 584 926 965 879 914 901 89 0 396 523 341 782 960 663 330 691 617 571 438 238 472 579 536 877 275 428 904 375 574 504 679 491 697 760 663 468 854 710 161 395 540 724 368 490 748 818 370 277 745 301 670 654 610 378 919 575 312 551 631 539 825 535 905 437 401 305 291 838 636 962 710 851 841 429 695 471 164 734 433 363 408 834 523 131 913 895 633 752 609 801 499 435 446 545 609 523 727 579 810 416 621 566 212 127 274 354 481 314 90 501 173 535 901 629 266 204 702 736 478 988 828 493 796 432 289 442 408 252 579 400
575 463 572 73 306 211 503 468 565 62 358 498 497 307 154 490 476 74 110 580 421 630 577 535 525 506 311 396 0 157 95 402 663 431 304 568 573 179 280 375 458 201 141 501 486 340 511 137 296 283 329 118 677 433 427 74 519 347 250 254 586 429 487 368 365 456 411 121 400 497 284 588 267 281 535 181 612 218 246 319 551 278 516 349 135 279 387 466 259 630 519 479 491 438 322 492 508 369 342 147 418 472 151 342 519 563 681 498 539 408 404 324 343 470 616 581 335 204 421 164 323 202 311 436 248 230 123 110 396 308 511 170 615 312 158 340 572 372 338 645 534 381 535 471 331 58 415 407 397 310
661 592 652 95 150 175 582 361 705 96 420 574 404 396 52 338 520 185 251 657 535 477 506 379 395 415 445 523 157 0 251 363 509 516 458 683 706 88 242 531 603 209 124 356 641 483 393 284 380 202 345 182 810 278 303 128 363 344 394 241 733 282 642 316 227 303 564 265 244 549 153 715 113 279 397 137 685 74 223 226 601 175 448 321 137 434 543 317 250 630 614 446 336 587 174 640 608 216 315 296 415 453 196 441 408 569 825 565 669 290 356 464 482 604 757 730 271 219 293 297 388 236 465 535 305 244 205 266 538 235 608 217 464 164 311 494 684 363 285 636 573 330 594 621 372 99 565 562 306 297
527 403 528 161 400 269 463 537 479 157 339 483 559 295 247 584 461 101 58 539 357 724 626 628 604 567 252 341 95 251 0 441 757 389 210 501 491 261 346 284 369 240 210 588 395 255 584 62 266 363 342 152 594 528 515 146 613 371 183 312 495 523 392 433 450 548 317 80 494 500 369 510 362 331 619 248 595 312 292 401 529 365 566 405 210 185 293 555 296 636 467 511 584 347 412 401 475 460 398 64 457 496 184 318 589 569 591 467 460 484 466 242 260 390 529 489 392 239 501 105 305 226 222 406 268 278 140 27 324 384 479 195 709 407 78 252 506 397 405 658 521 445 507 378 352 152 323 315 475 362
463 844 441 351 375 198 384 199 671 390 251 899 171 708 414 552 260 345 392 437 448 654 189 492 308 174 693 782 402 363 441 0 675 357 555 557 644 276 605 678 612 204 269 369 781 511 253 416 289 560 137 293 731 477 612 330 506 93 623 601 733 534 727 677 283 400 635 510 424 892 267 629 399 638 353 236 1013 413 157 576 332 524 134 684 484 553 660 369 146 280 447 83 452 623 322 659 908 358 678 430 776 100 259 743 238 230 798 343 599 216 716 488 497 562 718 740 101 203 257 384 248 217 634 836 640 597 301 468 759 593 911 247 659 453 518 662 550 74 646 278 288 690 347 661 718 378 611 703 649 658
1109 1028 1093 604 369 603 1026 503 1209 601 864 906 563 792 512 174 923 692 760 1092 1022 35 676 185 413 571 902 960 663 509 757 675 0 974 966 1163 1205 537 527 1028 1110 658 601 319 1136 990 471 793 850 457 752 677 1308 234 306 633 171 724 870 567 1242 240 1148 503 399 276 1072 753 279 837 451 1209 397 591 362 585 991 445 634 424 1001 427 650 555 577 941 1046 308 663 936 1074 734 224 1096 388 1149 981 337 556 805 640 769 677 842 498 899 1332 995 1165 461 518 970 988 1104 1261 1239 589 669 421 804 840 696 961 918 688 607 701 768 1003 463 976 692 63 352 808 988 1162 727 501 919 960 508 1010 1130 702 606 1074 1060 405 578
146 704 142 438 617 374 75 551 330 468 113 853 527 675 548 821 145 360 336 151 115 947 512 802 657 529 583 663 431 516 389 357 974 0 343 201 294 453 710 469 305 321 395 700 543 254 607 329 138 702 233 338 376 748 819 400 805 272 514 684 404 780 453 797 581 707 370 466 698 882 523 275 610 710 697 398 959 589 341 733 168 685 473 779 564 362 429 688 313 349 101 362 757 334 588 349 822 638 772 333 842 320 321 687 593 292 452 90 251 547 834 239 235 231 373 415 404 310 585 284 135 286 459 762 656 657 320 407 604 730 829 300 944 670 431 479 196 283 766 387 187 810 135 366 740 456 333 482 814 739
444 364 456 365 605 431 409 697 287 366 358 542 704 391 457 793 468 283 212 472 256 933 743 831 779 711 262 330 304 458 210 555 966 343 0 366 314 452 536 130 174 384 391 778 226 98 749 178 287 565 426 317 410 735 721 340 819 467 205 496 290 732 188 619 639 747 107 239 699 590 559 344 570 506 801 424 638 522 436 604 510 571 688 582 413 33 105 749 427 671 381 606 786 142 610 197 493 660 575 164 610 577 335 385 748 606 388 433 295 656 647 107 116 225 334 282 538 378 680 184 336 353 119 443 416 456 294 203 262 582 502 333 918 616 179 136 376 492 594 703 522 629 478 170 488 360 117 150 674 537
144 715 171 595 799 561 188 752 184 618 312 908 727 751 707 1004 322 507 461 188 149 1135 705 995 857 729 627 691 568 683 501 557 1163 201 366 0 131 631 844 461 232 505 569 898 495 272 807 441 313 851 433 501 183 933 984 558 996 473 569 812 266 958 385 932 775 900 332 566 885 954 713 92 786 832 897 580 1002 757 533 886 298 841 670 906 702 396 410 884 506 499 117 557 950 276 776 257 855 828 899 438 953 513 492 750 794 457 279 235 103 746 966 273 257 149 207 283 604 494 783 405 329 468 481 808 759 779 478 511 614 876 864 474 1129 843 516 489 14 484 903 541 339 944 261 291 838 607 291 461 964 862
273 630 300 613 837 611 304 831 57 629 393 842 814 703 722 1040 432 523 464 317 197 1175 806 1047 933 817 564 617 573 706 491 644 1205 294 314 131 0 669 835 379 146 555 604 962 391 238 887 437 370 853 512 530 104 972 998 579 1043 554 516 799 137 987 277 922 832 954 247 542 927 898 762 45 815 813 968 623 928 779 592 890 421 851 766 889 700 347 326 943 569 621 236 656 1001 189 823 151 779 875 882 429 922 614 530 694 877 574 158 351 45 816 952 250 231 103 81 155 675 545 850 412 400 517 414 740 728 761 505 495 533 875 789 515 1166 870 486 415 144 570 894 663 457 932 382 189 801 620 210 371 966 844
596 639 584 107 169 91 515 294 674 137 350 647 330 462 139 374 441 170 242 588 487 507 425 384 347 340 488 571 179 88 261 276 537 453 452 631 669 0 330 543 580 134 66 328 654 460 334 276 320 288 264 142 772 304 372 116 376 259 428 327 712 328 640 403 190 295 555 299 259 628 109 673 158 364 359 56 759 148 138 309 523 257 365 409 214 434 547 297 166 543 552 358 338 571 159 621 672 211 403 290 501 366 141 503 344 483 799 493 629 230 443 439 455 568 727 711 185 145 243 275 320 167 482 598 379 326 167 282 574 321 673 157 499 218 333 512 631 277 373 548 493 417 520 607 452 130 550 574 387 383
854 504 851 281 302 414 782 581 819 245 630 393 633 266 192 368 742 350 384 859 698 494 742 476 588 644 391 438 280 242 346 605 527 710 536 844 835 330 0 553 706 437 351 518 649 598 603 404 574 78 576 379 937 354 226 317 445 581 379 44 824 301 691 88 424 441 636 297 357 342 372 855 250 66 572 375 493 206 461 105 820 121 685 79 147 504 586 475 485 869 799 688 447 678 359 733 458 374 73 409 177 694 406 316 622 806 923 773 806 507 125 587 605 735 868 815 512 445 496 440 595 455 486 392 164 88 393 341 491 65 454 428 467 236 357 508 849 601 59 876 798 101 808 704 180 259 653 583 147 63
558 254 573 444 681 537 532 807 337 435 488 466 819 351 518 855 597 376 307 590 373 995 866 909 882 827 198 238 375 531 284 678 1028 469 130 461 379 543 553 0 236 496 488 871 112 216 857 275 416 598 552 419 460 804 761 428 892 592 177 511 306 790 143 629 733 831 133 276 774 529 651 417 639 510 900 524 549 585 549 637 637 614 810 584 455 126 54 838 543 801 496 732 866 192 695 233 400 743 578 260 590 704 443 330 859 736 404 559 373 760 650 231 236 313 373 291 652 491 780 296 466 469 69 363 408 467 399 266 155 609 410 445 976 678 221 47 473 617 608 833 650 636 603 195 463 433 173 32 699 540
350 488 371 508 743 537 347 783 114 518 373 696 777 559 611 940 449 419 353 388 191 1079 791 963 877 782 419 472 458 603 369 612 1110 305 174 232 146 580 706 236 0 483 515 893 264 121 838 322 324 731 476 438 238 877 883 478 955 520 372 668 132 883 157 791 757 873 104 410 836 753 681 182 715 679 907 540 784 672 528 769 464 733 743 755 578 207 183 868 510 654 294 643 917 45 738 47 635 790 748 311 783 606 446 549 832 597 223 386 139 755 819 142 126 88 162 133 622 474 785 307 366 446 269 594 590 628 413 368 390 750 645 436 1067 766 351 270 245 540 765 692 490 801 427 63 660 510 65 231 842 710
463 642 451 160 297 57 381 313 567 199 216 698 325 507 251 501 312 142 195 455 365 630 386 493 398 333 491 579 201 209 240 204 658 321 384 505 555 134 437 496 483 0 87 411 604 366 365 223 192 408 140 89 655 429 505 132 492 149 422 424 613 460 568 518 278 400 478 306 380 696 209 554 292 457 425 78 812 278 54 434 392 383 326 514 300 374 486 389 59 437 421 279 447 481 272 527 705 323 507 238 597 272 57 540 365 372 694 360 513 275 557 344 358 457 618 615 157 12 303 201 187 39 444 633 444 411 101 266 562 440 708 52 625 351 317 474 504 173 486 449 365 531 387 519 526 186 464 524 514 481
540 602 530 82 233 72 460 330 609 121 297 633 356 443 165 437 397 112 182 535 424 571 438 448 396 366 449 536 141 124 210 269 601 395 391 569 604 66 351 488 515 87 0 387 599 395 375 216 260 322 226 78 707 369 425 69 441 231 385 340 647 389 579 432 249 359 493 259 324 623 169 609 217 375 413 40 746 195 114 349 478 298 377 429 218 375 488 358 136 519 494 350 402 507 223 556 648 275 422 230 515 349 77 481 381 456 734 442 565 275 471 374 391 503 661 646 195 96 293 212 265 112 429 575 371 331 102 233 530 354 650 96 563 276 285 459 569 253 400 529 452 445 471 543 450 109 486 518 429 398
823 947 804 429 222 356 741 185 976 447 587 903 244 739 389 250 626 497 568 801 768 305 360 138 101 252 800 877 501 356 588 369 319 700 778 898 962 328 518 871 893 411 387 0 982 775 154 602 593 443 468 462 1060 198 388 444 166 433 747 541 1024 275 966 547 139 84 879 617 168 859 220 957 277 577 60 356 1008 333 371 433 700 398 332 582 480 761 874 44 394 619 798 420 114 889 183 936 951 147 579 617 684 457 449 787 182 586 1104 705 919 155 580 752 767 867 1028 1025 297 421 116 597 570 449 809 879 639 564 486 608 892 469 949 457 319 283 658 839 894 430 527 600 656 558 714 926 689 445 870 902 472 580
611 261 630 555 791 647 598 916 339 545 577 501 927 423 627 962 679 487 418 647 436 1102 969 1020 993 934 269 275 486 641 395 781 1136 543 226 495 391 654 649 112 264 604 599 982 0 292 967 385 509 699 652 529 451 913 862 539 1002 693 271 606 284 897 115 719 844 942 174 383 884 576 763 434 748 601 1011 634 567 694 657 737 710 717 914 672 560 231 122 949 650 885 552 831 976 223 806 242 418 854 666 370 665 801 552 391 968 822 370 630 397 870 737 311 311 351 361 265 760 599 891 404 558 576 177 400 496 562 508 377 187 707 429 553 1083 786 331 149 508 717 701 919 728 725 674 206 540 544 214 81 795 629
347 460 360 388 623 420 316 672 225 399 289 638 671 480 492 820 387 299 234 376 159 958 696 843 763 676 358 428 340 483 255 511 990 254 98 272 238 460 598 216 121 366 395 775 292 0 727 204 226 618 377 318 340 757 766 357 835 420 298 562 253 764 217 684 638 753 126 306 715 683 561 260 594 576 791 421 735 553 414 655 422 618 644 652 464 125 175 749 398 593 284 551 797 116 618 162 591 670 645 194 689 518 327 479 722 531 343 344 210 640 715 24 20 139 276 252 511 358 669 187 274 331 217 540 495 524 293 258 358 638 599 319 947 646 251 231 281 443 657 628 438 695 388 154 571 391 100 228 730 607
716 973 693 440 304 320 637 56 909 469 497 966 97 788 439 396 511 485 551 688 690 458 207 291 61 103 821 904 511 393 584 253 471 607 749 807 887 334 603 857 838 365 375 154 967 727 0 582 520 535 376 439 979 334 516 442 318 335 759 617 965 408 932 648 179 223 842 631 291 935 241 876 354 655 113 337 1076 399 315 534 578 490 184 675 530 738 851 179 329 475 699 285 265 842 245 883 1000 241 670 598 777 326 416 833 29 449 1037 596 843 104 685 703 716 799 958 969 216 372 107 565 487 398 802 927 697 630 459 608 905 565 1000 416 473 382 660 832 802 324 624 453 532 661 598 880 759 463 826 886 587 664
466 432 468 189 429 263 404 533 428 196 286 534 547 349 289 621 409 106 35 479 297 760 604 654 608 555 287 375 137 284 62 416 793 329 178 441 437 276 404 275 322 223 216 602 385 204 582 0 211 417 305 144 540 561 563 163 643 338 214 372 451 563 365 492 463 569 282 137 523 556 383 453 396 392 628 250 644 351 276 454 473 415 545 465 265 159 273 572 275 591 406 480 609 304 433 358 518 483 458 16 518 460 169 368 585 523 544 409 404 485 525 188 207 335 479 447 379 219 507 47 253 200 222 452 329 339 124 79 344 439 523 173 747 445 112 251 446 365 463 615 468 504 450 338 412 189 282 304 530 422
284 624 278 300 487 248 209 464 390 331 77 745 454 560 411 692 199 224 210 286 176 822 471 684 564 459 489 574 296 380 266 289 850 138 287 313 370 320 574 416 324 192 260 593 509 226 520 211 0 564 153 201 467 621 682 263 684 197 416 549 447 648 443 661 465 589 351 346 572 765 400 365 477 577 598 267 854 453 223 596 263 547 420 644 428 293 388 575 199 391 235 326 638 335 463 370 725 515 637 219 711 293 185 578 512 324 517 203 327 446 698 203 211 279 439 453 306 181 480 165 50 155 387 661 530 524 182 288 528 593 731 165 817 535 321 412 312 218 630 420 258 674 242 373 615 318 325 436 676 605
847 572 841 265 232 377 771 517 841 235 614 470 571 336 158 293 719 346 392 848 703 423 684 399 516 583 450 504 283 202 363 560 457 702 565 851 853 288 78 598 731 408 322 443 699 618 535 417 564 0 546 365 957 276 164 302 368 546 428 112 854 225 731 119 356 366 669 329 280 418 313 870 182 142 499 339 570 149 425 39 799 46 629 141 154 536 626 400 451 831 795 642 370 706 291 761 534 301 137 424 243 653 387 387 556 770 952 759 821 442 158 604 623 751 892 847 463 418 429 447 580 432 530 467 232 150 383 364 551 34 530 409 398 161 389 554 854 564 91 835 773 132 791 735 257 247 682 629 114 139
359 736 342 298 410 174 276 321 536 337 122 820 304 629 390 608 180 259 287 341 315 726 320 575 425 308 590 679 329 345 342 137 752 233 426 433 512 264 576 552 476 140 226 468 652 377 376 305 153 546 0 211 603 533 633 267 581 44 518 562 598 575 593 657 354 479 501 418 481 825 307 500 416 596 464 209 933 411 128 571 261 519 268 653 438 427 530 458 99 301 330 180 531 487 370 522 817 418 646 317 735 156 179 657 365 235 664 244 467 314 696 354 362 427 585 604 172 132 352 267 113 127 514 747 576 548 210 368 646 578 821 159 726 475 414 541 429 67 625 318 229 670 263 525 659 323 476 576 650 620
484 554 477 101 308 120 407 390 533 134 251 613 408 421 211 510 364 53 113 484 354 646 474 525 465 416 403 491 118 182 152 293 677 338 317 501 530 142 379 419 438 89 78 462 529 318 439 144 201 365 211 0 633 443 484 64 518 231 334 360 570 459 504 465 324 436 417 218 400 614 245 536 287 391 485 107 726 256 140 396 441 347 414 453 235 302 416 434 147 512 434 366 479 430 300 479 617 352 446 159 530 356 34 453 442 446 657 396 491 342 503 297 314 428 585 569 240 90 364 135 217 85 364 545 365 341 25 178 475 394 620 53 637 344 230 394 502 256 433 528 422 478 429 466 448 121 410 448 476 417
319 703 347 717 940 711 370 923 125 733 482 925 902 795 825 1143 503 626 568 363 292 1278 886 1148 1026 904 652 697 677 810 594 731 1308 376 410 183 104 772 937 460 238 655 707 1060 451 340 979 540 467 957 603 633 0 1075 1102 683 1145 644 609 900 169 1091 339 1023 931 1054 332 643 1029 986 862 103 919 913 1063 724 1006 882 690 994 478 954 849 989 803 443 408 1042 666 679 300 736 1102 276 924 228 856 976 982 533 1020 694 631 783 967 639 120 417 143 911 1053 353 335 207 91 189 770 644 946 515 493 617 503 822 826 862 608 597 611 978 867 617 1269 974 586 500 193 658 996 721 520 1034 441 266 897 723 300 447 1069 944
887 830 872 372 136 375 804 343 976 372 640 746 407 603 287 76 710 459 528 873 790 203 528 123 293 417 693 760 433 278 528 477 234 748 735 933 972 304 354 804 877 429 369 198 913 757 334 561 621 276 533 443 1075 0 191 401 94 511 654 385 1009 77 919 364 196 115 841 531 54 691 227 977 167 418 257 354 844 219 410 256 790 235 487 406 363 712 819 159 440 753 849 548 98 864 163 916 807 120 404 573 506 576 444 653 361 707 1098 776 933 280 394 737 755 871 1028 1006 382 440 246 571 614 466 737 739 499 418 468 541 793 296 804 460 196 132 584 765 932 518 349 743 752 374 795 898 532 376 842 836 281 414
964 729 954 389 238 461 884 516 991 370 720 601 577 491 278 167 812 479 535 958 836 273 698 299 480 588 612 663 427 303 515 612 306 819 721 984 998 372 226 761 883 505 425 388 862 766 516 563 682 164 633 484 1102 191 0 426 262 623 592 268 1009 116 892 199 353 305 826 489 226 534 346 1011 219 288 448 428 688 230 506 126 894 150 650 250 310 693 787 348 535 892 917 691 287 860 297 915 676 278 250 572 339 711 499 541 541 838 1105 865 963 445 218 750 769 895 1042 1002 512 516 418 587 689 536 692 614 389 310 506 519 713 162 670 519 245 161 549 717 985 636 195 888 862 205 891 891 396 380 836 792 102 272
546 534 540 38 267 137 470 397 578 72 314 570 424 379 150 464 426 59 129 546 410 602 504 492 460 434 382 468 74 128 146 330 633 400 340 558 579 116 317 428 478 132 69 444 539 357 442 163 263 302 267 64 683 401 426 0 481 281 318 298 609 409 527 402 306 407 445 191 361 564 224 588 238 330 474 108 683 201 174 334 504 286 443 391 174 320 432 412 189 567 495 409 447 464 271 516 582 321 385 177 470 404 90 415 448 501 699 459 542 340 440 338 356 476 630 606 262 137 356 171 280 141 367 509 313 282 82 168 463 331 584 112 590 292 220 397 560 305 370 580 483 415 492 499 394 59 442 458 414 356
939 923 923 455 215 436 856 343 1050 458 694 837 405 696 377 98 753 539 609 922 857 148 523 39 266 414 786 854 519 363 613 506 171 805 819 996 1043 376 445 892 955 492 441 166 1002 835 318 643 684 368 581 518 1145 94 262 481 0 554 746 478 1087 151 1004 449 228 107 924 621 120 780 284 1045 254 509 220 421 933 310 465 344 831 328 491 493 455 796 905 144 493 771 905 568 56 944 221 995 900 169 492 656 591 601 515 747 346 732 1174 825 1003 293 475 814 831 943 1102 1085 418 503 254 649 671 530 826 832 592 511 543 628 885 385 896 529 157 225 672 855 994 556 436 756 790 457 840 979 624 462 922 924 359 504
391 769 372 308 393 169 309 280 580 348 162 843 261 652 391 586 200 282 318 370 358 700 277 545 385 264 621 710 347 344 371 93 724 272 467 473 554 259 581 592 520 149 231 433 693 420 335 338 197 546 44 231 644 511 623 281 554 0 550 570 641 558 636 659 326 450 544 445 458 844 286 542 405 605 426 208 957 405 122 568 280 515 225 659 448 466 571 426 96 289 367 142 502 531 349 566 844 394 652 351 745 126 197 682 323 226 707 273 510 279 699 397 405 470 628 648 138 144 318 302 156 148 551 774 593 560 234 397 681 578 848 180 702 463 445 579 467 27 628 300 242 673 286 569 675 335 519 616 645 628
634 221 642 322 540 449 586 714 484 300 492 343 739 187 370 698 614 282 232 656 446 836 808 767 774 748 73 161 250 394 183 623 870 514 205 569 516 428 379 177 372 422 385 747 271 298 759 214 416 428 518 334 609 654 592 318 746 550 0 336 470 631 318 452 613 696 281 131 630 386 533 548 493 334 784 425 446 437 474 467 672 448 748 407 294 174 217 710 478 803 570 691 725 334 566 386 310 609 402 202 418 673 366 182 766 735 569 601 499 657 473 299 313 429 527 458 573 421 670 256 462 407 113 249 232 292 322 156 147 436 317 376 816 524 106 130 578 576 432 828 672 460 644 351 292 303 310 206 525 364
828 462 825 265 321 406 757 592 781 227 609 364 640 225 190 405 723 326 354 834 667 533 746 508 606 652 347 395 254 241 312 601 567 684 496 812 799 327 44 511 668 424 340 541 606 562 617 372 549 112 562 360 900 385 268 298 478 570 336 0 785 337 649 123 439 467 595 258 384 320 381 820 268 39 593 367 467 218 452 144 800 151 688 96 125 465 544 498 475 859 771 683 477 638 375 693 423 395 89 375 176 687 388 276 635 795 884 751 770 518 154 551 570 699 829 775 511 431 511 410 574 439 444 355 122 44 372 305 448 107 419 410 508 262 318 465 817 592 98 868 781 134 787 664 149 240 613 541 190 58
406 540 432 639 875 668 428 910 82 646 487 769 901 653 739 1071 547 550 483 450 293 1210 907 1095 1006 905 503 540 586 733 495 733 1242 404 290 266 137 712 824 306 132 613 647 1024 284 253 965 451 447 854 598 570 169 1009 1009 609 1087 641 470 785 0 1013 174 907 888 1005 191 528 968 835 813 180 845 792 1037 672 845 802 657 893 546 859 862 868 701 321 257 1000 638 744 363 757 1049 149 870 94 695 922 861 440 887 718 577 635 958 693 100 472 167 885 933 274 257 175 79 21 750 604 916 439 486 576 359 666 697 743 545 491 452 871 706 567 1197 896 468 350 280 660 882 785 580 916 508 122 761 639 173 289 964 823
921 793 909 376 166 408 840 414 986 368 674 691 477 560 276 69 754 466 531 911 812 206 599 187 369 487 663 724 429 282 523 534 240 780 732 958 987 328 301 790 883 460 389 275 897 764 408 563 648 225 575 459 1091 77 116 409 151 558 631 337 1013 0 912 299 258 192 839 515 119 631 272 995 173 366 334 382 785 212 449 198 835 190 555 344 338 707 810 236 479 812 880 608 172 866 213 920 758 180 343 574 441 633 466 611 435 763 1106 815 949 347 325 745 763 885 1038 1009 435 471 316 579 646 495 722 692 456 374 483 533 764 239 754 484 187 118 571 749 958 567 287 804 800 307 837 899 480 375 843 822 209 357
507 366 527 550 790 617 501 879 225 548 504 597 882 493 637 975 594 471 399 545 342 1115 912 1018 965 888 339 368 487 642 392 727 1148 453 188 385 277 640 691 143 157 568 579 966 115 217 932 365 443 731 593 504 339 919 892 527 1004 636 318 649 174 912 0 768 827 934 93 403 884 665 747 320 753 651 988 611 671 703 618 770 617 743 860 725 583 208 105 936 607 801 450 768 973 121 797 129 521 847 719 351 733 735 521 470 930 741 266 538 285 841 790 240 234 245 249 157 719 561 866 370 490 535 206 494 550 606 481 380 279 744 532 517 1099 797 344 190 398 659 746 837 640 776 580 95 606 544 122 120 835 681
942 552 938 366 345 491 869 634 904 331 715 404 689 315 268 361 825 438 472 946 786 471 802 484 626 700 455 490 368 316 433 677 503 797 619 932 922 403 88 629 791 518 432 547 719 684 648 492 661 119 657 465 1023 364 199 402 449 659 452 123 907 299 768 0 471 466 717 381 380 336 431 942 298 119 604 452 490 267 538 116 904 160 747 55 234 587 664 504 564 945 887 759 462 761 406 816 483 411 57 497 143 769 490 362 670 884 1006 860 892 559 40 673 692 821 952 897 581 526 543 528 681 538 563 425 225 164 480 427 553 86 476 512 441 268 440 582 937 678 32 951 881 14 893 786 207 344 736 658 99 91
712 818 695 293 127 222 630 166 844 314 469 793 225 620 267 270 525 358 430 695 640 375 345 221 170 236 668 748 365 227 450 283 399 581 639 775 832 190 424 733 757 278 249 139 844 638 179 463 465 356 354 324 931 196 353 306 228 326 613 439 888 258 827 471 0 126 741 483 143 758 82 830 175 477 172 218 901 222 243 357 604 312 298 496 359 622 735 112 270 558 681 353 177 751 66 799 832 78 492 478 598 381 312 666 200 513 970 598 790 92 508 616 631 735 895 889 191 288 73 459 448 316 671 759 524 455 348 471 759 387 832 321 378 207 521 701 773 329 446 548 563 484 612 789 583 311 732 763 415 486
837 888 820 387 158 343 755 240 963 399 595 830 303 673 329 174 649 464 535 819 763 254 424 96 179 313 744 818 456 303 548 400 276 707 747 900 954 295 441 831 873 400 359 84 942 753 223 569 589 366 479 436 1054 115 305 407 107 450 696 467 1005 192 934 466 126 0 850 567 86 783 193 953 210 503 143 334 933 268 368 352 726 321 388 503 417 727 838 45 395 666 806 462 52 865 137 915 883 88 500 583 605 495 428 722 251 626 1090 722 912 187 498 732 748 855 1015 1005 314 410 148 570 573 438 766 811 571 493 461 565 840 390 880 440 262 206 613 796 898 452 447 651 684 477 736 902 616 399 845 862 389 504
