200
0 1019 594 712 604 856 697 734 733 630 501 500 728 817 723 977 817 932 834 671 418 792 371 710 918 671 592 349 553 665 447 685 284 498 547 662 312 734 1006 780 677 438 1068 445 272 734 641 812 837 1060 1065 184 384 72 539 488 968 1038 914 916 411 387 582 990 936 275 765 763 636 495 582 39 902 977 169 955 196 850 918 405 750 920 707 743 853 932 524 742 588 742 198 398 201 479 849 980 541 141 509 666 604 788 1007 505 613 846 739 651 1072 698 204 784 541 299 414 729 549 942 840 479 667 695 879 776 702 591 611 1103 304 926 401 1016 825 702 304 294 251 857 1021 111 658 503 229 542 814 234 882 1081 557 1066 654 339 197 403 485 394 214 1084 427 621 517 109 517 977 1036 541 479 622 1036 665 175 720 869 227 1020 818 391 851 780 605 424 693 911 81 947 903 920 327 889 411 673 685 651 619 180 336 783 247 355 497
1019 0 501 313 416 190 470 414 485 776 543 855 848 508 432 42 394 504 480 402 768 657 649 399 435 497 725 940 608 450 732 764 944 597 621 752 726 436 16 763 356 607 304 622 766 347 909 354 827 59 69 891 988 1046 534 615 110 144 448 797 689 989 646 157 271 748 641 722 711 539 598 1034 876 87 887 204 1158 655 304 726 272 324 620 711 793 844 498 602 872 712 828 932 860 542 752 252 762 1021 512 825 569 732 63 562 619 178 281 513 134 453 1061 310 609 732 610 420 470 743 830 541 457 842 514 371 570 429 797 114 848 730 646 53 519 318 927 796 820 756 37 950 412 563 798 631 615 787 251 228 667 137 686 819 1190 791 629 929 1054 137 764 399 691 947 594 292 346 511 611 409 172 891 861 384 450 906 415 205 789 238 717 619 916 886 662 1006 187 656 558 751 808 791 730 727 371 446 1167 710 348 814 766 629
594 501 0 289 182 412 112 140 533 318 322 682 809 254 475 465 537 705 615 100 547 314 288 120 651 96 254 673 485 71 531 721 643 104 494 698 284 143 486 382 164 342 685 383 417 159 805 219 859 524 526 431 730 643 372 427 418 581 656 885 201 733 168 546 563 330 681 740 647 296 115 598 929 497 517 540 771 749 566 489 254 582 224 718 846 925 166 635 747 718 442 691 502 244 815 590 627 649 180 756 492 363 467 366 156 328 277 84 601 107 708 206 111 382 211 470 185 865 862 235 437 785 673 476 578 225 701 608 360 847 196 521 265 257 637 321 485 823 518 501 89 366 367 500 697 398 301 654 180 598 246 326 788 561 131 686 706 610 550 236 195 500 95 609 685 332 411 282 594 805 482 422 622 428 714 351 290 282 348 541 691 817 794 611 523 785 732 278 876 566 687 692 190 63 768 392 193 473 497 455
712 313 289 0 128 149 331 298 282 607 232 574 623 451 217 271 256 425 344 217 469 567 341 257 366 344 542 637 328 281 437 533 636 354 341 514 433 323 301 654 134 295 406 313 455 213 657 306 641 360 367 598 688 735 233 315 291 332 372 645 428 689 457 288 278 446 449 522 466 227 404 730 705 266 575 266 846 500 278 422 88 293 492 504 618 689 206 402 609 504 518 634 548 233 581 310 490 709 216 585 304 630 315 256 443 161 47 348 364 313 749 230 393 420 315 208 173 612 644 233 204 608 400 197 351 123 543 392 578 596 365 305 464 34 620 516 508 588 311 651 218 257 498 350 449 478 284 390 467 358 531 554 878 492 389 631 742 375 467 92 476 647 361 325 399 203 308 98 337 646 550 155 342 623 425 108 537 238 614 359 622 649 535 695 253 526 458 472 643 492 497 497 101 228 856 397 272 502 458 334
604 416 182 128 0 273 257 243 352 497 179 552 647 396 293 375 358 525 434 147 429 487 237 200 473 259 430 582 326 199 403 557 568 230 337 535 312 263 403 562 91 227 533 259 363 182 659 284 687 456 461 478 637 635 213 285 368 456 478 708 301 638 346 414 403 332 504 567 484 161 294 619 755 384 482 394 753 569 401 374 146 414 402 546 671 748 83 457 604 546 417 588 458 137 638 437 482 618 96 599 323 542 404 219 337 243 140 256 485 240 666 223 276 327 195 288 55 685 690 133 257 627 492 297 401 48 549 507 451 667 239 419 409 105 556 390 424 646 422 535 140 220 382 345 517 375 309 517 352 480 428 427 780 448 264 584 661 496 429 54 356 531 240 450 524 173 272 100 462 654 453 241 442 499 543 223 410 268 526 376 582 662 612 596 380 604 551 346 700 451 522 526 48 129 759 315 248 416 398 310
856 190 412 149 273 0 424 377 305 722 365 666 668 514 247 152 227 372 321 322 580 648 487 344 303 444 661 753 419 384 544 582 760 490 432 569 581 402 183 746 249 430 275 440 595 291 724 351 659 246 255 746 800 877 349 428 216 184 314 642 571 801 576 141 164 594 468 548 526 365 523 876 715 124 715 129 983 495 181 540 159 202 587 535 629 688 353 425 685 535 661 743 686 379 588 182 573 846 364 642 380 719 216 379 557 129 138 453 217 404 882 280 521 562 463 235 321 595 662 380 268 660 366 190 388 270 611 249 723 581 511 168 526 169 742 663 643 594 177 798 328 380 646 441 450 623 284 246 591 211 639 699 1018 604 525 741 874 228 576 240 605 794 494 208 283 329 426 236 190 707 692 195 301 771 328 63 678 244 703 430 727 704 514 836 112 507 419 619 648 603 548 545 237 350 995 535 327 639 582 441
697 470 112 331 257 424 0 57 601 308 419 786 901 146 539 439 587 756 673 116 653 236 399 80 695 31 256 783 578 58 635 812 754 200 588 789 390 42 454 325 198 447 696 486 528 134 905 134 943 481 480 527 841 748 464 526 372 572 702 961 291 843 181 546 585 439 759 823 738 395 142 698 1011 485 627 550 878 820 595 596 269 613 164 802 926 1003 266 712 848 802 551 800 613 347 893 605 726 758 282 851 578 300 425 462 151 314 304 52 586 20 818 160 169 493 322 532 277 935 946 339 509 879 730 527 656 304 798 582 441 918 303 499 158 298 748 414 596 900 493 600 119 463 473 594 768 508 236 653 206 585 220 405 892 669 216 796 817 593 656 305 238 599 182 630 706 423 511 354 590 903 592 480 673 517 745 361 361 233 284 631 800 913 860 718 531 851 789 373 955 673 777 781 244 132 873 502 125 584 606 553
734 414 140 298 243 377 57 0 575 363 416 788 890 155 511 384 553 720 641 97 658 273 416 44 658 87 313 797 569 70 637 799 771 239 580 778 423 26 399 370 170 451 647 489 548 88 900 83 924 424 424 568 854 782 456 523 315 519 665 938 334 856 237 495 540 469 737 804 727 394 195 737 991 432 653 502 910 794 552 601 227 571 213 784 906 980 270 690 845 784 579 810 637 352 871 557 722 786 288 842 564 342 369 458 208 263 266 106 532 43 844 105 219 512 343 503 274 908 928 344 487 869 697 494 635 291 791 526 489 891 335 445 169 265 764 457 615 878 438 640 105 459 507 587 743 535 180 601 261 531 274 453 927 675 261 806 842 539 660 287 292 638 224 584 659 415 509 334 538 896 618 451 639 562 702 315 411 177 326 618 808 905 831 750 482 823 755 414 933 679 764 767 221 134 907 517 69 604 617 550
733 485 533 282 352 305 601 575 0 841 270 396 364 730 66 453 107 205 104 486 354 835 421 532 186 607 773 522 186 546 316 279 550 560 195 268 547 599 482 913 406 316 368 295 465 494 426 587 363 543 553 686 557 729 213 245 519 412 181 364 602 557 692 365 259 529 169 247 229 292 641 763 424 404 567 312 807 220 228 339 367 219 753 231 337 407 387 124 395 232 543 498 535 345 300 304 299 675 382 341 132 893 519 245 687 409 324 606 453 583 691 512 618 446 449 76 356 335 366 352 98 357 157 116 85 309 317 506 715 317 518 449 743 313 527 644 485 306 463 713 483 246 577 202 168 519 556 412 695 445 777 705 852 378 592 497 680 465 347 299 690 707 577 282 321 235 256 252 395 407 558 129 136 732 290 328 707 510 877 157 476 401 261 686 318 253 211 610 362 374 246 242 358 479 829 403 554 487 391 238
630 776 318 607 497 722 308 363 841 0 599 908 1076 312 787 747 853 1021 929 400 771 200 498 384 968 282 68 847 761 339 767 994 797 285 767 969 406 341 761 152 478 593 996 635 586 439 1049 429 1143 784 783 449 903 698 657 690 676 879 973 1181 285 906 151 850 878 463 978 1028 920 573 204 614 1214 792 638 850 825 1052 883 717 563 899 168 1005 1135 1217 456 934 987 1005 567 879 640 515 1108 903 877 739 463 1018 780 165 730 640 166 621 591 270 893 326 807 468 223 563 428 783 486 1168 1146 506 744 1049 987 792 876 535 958 889 327 1150 366 807 309 574 802 355 647 1116 801 520 395 640 464 770 1001 536 535 958 147 892 92 294 821 778 258 874 811 900 777 550 161 522 266 924 1000 621 673 593 895 1056 603 737 938 405 1031 659 244 539 162 823 889 1073 1100 683 831 1091 1046 343 1168 785 963 970 508 380 807 595 429 633 704 718
501 543 322 232 179 365 419 416 270 599 0 374 489 563 238 501 329 473 372 320 251 635 153 374 442 413 531 410 165 362 224 402 405 314 173 378 278 433 532 694 269 66 569 83 233 360 487 463 546 592 599 424 463 516 61 108 519 540 440 584 338 465 456 492 436 264 383 430 327 27 412 525 617 488 352 454 619 461 420 197 299 424 543 407 537 619 156 340 430 407 304 412 322 85 511 479 308 482 143 435 183 679 546 45 460 388 271 405 577 406 519 401 380 203 183 241 143 575 549 94 182 465 427 280 284 137 380 613 445 557 252 530 576 235 390 374 279 519 538 460 311 45 315 179 411 271 483 580 453 570 549 435 655 271 342 409 512 589 251 158 440 455 335 478 540 41 94 134 537 485 331 222 397 465 535 338 440 440 664 226 404 496 514 474 448 505 481 340 570 273 369 375 219 288 632 171 426 275 229 135
500 855 682 574 552 666 786 788 396 908 374 0 229 931 432 817 502 539 466 692 138 986 414 746 558 777 845 169 249 731 152 204 227 644 236 188 508 804 848 1028 640 340 760 300 332 733 149 836 343 911 920 558 178 461 346 268 861 803 548 429 624 177 786 754 654 457 329 292 188 395 751 538 404 781 349 703 487 400 623 195 655 614 892 278 364 439 521 330 90 276 383 125 325 439 369 699 98 385 504 170 287 1020 875 334 799 733 619 765 844 774 367 772 712 349 490 443 514 467 346 448 399 196 486 497 322 507 123 894 650 453 545 827 943 589 203 587 290 376 839 541 683 333 476 226 384 394 849 808 774 836 880 661 539 132 661 127 353 856 134 523 749 534 668 677 708 383 281 486 789 168 367 472 509 620 662 664 691 803 1006 242 96 195 459 426 707 453 506 578 399 124 207 219 589 657 520 314 799 302 206 244
728 848 809 623 647 668 901 890 364 1076 489 229 0 1043 424 816 456 417 383 793 331 1122 582 846 462 899 1010 394 325 844 320 91 454 797 316 112 696 910 845 1181 725 484 675 442 534 819 116 920 119 906 916 772 388 690 438 388 882 761 449 212 798 385 940 717 601 651 214 135 163 514 898 766 176 764 572 663 708 243 566 374 710 551 1031 140 150 213 644 247 146 139 596 346 545 570 171 640 206 613 631 64 326 1167 883 445 946 767 669 892 801 886 590 848 864 541 648 435 626 265 121 579 420 33 375 479 281 599 124 857 851 256 712 809 1056 648 431 784 505 175 823 762 787 444 679 310 256 599 907 741 934 792 1034 857 762 338 820 349 576 812 323 605 916 756 818 609 616 479 405 558 740 84 586 483 423 832 552 688 880 860 1152 272 317 57 286 654 673 283 369 768 179 329 127 126 672 771 743 498 884 516 406 360
817 508 254 451 396 514 146 155 730 312 563 931 1043 0 666 488 703 869 793 250 799 150 541 199 805 159 288 926 720 202 780 953 894 327 731 931 519 133 494 258 325 592 774 632 668 238 1049 164 1079 503 500 639 984 873 607 671 400 633 813 1093 407 986 248 616 677 571 892 959 880 540 236 814 1146 546 762 632 1004 949 693 741 375 713 145 939 1061 1135 411 845 993 939 686 944 750 493 1026 689 871 889 428 994 718 226 453 606 213 389 416 176 637 158 951 234 276 633 463 657 421 1062 1083 484 642 1022 849 646 790 444 941 620 539 1045 437 549 14 419 890 526 736 1033 539 714 256 607 600 737 898 644 258 718 276 638 225 501 1014 814 333 940 951 642 801 441 316 714 305 720 793 565 655 489 655 1047 726 605 789 619 841 455 451 281 212 771 944 1056 985 846 612 976 907 490 1088 818 918 921 376 276 996 645 187 724 751 698
723 432 475 217 293 247 539 511 66 787 238 432 424 666 0 397 94 241 143 423 370 774 391 469 204 546 719 543 198 484 331 336 563 509 210 323 514 535 427 854 343 293 353 279 452 429 478 522 428 489 499 661 583 726 187 240 459 372 204 429 558 583 636 323 230 501 234 311 280 256 585 751 489 353 562 273 813 284 204 345 302 202 693 294 403 473 336 188 441 295 529 524 530 304 365 276 336 678 333 396 148 833 462 222 630 345 259 546 413 521 700 447 564 429 409 13 303 397 431 310 57 414 201 66 143 253 366 463 680 380 476 399 679 248 542 609 481 372 412 694 421 223 551 219 233 501 492 384 641 405 720 666 855 394 542 523 690 425 364 240 639 688 524 262 314 199 246 194 359 461 549 63 161 702 299 265 664 445 817 190 504 458 322 683 276 313 259 573 427 391 302 299 296 420 832 388 489 481 395 240
977 42 465 271 375 152 439 384 453 747 501 817 816 488 397 0 365 485 454 366 728 634 607 366 415 466 694 900 569 416 692 731 903 559 583 718 685 407 32 740 317 565 304 581 725 313 875 329 799 94 103 850 948 1004 494 575 100 149 428 773 650 949 613 148 252 706 611 692 676 497 564 993 850 71 845 187 1116 629 283 685 231 304 593 680 767 820 457 571 836 681 786 892 818 500 725 241 725 979 471 792 532 709 71 521 587 139 239 481 151 422 1019 279 573 690 569 385 429 721 802 499 419 809 491 338 537 388 762 144 809 708 606 62 498 276 886 756 778 730 55 909 376 522 757 592 588 745 230 235 633 151 657 780 1148 751 592 889 1012 156 725 358 656 906 557 279 339 469 571 368 174 857 819 347 426 866 405 164 751 211 694 582 877 853 640 964 168 633 537 711 782 751 697 694 330 409 1125 668 320 773 725 590
817 394 537 256 358 227 587 553 107 853 329 502 456 703 94 365 0 170 95 472 455 822 481 512 118 599 787 626 283 536 417 376 650 583 294 367 602 578 393 909 390 385 264 373 546 466 528 550 435 452 462 752 662 819 280 332 442 309 121 415 639 662 702 263 153 593 247 329 333 345 650 844 488 310 655 209 903 268 121 434 329 114 747 318 403 461 412 209 499 319 622 603 623 390 362 197 405 769 412 439 231 886 434 315 692 347 288 602 350 568 789 474 633 522 495 89 378 371 437 396 150 452 146 61 187 324 421 404 767 356 559 354 717 290 628 697 574 367 369 787 472 316 643 303 224 594 502 306 710 341 782 752 946 479 616 602 779 362 449 304 711 781 595 177 222 289 339 265 291 506 642 119 87 793 206 267 747 458 869 263 582 498 290 776 218 282 204 660 421 476 344 339 349 478 924 482 520 574 485 330
932 504 705 425 525 372 756 720 205 1021 473 539 417 869 241 485 170 0 102 641 535 991 625 680 71 768 955 689 379 705 498 361 727 748 386 365 750 745 507 1078 559 520 265 498 667 633 516 713 354 560 570 890 714 923 417 446 575 383 59 302 798 713 870 351 234 733 216 284 352 493 818 963 388 419 764 301 991 179 203 530 495 181 916 285 314 348 575 210 507 286 745 657 732 543 273 258 447 864 573 425 328 1054 556 449 861 500 455 771 420 737 872 638 800 649 649 243 542 241 356 550 293 426 55 230 234 489 431 478 918 231 716 456 882 458 703 847 682 275 472 916 642 450 781 391 165 722 655 341 877 411 951 906 1039 556 781 657 860 429 526 472 877 910 761 220 204 436 458 430 357 488 758 285 84 936 136 422 905 614 1038 332 630 470 164 881 319 159 57 812 319 551 342 332 518 647 1016 605 684 685 582 435
834 480 615 344 434 321 673 641 104 929 372 466 383 793 143 454 95 102 0 558 445 909 524 600 93 683 862 606 283 620 407 311 640 652 291 308 649 666 480 992 476 419 299 398 568 556 467 642 348 538 548 790 636 828 316 347 534 380 84 322 699 635 778 339 220 632 170 250 283 392 727 865 397 394 668 285 901 176 185 436 421 169 830 243 314 368 479 143 447 244 645 578 635 444 272 258 370 772 476 376 230 970 524 348 771 442 379 684 420 655 783 566 707 549 549 147 446 276 350 451 193 384 59 148 147 395 369 477 817 261 616 436 807 377 616 746 585 277 452 816 557 349 680 297 136 622 596 359 783 411 861 805 947 468 685 577 772 431 437 380 782 810 667 227 244 335 358 336 358 442 660 194 44 835 199 361 805 552 954 242 553 429 196 785 297 188 117 711 329 463 284 276 432 559 925 506 611 588 488 338
671 402 100 217 147 322 116 97 486 400 320 692 793 250 423 366 472 641 558 0 564 352 333 54 582 128 340 707 472 65 542 703 685 199 483 682 360 117 387 438 83 358 597 394 466 64 804 151 830 425 427 516 764 714 359 427 320 485 589 847 295 766 256 453 479 399 645 710 631 298 204 678 898 400 576 450 839 705 486 508 163 503 276 690 813 889 179 598 749 690 504 719 557 259 779 503 626 711 197 746 468 414 369 362 235 230 193 133 504 98 766 115 208 429 265 416 179 820 834 252 395 773 615 412 542 195 694 509 455 802 272 422 263 183 677 411 532 786 419 584 14 363 442 490 653 460 212 561 272 501 319 422 860 582 229 715 763 513 566 192 292 582 193 525 601 318 413 240 499 800 543 365 558 520 636 260 389 187 398 522 715 808 744 679 432 736 673 366 841 586 668 672 129 53 839 429 117 522 526 454
418 768 547 469 429 580 653 658 354 771 251 138 331 799 370 728 455 535 445 564 0 849 276 618 536 643 708 175 173 599 39 273 196 507 162 249 374 673 759 891 519 208 719 171 204 609 280 711 430 821 829 441 221 396 237 155 760 736 529 503 487 221 648 686 600 324 350 346 219 269 614 454 499 701 252 639 457 434 573 58 545 568 755 326 441 523 389 333 218 325 266 165 222 308 433 646 129 331 372 268 225 882 781 216 661 629 513 630 776 643 339 651 575 215 352 380 386 525 433 316 325 300 480 434 301 387 208 821 522 509 407 747 811 479 174 457 177 441 757 436 554 215 349 153 402 268 733 754 637 768 742 531 505 25 523 162 327 788 9 407 612 429 530 631 674 269 162 375 726 291 260 396 485 501 642 569 558 689 868 203 155 313 495 355 639 488 515 445 477 24 257 268 469 527 483 177 675 187 75 139
792 657 314 567 487 648 236 273 835 200 635 986 1122 150 774 634 822 991 909 352 849 0 577 311 930 229 207 956 798 290 837 1035 915 345 807 1011 521 248 642 109 434 650 915 691 691 361 1115 307 1171 652 649 609 1013 855 686 739 548 778 937 1194 397 1016 216 759 812 578 991 1052 960 609 237 781 1241 691 767 771 986 1054 825 792 500 844 95 1030 1157 1235 479 944 1056 1030 692 981 762 555 1124 828 937 884 493 1069 804 77 602 679 193 529 537 233 784 255 950 370 279 660 498 767 498 1169 1175 546 742 1099 966 763 887 533 1013 769 494 1152 453 696 141 533 915 501 757 1132 687 683 353 679 595 813 1002 654 406 862 238 785 140 457 987 861 336 976 952 790 853 538 277 685 321 856 930 645 722 586 799 1116 731 716 909 575 974 587 404 425 63 855 985 1130 1095 834 751 1086 1024 475 1186 867 1001 1006 479 358 972 682 323 744 792 767
371 649 288 341 237 487 399 416 421 498 153 414 582 541 391 607 481 625 524 333 276 577 0 382 594 382 433 385 283 350 270 504 356 233 285 479 128 426 637 615 318 110 715 146 133 390 551 483 658 691 697 272 443 399 209 206 604 670 593 709 216 446 373 623 581 113 516 550 432 137 341 389 730 607 247 591 517 598 567 220 382 573 482 527 657 741 162 478 490 527 181 406 225 109 636 622 380 384 145 522 318 607 640 178 387 479 369 367 703 392 435 439 300 96 80 393 182 709 662 109 335 553 577 431 424 221 462 733 297 692 133 646 552 331 350 225 200 644 651 314 321 177 164 287 551 139 534 718 361 697 467 291 544 285 247 401 431 715 281 251 338 310 257 624 689 193 189 254 670 558 217 371 549 312 687 448 304 497 594 348 409 576 655 360 582 646 630 196 691 292 476 484 285 285 522 106 450 189 215 231
710 399 120 257 200 344 80 44 532 384 374 746 846 199 469 366 512 680 600 54 618 311 382 0 619 102 328 759 525 54 595 755 735 223 536 734 398 67 384 403 127 411 617 448 514 56 857 104 881 415 416 549 816 755 412 481 307 496 626 895 319 818 248 468 506 441 693 760 683 352 200 715 948 409 622 471 882 751 516 561 190 535 243 740 862 937 231 646 802 741 548 771 604 311 827 526 680 756 249 798 520 378 359 415 222 238 227 115 511 60 812 92 215 477 310 461 233 865 884 304 443 826 656 453 592 247 748 510 478 848 310 426 213 224 727 440 581 835 421 619 64 416 481 544 700 504 183 575 269 509 297 443 901 635 249 767 810 518 619 243 295 617 212 551 627 371 467 290 512 853 588 409 598 547 666 282 405 168 361 574 768 861 789 722 452 781 715 396 889 639 720 723 177 97 881 480 75 570 578 507
918 435 651 366 473 303 695 658 186 968 442 558 462 805 204 415 118 71 93 582 536 930 594 619 0 709 902 699 371 646 498 396 731 700 379 396 717 683 437 1019 500 494 214 477 649 570 553 647 411 491 501 864 729 915 389 430 505 317 14 367 756 728 817 283 165 705 252 327 374 459 765 948 450 349 753 232 991 233 133 524 431 111 857 324 373 413 529 232 537 325 727 670 721 506 331 192 463 861 529 462 318 995 486 423 806 431 393 713 355 676 874 572 749 629 611 203 495 309 413 512 260 467 89 178 239 441 458 413 883 297 676 387 818 399 708 813 671 334 403 895 583 424 754 386 207 701 587 282 825 346 895 868 1037 559 734 670 863 365 529 421 828 889 712 155 155 402 440 382 292 527 744 237 52 906 106 355 864 546 979 334 646 512 229 872 249 224 124 776 381 554 372 363 462 591 1014 586 619 673 576 424
671 497 96 344 259 444 31 87 607 282 413 777 899 159 546 466 599 768 683 128 643 229 382 102 709 0 229 767 575 64 625 810 736 174 584 787 366 72 482 311 210 437 717 477 510 157 898 165 944 510 510 499 825 724 461 520 401 597 715 966 263 827 151 569 603 416 762 824 736 389 111 671 1013 510 606 571 854 826 612 585 287 630 149 803 929 1006 259 715 841 803 530 786 593 338 896 625 720 735 274 848 578 288 454 457 123 339 320 22 611 45 796 188 139 475 304 540 274 941 947 330 514 876 740 538 659 305 793 609 412 924 281 526 170 310 731 386 578 904 520 573 127 458 449 590 774 487 266 676 175 610 196 375 867 657 188 782 795 619 645 310 207 572 155 649 725 420 504 358 613 898 570 489 685 488 762 381 331 262 271 629 787 909 867 694 552 859 799 346 958 662 776 780 252 130 848 487 154 566 593 547
592 725 254 542 430 661 256 313 773 68 531 845 1010 288 719 694 787 955 862 340 708 207 433 328 902 229 0 789 693 281 703 927 742 217 699 902 348 293 710 194 415 527 936 568 527 383 984 384 1075 736 736 408 846 657 589 624 627 822 907 1113 224 849 86 792 815 405 910 960 853 505 139 578 1147 736 585 789 787 984 819 653 502 835 144 937 1067 1150 388 866 923 937 513 820 585 447 1040 841 812 693 395 952 712 197 681 573 107 564 529 213 838 273 760 416 156 501 362 715 418 1100 1079 438 676 982 920 726 808 467 892 837 290 1082 301 753 288 510 745 307 589 1049 748 482 334 573 411 703 933 480 489 900 79 837 69 254 785 715 191 815 763 846 713 483 96 484 198 862 937 553 606 526 838 991 550 670 871 370 967 599 202 489 188 756 829 1008 1032 639 771 1024 978 289 1100 722 896 903 443 316 770 532 380 575 642 651
349 940 673 637 582 753 783 797 522 847 410 169 394 926 543 900 626 689 606 707 175 956 385 759 699 767 789 0 346 732 213 372 66 612 334 354 442 808 931 981 672 355 889 327 265 758 296 857 509 993 1001 445 58 302 407 326 927 910 690 597 567 61 744 860 772 385 487 459 345 423 719 388 569 875 225 813 318 564 745 216 708 739 861 443 533 605 529 481 249 442 283 50 212 450 537 818 245 222 511 337 396 977 951 382 764 796 679 752 950 775 198 803 677 296 464 553 534 635 512 457 499 362 635 608 460 545 291 995 553 621 503 920 937 644 49 500 201 545 930 410 696 381 387 325 542 311 890 927 727 942 835 572 371 151 620 46 184 962 180 568 696 404 636 802 842 435 330 541 899 323 254 570 648 507 805 739 612 848 965 367 78 352 623 271 813 617 662 505 566 153 371 383 626 664 351 281 821 215 184 313
553 608 485 328 326 419 578 569 186 761 165 249 325 720 198 569 283 379 283 472 173 798 283 525 371 575 693 346 0 520 134 237 367 477 14 214 408 588 601 858 409 174 547 138 292 503 335 606 383 663 672 526 387 546 114 78 612 566 365 428 492 387 620 516 427 377 235 269 163 191 576 585 454 536 386 468 622 318 400 154 411 396 707 247 377 460 319 200 284 246 369 329 353 248 354 473 163 490 307 274 54 843 627 121 624 485 374 567 606 563 507 537 544 280 336 208 301 428 386 257 155 302 326 262 152 279 223 653 576 410 404 582 733 345 346 504 303 362 594 543 465 121 419 23 274 352 607 582 616 598 713 573 667 197 503 327 496 619 167 288 601 537 498 458 504 155 94 245 554 328 380 228 320 578 475 416 586 561 828 65 311 337 377 503 469 369 370 478 411 194 204 211 356 447 644 234 569 307 206 59
665 450 71 281 199 384 58 70 546 339 362 731 844 202 484 416 536 705 620 65 599 290 350 54 646 64 281 732 520 0 579 754 705 172 530 732 354 77 435 374 147 392 658 431 481 104 848 149 886 468 469 500 790 712 407 469 360 542 652 905 269 792 198 512 542 399 702 766 681 338 148 668 954 456 584 512 841 764 550 541 226 567 212 745 869 946 211 655 791 745 510 748 568 292 836 565 670 717 227 794 521 351 412 405 175 285 257 70 559 44 775 145 162 445 275 477 220 880 889 284 453 822 677 475 599 247 741 560 426 862 266 475 214 247 699 390 548 844 471 571 64 406 437 537 713 466 236 620 217 557 256 391 858 615 196 743 773 567 601 249 242 570 160 588 664 366 454 297 558 846 550 427 622 497 699 321 352 221 334 573 746 856 805 680 493 797 736 347 898 619 720 724 189 74 838 452 125 537 554 497
447 732 531 437 403 544 635 637 316 767 224 152 320 780 331 692 417 498 407 542 39 837 270 595 498 625 703 213 134 579 0 254 235 497 123 229 377 653 724 883 492 189 680 149 217 584 282 686 412 786 794 458 257 429 204 123 727 698 491 480 485 257 640 648 561 331 319 321 193 244 603 482 482 664 280 601 494 403 534 54 514 529 742 299 419 502 369 298 221 299 285 200 249 288 409 607 114 367 353 258 186 872 746 187 651 597 481 614 738 623 376 624 565 222 343 341 363 498 415 297 286 290 444 396 265 360 197 783 532 481 402 710 792 448 212 464 201 417 720 458 532 186 361 114 369 282 704 715 630 730 734 537 541 63 515 198 365 750 34 378 607 452 520 592 636 238 133 344 687 289 284 358 447 516 604 534 562 660 858 166 186 308 464 388 601 457 480 449 455 61 233 244 442 506 519 179 650 209 95 104
685 764 721 533 557 582 812 799 279 994 402 204 91 953 336 731 376 361 311 703 273 1035 504 755 396 810 927 372 237 754 254 0 426 713 229 26 622 820 760 1095 634 402 608 361 470 728 157 829 159 822 831 711 380 655 349 304 794 683 384 232 719 378 856 638 524 581 146 90 75 428 813 722 230 681 523 584 690 202 490 307 620 476 944 79 169 250 556 169 149 78 537 329 494 484 167 566 145 581 544 66 236 1080 797 358 861 677 578 803 724 797 569 757 779 472 567 348 537 264 162 493 330 78 313 394 195 509 82 779 782 250 633 726 966 557 401 713 449 174 741 708 697 358 613 225 197 535 816 669 850 715 949 785 742 284 737 330 555 735 264 514 834 702 734 536 551 390 322 467 663 132 532 394 353 769 494 599 805 770 1065 182 300 123 258 617 593 253 320 694 205 276 36 38 581 681 722 428 793 459 346 277
284 944 643 636 568 760 754 771 550 797 405 227 454 894 563 903 650 727 640 685 196 915 356 735 731 736 742 66 367 705 235 426 0 575 356 406 397 781 934 935 657 344 914 323 227 739 361 836 569 994 1002 384 110 237 411 334 923 924 723 654 522 113 702 874 793 339 532 511 391 414 680 323 630 883 165 829 267 611 766 222 701 763 821 493 590 665 508 521 311 492 231 115 158 433 592 839 291 159 490 395 420 933 950 383 723 793 675 720 963 747 146 786 638 262 433 573 517 689 571 438 515 422 673 626 495 535 346 1005 496 674 464 927 905 639 25 447 159 600 936 346 673 381 334 348 586 263 876 946 683 955 791 517 318 173 579 111 134 975 203 560 650 340 598 825 870 434 334 538 915 386 197 584 680 446 837 740 559 836 921 398 142 415 672 205 827 665 703 455 624 177 421 434 614 639 297 257 801 172 178 326
498 597 104 354 230 490 200 239 560 285 314 644 797 327 509 559 583 748 652 199 507 345 233 223 700 174 217 612 477 172 497 713 575 0 484 688 193 237 582 386 246 314 759 357 349 261 778 320 859 623 625 329 670 550 373 410 518 666 703 897 97 672 144 628 631 245 694 743 638 288 108 499 931 585 436 616 680 768 630 450 338 643 250 721 851 933 174 650 718 721 360 636 426 230 824 662 602 563 180 740 495 376 567 357 155 421 352 154 690 201 625 309 69 317 155 506 206 884 863 221 463 770 710 523 592 260 681 701 257 866 112 613 336 325 572 218 416 832 612 401 187 357 275 488 717 319 404 735 139 686 238 224 693 517 36 631 625 700 511 280 130 400 25 678 752 337 392 319 677 782 400 464 665 325 772 432 193 384 362 539 640 798 818 521 600 809 768 176 883 523 681 687 255 151 674 337 296 403 447 437
547 621 494 341 337 432 588 580 195 767 173 236 316 731 210 583 294 386 291 483 162 807 285 536 379 584 699 334 14 530 123 229 356 484 0 205 410 599 614 866 420 178 558 140 289 515 323 618 377 676 685 525 374 538 125 80 626 578 373 425 496 375 627 529 439 377 235 265 155 199 584 579 449 550 379 480 613 319 412 146 424 407 715 242 372 456 328 202 271 242 365 316 347 255 351 485 150 482 315 264 64 852 640 129 632 498 387 576 619 573 497 549 551 278 341 220 311 427 381 265 168 293 333 275 156 290 212 666 577 409 409 596 743 358 335 506 297 359 607 540 476 129 418 10 276 349 620 594 622 611 720 574 658 186 509 314 486 631 155 300 607 534 505 469 514 166 97 258 567 317 375 241 328 577 484 429 589 574 837 64 298 326 378 496 481 370 375 480 407 182 197 204 367 457 635 231 581 301 198 57
662 752 698 514 535 569 789 778 268 969 378 188 112 931 323 718 367 365 308 682 249 1011 479 734 396 787 902 354 214 732 229 26 406 688 205 0 597 798 748 1071 613 377 607 335 445 708 161 809 184 810 820 686 365 633 326 279 780 676 384 255 693 363 831 630 518 555 149 105 52 404 788 699 255 671 499 576 671 214 484 281 602 471 920 90 193 275 533 165 142 89 512 312 470 460 188 560 122 561 520 74 215 1056 784 334 837 661 560 780 717 774 550 737 755 447 542 335 514 283 187 469 313 94 315 382 183 488 68 771 757 269 607 716 944 538 381 688 425 196 730 684 675 334 588 200 203 510 798 665 826 708 924 760 723 261 712 314 537 728 240 493 809 678 709 532 550 367 297 447 657 140 508 379 350 744 495 584 780 752 1041 160 284 136 271 595 584 266 326 668 228 253 24 34 560 659 702 402 773 434 321 252
312 726 284 433 312 581 390 423 547 406 278 508 696 519 514 685 602 750 649 360 374 521 128 398 717 366 348 442 408 354 377 622 397 193 410 597 0 425 712 539 374 237 825 271 181 424 653 500 778 762 766 166 499 360 335 331 665 765 717 834 126 502 306 721 691 58 642 673 552 259 291 319 850 695 247 695 489 725 681 324 454 689 429 650 779 863 230 605 592 650 171 474 241 215 760 731 491 371 218 634 445 537 708 305 330 549 451 346 796 389 434 474 248 160 119 515 261 836 782 211 459 666 704 549 551 313 573 819 169 818 89 730 527 416 398 98 242 768 733 227 347 304 84 411 678 134 572 821 287 791 395 165 504 377 188 469 435 807 380 343 254 224 214 736 804 316 315 359 769 664 211 489 674 193 807 534 185 543 525 473 484 684 782 329 684 773 757 72 814 385 596 605 356 308 485 199 472 228 303 355
734 436 143 323 263 402 42 26 599 341 433 804 910 133 535 407 578 745 666 117 673 248 426 67 683 72 293 808 588 77 653 820 781 237 599 798 425 0 420 344 193 466 672 504 557 114 918 94 946 444 443 565 865 784 475 541 335 543 691 961 330 868 221 519 565 472 760 826 747 410 183 736 1014 455 659 527 913 818 578 616 253 596 188 806 928 1003 284 713 863 806 584 823 644 366 894 583 740 791 302 862 585 317 389 476 190 287 291 93 555 37 850 129 210 521 350 527 291 932 950 358 509 889 722 519 658 311 810 548 482 915 338 468 147 290 775 453 624 901 461 638 124 476 509 606 766 540 197 625 246 554 251 446 928 689 256 819 848 562 675 308 279 637 220 610 685 434 526 356 562 915 624 475 664 557 727 341 402 198 301 639 822 924 856 753 507 847 780 412 956 694 785 788 243 147 909 528 88 613 629 568
1006 16 486 301 403 183 454 399 482 761 532 848 845 494 427 32 393 507 480 387 759 642 637 384 437 482 710 931 601 435 724 760 934 582 614 748 712 420 0 749 342 596 313 612 755 332 905 339 826 63 72 877 979 1034 525 606 97 154 450 798 674 980 631 162 273 735 639 720 706 528 583 1021 876 89 875 207 1146 655 305 717 258 326 605 708 793 845 485 599 867 709 816 923 848 530 751 257 756 1010 499 821 563 717 53 552 604 164 268 498 147 438 1050 295 593 720 597 415 457 744 829 529 450 838 515 367 566 417 792 129 834 732 632 62 505 306 917 782 809 756 48 937 397 553 785 623 614 775 236 239 652 149 671 804 1178 783 614 921 1043 150 756 387 676 933 579 297 353 501 602 399 181 887 849 377 451 892 421 194 774 223 703 613 908 882 663 994 189 657 560 736 808 782 726 723 357 431 1155 698 333 803 756 621
780 763 382 654 562 746 325 370 913 152 694 1028 1181 258 854 740 909 1078 992 438 891 109 615 403 1019 311 194 981 858 374 883 1095 935 386 866 1071 539 344 749 0 520 700 1016 742 717 456 1164 412 1237 760 757 598 1038 847 749 794 655 882 1026 1267 414 1041 243 861 908 597 1062 1119 1020 668 283 765 1308 794 779 870 976 1130 919 834 593 938 163 1097 1226 1306 541 1016 1103 1097 706 1010 778 611 1195 926 988 885 552 1125 870 33 709 737 235 630 629 308 890 344 953 470 318 690 540 848 565 1246 1241 602 818 1155 1050 848 959 606 1067 876 477 1229 485 801 249 620 937 500 780 1203 793 670 437 738 605 871 1078 672 513 966 255 890 149 443 972 900 368 1005 957 895 895 615 286 672 364 953 1028 710 776 662 902 1168 743 798 995 556 1069 684 392 530 46 918 1018 1183 1174 831 851 1165 1109 482 1256 906 1062 1068 561 435 958 718 425 767 828 822
677 356 164 134 91 249 198 170 406 478 269 640 725 325 343 317 390 559 476 83 519 434 318 127 500 210 415 672 409 147 492 634 657 246 420 613 374 193 342 520 0 317 522 349 448 95 743 198 756 389 393 538 727 713 298 373 292 421 506 769 334 729 329 385 401 403 568 636 563 251 276 689 822 340 564 377 834 625 406 464 92 423 358 616 736 811 156 520 690 616 497 678 542 225 702 427 567 701 174 680 399 496 334 307 313 179 114 214 444 180 751 133 273 411 264 335 141 739 759 220 318 706 532 330 466 133 631 457 493 723 291 368 338 101 646 440 511 709 368 600 84 308 451 428 574 453 220 492 343 441 399 464 859 538 280 675 746 454 519 121 357 597 248 447 523 258 360 167 432 736 534 283 476 550 555 188 438 180 480 454 672 743 664 676 360 655 591 395 764 541 599 601 54 102 838 403 161 502 489 397
438 607 342 295 227 430 447 451 316 593 66 340 484 592 293 565 385 520 419 358 208 650 110 411 494 437 527 355 174 392 189 402 344 314 178 377 237 466 596 700 317 0 632 43 168 405 466 506 553 655 662 371 410 450 106 99 580 606 492 601 319 412 458 557 499 214 406 442 328 70 418 463 625 553 286 520 554 488 481 151 357 485 556 420 550 633 182 368 407 419 241 363 256 100 527 543 289 416 165 426 208 688 609 72 467 450 333 426 643 435 454 448 382 139 166 297 180 600 557 108 236 457 472 340 314 191 367 679 406 582 232 596 604 296 331 334 214 536 603 402 347 71 261 180 441 209 535 645 451 636 552 401 589 225 337 359 447 655 210 216 433 397 337 540 601 105 81 198 603 469 266 284 448 417 591 402 412 493 674 239 358 484 545 408 513 536 522 306 584 228 372 379 271 319 566 105 470 209 172 126
1068 304 685 406 533 275 696 647 368 996 569 760 675 774 353 304 264 265 299 597 719 915 715 617 214 717 936 889 547 658 680 608 914 759 558 607 825 672 313 1016 522 632 0 626 797 563 765 611 619 348 357 985 924 1076 530 591 404 160 227 563 834 924 850 160 135 826 464 540 581 579 798 1093 651 235 911 147 1165 442 151 697 434 152 859 537 579 608 607 442 746 538 872 866 879 611 538 97 663 1030 614 674 495 987 365 565 831 387 410 728 183 677 1052 546 794 770 709 345 573 499 620 615 405 680 301 294 439 517 667 238 979 491 766 252 786 434 892 914 831 539 267 1028 602 566 878 566 420 839 524 86 865 176 913 958 1207 743 794 865 1042 188 713 489 878 1023 765 92 62 529 597 467 132 739 895 348 257 1018 137 337 942 494 972 525 843 725 426 1033 166 423 320 872 582 740 583 575 504 623 1184 733 592 831 747 592
445 622 383 313 259 440 486 489 295 635 83 300 442 632 279 581 373 498 398 394 171 691 146 448 477 477 568 327 138 431 149 361 323 357 140 335 271 504 612 742 349 43 626 0 173 439 424 541 513 672 680 395 381 450 97 61 602 611 474 564 359 382 500 562 496 241 372 404 288 99 461 472 585 564 285 521 547 455 475 116 382 477 598 381 511 595 221 335 365 381 250 330 254 140 490 541 247 410 204 384 177 730 628 63 509 471 354 467 649 475 442 481 425 152 207 285 216 565 517 148 223 415 448 333 284 219 325 688 439 547 272 607 644 318 308 367 207 498 616 419 385 62 286 141 410 225 565 645 493 642 594 435 585 190 378 327 434 661 172 241 474 413 379 534 592 112 44 216 606 427 270 280 429 443 577 418 450 522 716 202 324 442 513 408 517 504 497 341 545 193 331 339 300 358 562 110 504 206 146 85
272 766 417 455 363 595 528 548 465 586 233 332 534 668 452 725 546 667 568 466 204 691 133 514 649 510 527 265 292 481 217 470 227 349 289 445 181 557 755 717 448 168 797 173 0 523 480 616 628 812 818 242 323 283 268 221 729 772 646 694 304 325 479 724 666 126 519 533 406 230 455 299 698 717 121 687 392 604 647 164 506 649 597 511 635 718 293 490 419 511 78 294 95 228 622 710 329 256 276 471 341 713 763 233 499 601 488 493 809 522 303 571 413 37 207 458 309 707 631 231 396 503 615 505 443 339 410 843 319 690 238 758 678 450 224 255 69 630 765 252 453 232 146 286 564 65 665 812 463 802 570 329 424 203 355 289 299 820 212 368 432 246 372 705 764 272 210 360 770 494 99 449 600 300 750 562 361 628 700 351 303 516 665 242 680 656 661 248 671 211 448 459 411 417 402 64 582 57 129 234
734 347 159 213 182 291 134 88 494 439 360 733 819 238 429 313 466 633 556 64 609 361 390 56 570 157 383 758 503 104 584 728 739 261 515 708 424 114 332 456 95 405 563 439 523 0 837 103 848 366 368 580 814 776 392 466 259 441 578 857 357 815 301 413 453 461 658 728 657 341 252 742 913 354 635 416 901 712 464 554 140 483 297 708 827 900 231 611 784 708 564 767 615 308 791 472 661 771 250 774 493 429 310 400 276 183 179 170 456 115 825 51 263 486 325 420 225 825 851 302 408 800 611 408 557 227 726 457 517 808 336 372 252 181 729 474 588 798 367 648 77 401 505 523 661 520 149 520 321 454 352 484 922 628 290 763 821 464 609 216 345 646 254 498 573 352 453 261 457 831 603 368 552 584 614 229 449 124 413 548 762 838 747 741 397 739 669 430 853 631 693 695 148 117 901 483 67 578 575 491
641 909 805 657 659 724 905 900 426 1049 487 149 116 1049 478 875 528 516 467 804 280 1115 551 857 553 898 984 296 335 848 282 157 361 778 323 161 653 918 905 1164 743 466 765 424 480 837 0 940 232 967 976 707 282 597 446 379 932 836 540 328 765 279 921 789 678 603 302 235 199 511 883 680 281 829 496 736 604 349 644 333 743 631 1021 232 266 324 640 325 62 230 532 247 473 561 285 720 179 518 625 92 354 1153 938 443 932 809 703 889 877 891 488 871 846 494 625 490 628 381 235 570 462 94 469 540 342 612 115 931 798 371 684 875 1062 678 339 734 439 290 888 688 796 443 624 315 352 542 940 825 911 868 1015 808 658 278 797 251 474 889 274 622 889 682 801 692 708 487 395 579 817 33 515 531 509 769 649 735 837 893 1139 299 219 62 397 565 744 394 472 724 294 270 184 191 690 774 640 456 903 451 352 352
812 354 219 306 284 351 134 83 587 429 463 836 920 164 522 329 550 713 642 151 711 307 483 104 647 165 384 857 606 149 686 829 836 320 618 809 500 94 339 412 198 506 611 541 616 103 940 0 945 356 355 648 913 858 495 569 249 472 656 950 416 915 314 453 515 544 754 826 759 443 275 816 1010 384 724 469 985 804 532 655 222 552 267 806 923 994 329 707 887 807 651 868 707 408 886 526 764 859 347 876 594 381 303 503 282 226 265 186 479 124 915 77 301 579 413 513 326 915 948 401 506 902 696 495 655 330 828 467 571 899 412 390 176 276 827 538 682 893 382 720 163 504 584 626 754 607 107 556 339 479 338 535 1004 729 342 864 913 484 712 318 372 718 306 557 630 455 556 363 493 933 691 460 634 644 679 294 493 119 366 650 863 940 836 825 448 828 753 495 948 732 793 795 251 199 984 580 37 672 675 594
837 827 859 641 687 659 943 924 363 1143 546 343 119 1079 428 799 435 354 348 830 430 1171 658 881 411 944 1075 509 383 886 412 159 569 859 377 184 778 946 826 1237 756 553 619 513 628 848 232 945 0 885 895 869 506 802 489 455 875 725 397 96 872 503 1001 685 566 738 194 121 227 572 956 875 73 741 677 631 825 178 531 465 727 513 1082 141 43 97 696 240 263 141 694 462 649 629 82 600 302 727 686 174 368 1221 869 503 1004 770 684 939 764 926 707 870 925 630 718 438 674 157 4 639 440 149 323 472 291 639 227 822 940 152 785 784 1093 670 545 870 606 81 799 865 826 503 771 374 213 693 919 692 998 755 1093 942 879 440 885 465 693 774 421 639 983 858 880 564 558 528 473 591 701 200 688 490 382 927 488 689 961 872 1206 320 433 171 200 766 644 201 300 850 63 431 183 175 704 814 860 585 910 616 503 428
1060 59 524 360 456 246 481 424 543 784 592 911 906 503 489 94 452 560 538 425 821 652 691 415 491 510 736 993 663 468 786 822 994 623 676 810 762 444 63 760 389 655 348 672 812 366 967 356 885 0 11 926 1041 1089 586 668 109 189 504 854 717 1042 660 210 326 787 698 780 769 586 615 1074 933 144 932 259 1203 712 360 778 310 380 623 769 851 900 536 660 929 770 871 985 906 586 809 305 818 1067 551 883 625 728 57 613 631 214 325 527 168 465 1109 324 629 777 648 477 511 799 887 584 513 899 571 429 628 473 855 128 877 787 680 105 512 362 978 828 867 813 88 987 437 614 837 686 673 829 250 267 683 174 693 846 1234 844 654 983 1102 167 818 444 709 984 618 344 394 561 663 458 217 949 905 440 507 938 466 255 813 248 714 675 971 944 718 1050 243 712 614 782 865 844 788 785 409 472 1212 756 357 861 817 683
