280
0 430 405 485 316 312 503 587 828 694 1012 972 358 1003 136 470 954 889 676 478 143 482 644 915 472 680 915 400 574 612 408 884 1053 580 817 933 235 524 978 744 49 1045 897 700 747 270 872 336 100 395 618 508 550 332 834 169 191 342 390 229 768 886 874 198 570 529 577 773 742 799 461 357 587 426 543 135 915 507 1036 250 76 579 745 794 229 301 417 889 143 608 427 455 104 400 507 326 279 652 306 723 966 59 345 860 623 505 878 388 341 87 410 762 816 871 579 763 473 269 375 616 662 356 767 510 352 524 539 303 411 257 254 904 338 727 519 631 537 126 626 966 262 785 729 360 183 508 609 356 815 620 888 207 533 683 228 249 136 821 864 589 739 362 545 816 108 803 982 961 371 649 531 239 632 439 790 698 846 399 452 979 659 490 239 602 446 868 419 788 692 382 890 811 689 885 714 895 626 115 768 307 977 724 861 655 340 413 112 480 427 758 719 354 203 509 650 961 157 329 610 887 763 351 395 401 497 886 749 821 495 604 774 427 566 131 532 554 957 929 782 442 647 647 518 374 716 742 236 585 737 839 462 96 640 170 596 475 514 813 693 700 752 702 537 442 338 493 890 767 760 117 622 211 574 438 377 930 187 810 679 618
430 0 46 63 669 383 444 569 422 270 584 549 707 574 421 185 708 670 320 317 318 551 214 674 206 475 487 112 351 193 480 462 631 152 409 525 310 419 555 390 424 619 470 270 398 177 512 337 376 52 463 483 388 364 483 323 493 103 56 241 355 459 526 409 489 434 495 385 320 443 136 410 510 550 113 353 502 423 614 593 410 303 367 387 206 213 461 706 392 233 183 312 447 101 92 522 561 350 356 351 759 408 93 649 385 316 631 626 185 455 262 481 403 444 488 410 296 326 56 351 264 488 611 236 328 138 287 638 309 220 284 476 563 323 235 202 274 316 201 538 557 386 334 355 481 171 313 100 668 412 469 389 240 521 427 243 474 597 533 379 317 661 307 541 411 402 557 531 328 227 317 230 387 27 391 278 661 580 292 566 510 115 441 311 335 581 238 388 445 306 659 409 275 464 289 495 328 436 601 221 549 303 461 520 441 58 486 579 320 537 312 623 403 428 438 745 298 196 193 661 436 293 118 570 526 466 584 625 254 449 564 483 571 300 444 349 706 669 362 509 383 349 280 430 295 332 319 363 314 501 336 523 233 534 312 373 206 383 349 376 325 302 376 385 391 488 619 369 360 483 496 428 340 218 487 515 367 383 378 317
405 46 0 81 631 392 400 526 463 306 616 568 668 605 385 223 685 643 311 276 285 505 245 650 244 443 519 141 390 208 494 498 667 178 450 565 310 449 574 436 394 653 493 300 444 142 508 351 344 74 500 508 349 376 476 314 455 66 15 203 368 482 519 368 519 464 526 429 338 437 106 364 541 505 148 318 541 380 650 554 392 345 412 428 177 220 415 676 381 278 142 341 413 57 102 478 520 329 365 396 732 378 61 621 354 351 607 582 200 423 288 460 442 477 519 402 329 282 45 323 308 443 577 276 282 132 255 599 264 181 241 508 520 331 276 229 314 286 239 562 516 428 377 371 443 149 357 58 633 451 507 348 282 485 425 203 438 570 522 345 354 619 274 520 377 409 592 560 346 245 355 225 358 72 434 317 630 535 322 605 473 101 399 355 362 563 267 395 418 327 633 451 316 502 310 503 306 421 568 230 573 341 468 483 396 91 453 534 276 508 354 581 398 386 479 719 265 209 234 635 423 247 73 525 547 483 550 595 218 485 535 438 595 277 474 313 684 647 379 526 357 328 245 444 312 374 319 402 333 491 293 496 241 498 355 401 248 412 394 361 359 308 337 409 403 511 598 375 367 450 458 387 380 250 441 530 361 418 423 295
485 63 81 0 708 444 437 561 392 230 536 490 745 525 465 222 660 626 263 303 365 557 165 627 245 439 439 166 382 132 537 421 588 97 379 492 372 464 496 384 475 574 413 220 394 222 452 396 424 113 500 534 366 423 424 384 533 146 96 282 294 402 468 445 534 480 540 365 260 385 113 425 555 564 74 398 466 413 571 633 468 327 353 357 257 274 469 668 453 230 175 359 494 113 31 547 595 303 416 340 716 459 141 607 348 357 584 652 244 504 313 433 369 398 532 352 341 353 113 311 246 507 579 268 340 85 255 676 309 259 315 428 590 261 264 148 304 366 165 482 592 361 313 413 521 132 331 137 636 442 431 424 266 491 489 280 518 555 476 349 278 693 277 492 457 340 513 480 384 166 353 292 349 74 367 243 623 601 339 529 483 73 473 331 384 530 288 326 404 361 614 382 246 425 230 433 283 496 568 282 493 266 399 495 459 113 534 588 317 497 285 653 465 419 467 701 345 256 166 617 381 305 128 589 580 406 551 586 230 486 525 492 622 356 490 321 658 619 302 566 342 303 253 489 234 303 381 393 254 443 328 577 171 578 333 422 233 331 349 324 281 240 356 438 450 540 569 307 298 530 474 463 370 264 503 454 429 339 390 272
316 669 631 708 0 627 497 513 1089 936 1241 1160 42 1229 251 759 968 892 816 556 358 383 872 931 767 713 1145 677 882 815 717 1128 1296 802 1077 1193 549 840 1164 1031 286 1281 1098 926 1035 492 988 652 307 651 933 822 596 648 947 482 176 567 617 429 950 1088 979 265 885 845 893 1045 940 920 641 362 903 312 778 321 1170 517 1279 77 390 879 1022 1055 472 601 381 864 457 882 582 766 238 600 721 223 131 759 622 1002 949 294 576 862 694 814 904 179 636 241 718 831 1071 1105 895 887 782 368 618 707 927 290 745 806 424 716 647 39 491 451 397 1134 188 902 814 853 837 371 869 1169 124 1051 997 676 189 676 906 573 776 931 1137 286 827 686 536 429 204 838 957 653 984 94 642 872 268 967 1221 1180 686 854 839 536 706 686 1056 946 830 245 762 1234 659 684 246 900 760 925 723 951 752 695 902 1076 944 1132 919 1052 736 419 754 609 1180 971 1020 646 319 673 209 356 499 784 979 133 514 515 962 951 379 626 861 895 866 448 588 259 807 1070 738 818 614 919 789 374 876 416 848 627 974 958 974 749 729 752 625 687 913 1000 551 894 935 940 525 251 827 150 896 790 803 1034 981 813 988 876 587 758 653 806 932 932 927 207 617 249 881 737 313 1104 503 1047 978 732
312 383 392 444 627 0 697 809 652 571 874 898 668 873 421 287 1069 1020 701 615 346 732 553 1033 275 811 785 283 308 567 115 734 892 513 645 751 105 222 906 526 350 895 811 604 524 346 895 58 360 332 318 197 695 33 865 161 493 363 383 366 726 800 909 464 259 224 267 581 681 826 494 584 276 693 462 374 745 689 875 561 238 342 547 625 308 173 649 1042 171 435 503 188 407 429 474 610 583 719 28 523 1107 348 354 995 730 243 991 688 200 395 176 848 653 738 269 792 217 473 348 706 499 618 931 298 537 520 630 614 568 380 431 775 631 700 309 554 306 316 512 871 568 605 553 64 483 539 376 381 986 338 728 461 324 839 107 392 441 947 913 711 604 672 646 908 392 779 832 842 93 594 274 187 736 372 608 562 997 684 197 804 821 492 512 368 166 953 201 766 798 119 1014 632 543 730 647 869 695 214 926 163 882 588 836 824 586 332 423 742 584 883 559 660 116 693 366 1096 337 188 484 1014 814 516 436 682 196 825 907 964 587 305 907 666 263 259 224 675 1069 1034 724 151 740 717 615 68 660 581 98 317 675 882 615 384 612 481 360 180 323 707 476 753 629 681 681 139 27 183 987 747 739 427 794 483 315 233 633 879 125 678 434 684
503 444 400 437 497 697 0 126 805 635 878 744 515 859 379 620 476 403 385 137 378 155 559 439 640 217 792 531 786 472 812 803 952 496 791 893 593 825 745 820 458 926 705 595 830 358 517 679 404 467 889 863 117 695 476 550 381 376 396 332 548 698 501 315 892 838 900 793 562 458 325 153 914 206 505 370 861 30 937 448 550 745 786 771 391 554 116 390 588 666 263 719 423 344 427 274 370 302 675 774 471 445 390 373 218 740 409 347 559 446 661 342 775 763 895 430 714 238 426 246 678 207 267 674 162 385 221 459 139 318 271 782 312 498 675 532 713 407 585 772 382 783 741 705 377 324 756 364 313 847 821 300 681 193 672 305 417 344 473 176 680 429 204 378 401 541 876 806 691 504 749 514 229 470 789 656 350 272 703 918 166 372 291 754 733 430 647 527 262 681 410 800 667 811 556 609 287 596 271 567 782 673 583 157 186 488 453 195 125 288 708 378 639 25 876 469 376 560 595 405 394 182 327 256 886 657 253 331 219 874 294 126 946 455 846 167 482 463 582 847 255 295 208 763 540 722 601 799 560 462 110 544 456 452 755 773 648 680 785 354 667 475 115 767 717 859 436 512 510 444 125 311 777 638 184 675 603 719 821 289
587 569 526 561 513 809 126 0 923 753 980 833 522 961 455 746 467 389 481 259 476 130 677 434 765 260 898 656 911 588 924 914 1058 616 908 1008 704 947 833 944 540 1030 803 710 954 477 582 795 492 593 1013 981 215 810 543 657 437 500 521 444 648 797 560 391 1013 959 1021 915 668 532 449 233 1035 202 628 462 974 149 1044 480 643 870 908 890 506 673 171 353 688 790 388 841 496 469 550 303 399 391 788 897 438 529 514 360 300 864 414 342 680 519 783 393 891 873 1016 509 837 339 551 337 800 245 238 799 274 506 333 478 263 434 379 889 328 599 800 649 838 506 706 867 415 902 862 821 436 444 881 489 264 972 934 381 806 204 775 418 482 347 526 265 797 431 312 413 480 633 983 908 810 618 873 629 309 595 908 775 322 269 825 1030 181 495 355 880 854 459 770 620 320 800 403 919 787 923 666 690 382 690 250 686 876 791 667 161 248 614 519 161 251 308 828 383 743 143 1001 441 479 681 717 395 464 300 453 254 1001 749 237 316 338 998 302 162 1062 559 967 269 475 467 684 960 336 385 323 876 648 841 712 924 667 522 234 612 568 505 880 894 773 788 909 436 782 578 219 887 830 976 453 606 606 510 146 381 902 762 221 761 708 831 946 386
828 422 463 392 1089 652 805 923 0 171 239 357 1128 245 840 373 860 860 480 669 734 940 247 839 380 735 174 428 383 335 690 103 241 313 16 106 638 519 367 160 831 247 280 217 171 598 555 594 790 440 479 616 711 620 556 683 914 524 476 662 341 273 587 830 565 533 566 78 292 527 491 815 577 953 319 771 94 778 224 1013 788 323 114 36 620 540 855 924 747 224 558 474 862 504 390 939 982 568 630 135 942 817 514 852 652 427 800 1043 497 868 477 662 38 140 554 517 442 744 472 609 166 898 872 354 730 422 592 1059 692 642 704 169 981 370 343 274 350 727 228 300 978 48 101 593 901 482 291 521 924 403 85 810 328 801 742 665 891 802 620 672 127 1082 613 705 827 398 188 238 560 309 398 593 646 404 45 151 886 992 460 155 803 441 862 299 503 718 452 399 678 534 839 22 148 93 276 437 565 798 856 539 307 133 422 820 851 419 900 974 697 763 111 1043 730 784 402 922 714 512 230 846 574 695 520 980 679 340 845 849 587 474 792 878 682 698 544 658 853 812 306 701 627 573 600 658 300 90 643 383 290 589 699 923 363 951 308 515 332 190 194 550 148 380 705 557 642 634 763 396 390 898 809 849 370 422 894 390 706 122 267 557
694 270 306 230 936 571 635 753 171 0 319 334 973 312 690 285 726 715 325 499 587 770 77 700 300 574 223 307 369 167 634 193 362 143 156 265 533 495 343 231 692 351 246 64 243 446 440 514 645 299 486 587 542 542 431 566 761 370 320 508 220 235 469 674 555 511 559 171 164 397 322 648 572 785 158 622 237 608 345 860 664 299 178 137 474 429 686 775 634 155 390 419 716 341 224 775 824 409 546 179 801 676 362 704 488 385 659 880 388 724 401 514 142 178 547 379 389 582 324 445 101 732 714 291 563 252 423 904 522 486 544 212 818 231 281 104 306 584 69 302 821 152 124 520 748 312 278 364 767 411 202 653 270 638 646 508 743 653 495 506 49 922 444 563 680 283 289 275 487 145 364 472 483 257 158 27 735 826 400 300 638 272 702 284 449 583 373 279 520 460 697 166 52 196 134 352 402 683 698 431 312 38 326 655 685 282 755 804 527 608 84 882 628 614 423 783 567 403 89 703 431 528 356 814 646 276 686 697 417 477 638 709 665 563 522 490 720 679 196 653 465 413 431 594 159 91 539 374 159 462 529 788 200 803 292 473 256 138 225 398 60 233 536 508 567 600 628 269 261 752 642 692 353 341 726 333 599 116 298 393
1012 584 616 536 1241 874 878 980 239 319 0 202 1276 24 1000 589 796 818 501 749 900 1027 371 785 600 750 97 623 621 429 922 143 89 440 240 180 847 757 209 398 1007 53 183 316 407 757 483 817 959 617 717 853 768 844 501 883 1066 681 630 817 333 188 518 977 803 771 805 316 317 488 605 926 815 1055 471 933 159 848 83 1166 982 558 352 256 789 744 952 892 950 440 669 705 1029 641 521 1064 1123 592 851 373 888 991 674 818 684 660 754 1166 702 1038 700 643 225 141 793 495 673 877 638 645 376 1013 872 580 844 529 657 1207 791 793 845 108 1108 382 568 389 581 899 387 139 1122 283 327 819 1055 578 527 672 915 641 155 956 555 819 957 813 1053 775 558 716 276 1218 674 670 992 359 57 74 786 391 633 789 676 573 283 319 862 1105 689 140 829 558 1000 535 734 665 674 369 686 759 794 260 334 149 328 344 599 1000 853 746 136 292 348 849 966 600 1068 1064 791 754 316 1175 942 854 639 866 880 717 406 803 551 811 653 1091 916 249 847 828 668 713 781 973 920 881 782 714 787 750 297 935 651 598 672 888 341 294 853 621 319 535 783 1105 428 1113 544 750 552 208 433 554 260 404 766 790 867 870 708 379 377 1065 846 994 607 642 1003 270 914 203 506 595
972 549 568 490 1160 898 744 833 357 334 202 0 1192 179 934 616 600 627 360 628 844 898 347 590 633 586 191 621 697 361 967 262 290 398 349 350 848 827 10 508 958 252 89 295 520 704 291 843 903 593 809 920 628 871 316 870 991 631 583 756 210 99 325 900 884 842 887 423 231 311 524 819 900 937 444 873 316 714 285 1089 957 627 453 355 743 744 833 703 939 487 579 753 969 576 466 963 1034 444 872 467 693 941 628 630 534 719 562 1061 706 982 732 467 326 217 876 327 723 792 602 500 426 905 696 625 743 452 532 1124 681 729 769 193 1008 259 614 351 639 850 387 66 1037 387 409 851 980 485 603 617 734 732 288 877 604 654 964 746 988 591 366 572 315 1123 545 485 932 203 242 141 818 324 696 775 524 548 389 350 677 994 734 327 668 486 914 610 783 473 704 217 522 791 602 374 375 274 260 153 457 984 677 749 67 329 168 688 862 583 1009 937 677 577 379 1077 943 720 738 671 825 720 416 611 379 714 584 979 979 91 672 644 554 801 602 853 997 845 854 578 590 554 191 987 498 451 551 925 257 364 855 700 236 347 662 1062 336 1047 618 807 590 200 527 397 281 285 629 841 897 934 514 234 237 1004 692 913 681 672 891 76 910 253 605 456
358 707 668 745 42 668 515 522 1128 973 1276 1192 0 1264 291 800 981 905 845 582 398 393 909 946 808 732 1181 717 923 850 757 1165 1333 838 1115 1231 591 881 1195 1071 327 1317 1132 961 1076 531 1014 693 348 690 974 862 618 689 973 524 215 605 654 467 982 1122 1003 300 926 887 934 1084 973 947 675 386 944 322 816 360 1208 537 1316 117 431 920 1061 1093 511 642 400 874 498 922 615 808 279 636 756 243 158 785 663 1042 959 335 614 875 718 856 920 181 677 283 759 852 1109 1141 936 914 824 401 656 733 966 310 756 847 452 750 675 70 518 488 432 1170 203 933 854 889 879 412 906 1202 156 1090 1036 717 227 708 947 610 785 973 1175 322 868 701 576 466 245 853 980 675 1021 92 668 892 309 997 1257 1215 727 888 880 577 729 724 1095 984 841 254 803 1272 674 719 278 941 802 944 765 982 773 737 916 1114 982 1169 953 1081 763 459 766 650 1213 1008 1049 660 343 712 251 362 526 801 1018 140 555 535 1004 962 418 667 899 909 891 479 624 269 847 1101 750 831 643 960 804 390 916 457 889 652 988 974 1007 789 753 778 653 727 947 1038 593 936 969 965 550 291 860 192 937 831 844 1069 1022 839 1025 907 609 800 694 846 950 963 958 248 632 283 922 779 331 1134 544 1084 1019 759
1003 574 605 525 1229 873 859 961 245 312 24 179 1264 0 988 586 773 795 481 732 889 1009 361 762 598 729 90 618 625 415 923 146 112 429 244 195 843 761 186 405 998 76 162 306 415 747 460 815 948 609 723 856 749 843 479 877 1054 670 620 806 314 167 495 964 809 775 810 322 300 465 591 910 821 1039 461 922 171 830 106 1154 975 561 357 260 779 740 936 869 945 439 655 706 1018 629 509 1049 1109 572 849 377 865 982 664 795 664 662 731 1151 698 1028 699 622 229 136 798 473 674 864 629 625 374 997 850 580 828 515 639 1194 775 782 832 100 1093 363 568 378 583 889 379 116 1109 288 330 818 1043 563 531 661 893 647 161 943 555 798 954 802 1042 753 535 697 272 1204 656 647 982 338 73 54 785 377 635 783 656 565 288 314 840 1089 689 159 808 545 987 539 735 642 672 348 665 758 771 266 331 153 313 321 580 994 831 741 113 288 325 828 951 593 1058 1047 774 732 315 1160 938 836 647 843 869 713 400 780 530 796 641 1075 920 227 825 805 652 719 759 957 925 872 786 696 764 726 278 937 631 579 655 888 324 294 849 625 303 512 766 1097 412 1102 548 752 551 195 438 534 253 385 747 792 866 874 685 358 357 1054 826 981 611 640 987 247 909 197 512 576
136 421 385 465 251 421 379 455 840 690 1000 934 291 988 0 511 844 776 609 379 108 346 629 806 520 571 903 427 642 579 526 882 1051 560 828 944 327 617 938 781 88 1038 866 684 786 244 797 432 64 401 705 616 442 435 757 262 80 320 371 183 725 856 794 65 670 625 678 795 707 725 411 229 690 291 532 70 922 387 1034 174 203 634 771 805 222 359 285 769 263 632 361 532 45 361 480 194 167 569 409 752 848 80 329 746 526 577 771 268 391 68 480 667 823 862 678 690 544 163 369 526 677 221 646 559 242 483 454 224 309 208 169 892 211 679 566 611 592 124 622 937 155 801 747 458 68 451 660 328 691 695 890 80 579 567 353 189 55 710 779 488 737 264 455 717 30 750 977 942 462 618 599 295 536 437 806 699 727 268 525 986 541 450 104 654 531 770 482 734 592 466 779 826 695 885 684 839 544 248 649 368 948 724 806 535 207 423 82 345 323 649 730 243 323 388 726 845 128 382 612 775 681 252 351 268 614 844 630 705 413 690 662 294 682 176 629 456 848 824 745 562 554 564 431 487 681 751 331 655 703 757 356 166 598 115 650 564 554 794 732 621 744 653 429 539 446 603 788 714 709 75 502 75 640 493 242 883 299 803 731 537
470 185 223 222 759 287 620 746 373 285 589 616 800 586 511 0 882 848 478 499 404 713 277 849 23 658 498 94 167 315 352 449 611 255 365 477 265 244 624 275 482 611 529 323 279 297 654 230 453 154 280 322 571 258 632 314 590 249 226 356 461 518 674 520 313 260 319 310 410 592 320 565 334 701 204 442 466 601 594 683 421 130 279 344 297 171 622 888 376 151 365 145 523 279 249 654 671 524 263 256 938 471 235 828 567 135 806 754 129 523 117 654 371 452 310 562 122 465 195 531 214 632 795 55 489 306 470 734 483 348 417 488 690 445 58 284 93 389 231 586 662 327 273 236 578 351 150 258 852 228 446 505 69 705 370 371 556 776 688 563 317 771 491 713 492 519 548 556 203 333 133 231 568 160 331 275 843 720 125 528 694 292 561 146 174 749 88 508 625 176 836 355 256 446 375 605 505 428 785 168 597 301 574 704 588 133 556 738 496 718 274 742 357 607 256 923 385 143 201 839 598 455 295 712 375 549 768 807 438 265 746 644 408 347 271 533 879 840 452 374 563 525 464 310 392 297 270 179 404 654 515 563 365 612 143 207 45 422 225 543 343 431 559 232 283 332 789 491 483 556 680 541 157 57 637 604 333 392 222 493
954 708 685 660 968 1069 476 467 860 726 796 600 981 773 844 882 0 79 412 477 815 592 667 39 904 275 751 820 1035 588 1177 801 885 645 846 904 975 1124 595 956 915 848 622 663 968 735 316 1033 855 755 1156 1191 404 1057 306 954 856 706 691 743 519 622 281 782 1194 1139 1200 891 571 333 580 626 1215 661 688 819 866 461 877 923 986 973 903 837 780 900 590 142 1008 841 568 1018 889 642 633 747 844 359 1043 904 95 899 716 108 342 1016 79 804 885 911 969 228 822 749 1191 347 1001 687 729 364 815 681 231 923 604 576 440 930 543 718 702 746 781 496 918 643 957 839 718 658 857 863 848 1055 851 538 967 688 223 1092 827 764 917 284 1078 717 887 134 243 368 748 892 426 170 861 464 825 726 1031 590 1010 886 335 729 869 752 152 729 998 901 311 594 764 969 1042 143 945 462 272 1011 67 866 776 813 594 453 380 1029 218 911 663 752 454 323 662 765 922 626 527 197 808 842 1047 461 1113 73 807 893 745 73 296 603 633 714 1232 552 232 152 484 1143 183 595 1278 873 1150 404 12 48 555 1209 330 359 457 1126 568 809 984 1045 574 272 493 1009 540 926 974 1080 887 674 944 342 718 493 418 1093 1083 1194 98 465 472 914 353 782 1021 923 657 527 1008 740 1009 392
889 670 643 626 892 1020 403 389 860 715 818 627 905 795 776 848 79 0 393 417 752 514 652 51 871 213 764 780 1006 568 1130 809 906 622 845 912 923 1088 623 944 849 870 639 655 956 681 337 987 790 715 1125 1151 340 1009 318 898 784 658 648 683 520 637 302 713 1158 1103 1164 884 568 337 537 554 1179 584 662 754 874 390 897 848 924 946 893 834 725 854 515 79 950 821 518 981 821 596 600 672 769 326 995 892 90 834 669 31 291 982 65 727 841 843 930 203 822 758 1156 343 965 621 685 320 800 606 152 893 538 543 392 855 480 660 639 759 705 490 888 627 928 778 700 682 782 859 839 1009 780 499 943 641 147 1064 834 696 888 211 1023 658 817 74 261 311 743 815 375 155 794 471 842 746 987 575 979 835 286 692 864 742 75 652 961 913 237 557 693 945 1003 154 907 466 225 968 26 864 764 821 587 476 344 969 140 865 687 745 470 248 589 727 853 548 463 138 799 766 991 390 1087 77 745 848 726 16 287 540 586 637 1188 570 155 75 434 1112 116 520 1238 814 1113 348 88 93 558 1163 287 325 406 1079 562 802 932 1017 570 284 429 941 522 855 949 1042 857 679 928 320 714 484 354 1052 1035 1153 115 466 471 844 279 712 993 887 582 552 952 742 989 355
676 320 311 263 816 701 385 481 480 325 501 360 845 481 609 478 412 393 0 270 536 538 260 382 501 258 422 429 626 177 799 448 580 234 465 548 620 722 362 552 651 551 323 267 564 412 199 657 591 371 747 796 270 683 166 618 655 355 322 448 168 316 209 565 791 738 797 496 196 127 220 464 811 578 279 557 512 355 567 749 682 562 502 451 458 529 474 450 683 430 251 620 649 287 234 610 687 93 674 500 481 634 359 380 184 612 340 705 504 666 576 190 444 402 788 92 599 454 355 145 408 549 393 516 393 182 173 779 328 419 441 414 654 121 510 234 549 550 308 388 692 473 449 675 646 172 556 337 444 681 471 542 508 326 734 430 662 328 213 217 357 772 185 243 613 158 507 428 647 183 603 533 176 336 479 352 410 636 600 562 332 210 572 558 646 274 550 144 199 624 375 482 373 458 205 236 99 718 377 539 398 357 205 351 508 375 689 577 322 284 409 723 706 361 702 463 520 515 335 381 120 369 287 620 843 273 366 372 202 734 314 493 883 563 749 219 407 367 205 828 153 99 194 750 182 414 629 635 196 181 304 756 130 717 563 682 479 317 536 73 332 103 271 700 710 802 316 128 126 683 347 575 612 524 534 294 668 371 599 97
478 317 276 303 556 615 137 259 669 499 749 628 582 732 379 499 477 417 270 0 338 278 423 439 520 205 661 414 666 337 727 669 821 359 654 758 514 717 630 686 442 797 582 460 696 270 433 588 381 347 774 765 81 608 392 483 408 266 274 267 425 573 425 323 786 731 794 657 433 365 191 197 808 310 370 345 726 111 806 494 509 620 650 635 312 457 206 430 534 532 135 609 423 220 292 343 426 203 590 639 499 425 279 390 148 625 401 436 454 443 553 289 639 631 787 332 601 217 309 152 542 281 317 551 139 249 97 518 71 244 225 651 387 374 551 396 590 362 449 650 433 646 605 613 400 188 628 251 372 727 686 302 556 225 608 241 427 346 405 111 544 505 87 340 392 427 745 679 595 369 630 428 158 344 652 520 384 367 592 784 207 237 318 627 626 393 535 412 215 581 415 664 531 676 424 504 181 553 312 469 660 537 474 213 241 367 460 316 58 282 571 456 576 117 754 491 330 458 460 413 311 129 205 352 794 539 293 354 83 759 301 226 850 398 740 78 480 452 457 762 177 197 78 677 410 586 523 678 430 386 35 540 324 476 628 667 523 548 652 257 532 350 67 667 632 764 413 394 392 452 185 328 655 522 265 563 538 585 691 178
143 318 285 365 358 346 378 476 734 587 900 844 398 889 108 404 815 752 536 338 0 389 529 777 414 541 803 320 540 486 458 779 948 461 722 839 244 525 850 673 116 936 773 584 678 143 731 346 60 294 610 534 413 354 693 186 186 219 270 90 637 762 732 125 582 534 591 688 615 658 325 245 603 348 430 39 817 378 931 282 174 528 664 700 115 257 310 756 213 524 286 434 130 269 383 270 269 510 329 644 831 99 226 724 481 476 739 360 287 139 380 620 718 761 589 622 444 140 264 474 570 273 636 453 220 393 397 331 273 118 114 792 299 594 460 513 487 31 519 843 259 695 640 373 174 370 553 230 686 594 786 117 473 550 299 107 157 683 722 449 634 368 403 675 94 668 875 844 371 524 497 195 490 332 700 595 712 343 425 882 527 359 171 548 436 726 379 653 551 372 752 720 590 782 590 760 484 220 636 268 854 620 726 524 242 316 169 397 290 619 624 342 267 380 625 825 21 279 508 750 621 213 261 340 541 756 617 686 353 595 637 325 607 88 539 414 818 789 654 494 505 505 375 413 589 646 250 552 610 697 324 221 509 217 544 471 447 696 624 559 642 568 399 450 370 524 749 632 626 166 492 145 537 388 288 798 234 701 625 476
482 551 505 557 383 732 155 130 940 770 1027 898 393 1009 346 713 592 514 538 278 389 0 695 557 730 359 939 621 874 612 845 945 1099 628 925 1032 628 892 899 938 433 1075 857 736 947 424 670 726 392 564 966 915 272 738 630 574 316 466 497 378 700 849 652 285 955 903 963 921 710 612 450 153 976 73 629 367 1001 184 1084 352 544 842 909 905 443 615 92 482 596 781 383 790 384 452 553 176 271 457 714 896 567 424 480 485 372 820 534 213 629 407 732 489 911 908 960 584 791 263 522 401 802 127 364 767 226 519 371 348 249 375 310 929 199 650 770 669 806 419 715 925 287 914 868 753 317 460 858 459 393 934 962 280 779 316 685 355 365 466 622 331 816 302 355 519 374 696 1023 957 746 646 834 563 383 576 920 789 449 139 777 1060 290 500 243 855 799 569 723 681 411 741 527 933 797 953 702 764 442 590 375 627 935 808 737 274 147 587 403 40 244 420 838 254 653 179 964 570 395 627 721 519 548 260 435 125 927 811 360 440 361 951 419 70 992 475 910 321 599 587 733 882 410 450 355 800 688 854 635 887 708 614 245 495 602 382 854 838 747 826 899 508 807 626 269 825 755 907 568 665 664 393 249 271 867 720 105 830 622 861 926 443
644 214 245 165 872 553 559 677 247 77 371 347 909 361 629 277 667 652 260 423 529 695 0 640 296 502 275 275 392 92 628 259 425 71 232 339 502 508 354 293 637 410 263 57 305 386 397 498 588 252 513 594 466 526 382 527 697 310 260 447 187 252 423 609 572 524 577 243 135 345 248 575 591 711 102 562 309 532 408 797 620 323 245 213 419 398 612 708 596 180 316 420 658 273 153 705 757 338 527 241 739 621 303 639 414 395 598 809 359 667 392 449 217 233 566 323 392 513 269 371 149 660 642 297 490 177 347 839 448 423 478 264 748 183 288 28 320 529 54 328 755 227 193 508 685 236 309 301 696 441 271 588 281 564 618 444 683 587 445 431 122 854 368 501 621 249 349 317 476 78 379 433 410 207 233 100 667 754 400 370 564 199 635 314 449 526 363 240 450 449 634 242 116 264 99 330 330 643 627 402 339 115 300 580 612 239 698 729 452 540 155 813 597 538 457 721 509 374 85 640 372 456 287 741 650 273 614 629 340 502 570 634 677 513 535 414 662 621 176 650 394 342 354 584 119 166 509 399 129 411 453 737 131 743 320 479 259 170 277 332 118 177 460 508 552 605 570 226 218 694 567 626 377 332 653 328 565 176 344 320
915 674 650 627 931 1033 439 434 839 700 785 590 946 762 806 849 39 51 382 439 777 557 640 0 871 236 735 785 1004 559 1141 783 873 615 825 886 938 1090 586 930 877 837 608 638 942 698 303 997 817 720 1124 1156 366 1021 288 916 818 670 656 705 498 607 268 744 1160 1106 1167 867 548 312 544 588 1181 625 657 781 849 423 865 886 947 942 878 815 743 864 553 126 970 812 531 984 851 606 600 710 807 325 1007 878 105 861 680 76 304 983 44 769 849 872 935 196 801 731 1158 323 967 648 693 328 788 644 199 891 566 543 403 894 505 680 663 730 744 472 886 616 925 801 690 648 820 840 823 1019 813 504 937 652 197 1061 809 726 886 247 1040 679 849 96 228 330 725 856 389 139 823 445 811 713 995 562 978 849 298 695 846 727 125 694 965 885 274 560 726 939 1008 122 911 442 235 976 31 844 750 795 569 442 346 991 185 875 653 728 439 286 624 731 884 592 489 158 783 807 1009 424 1082 84 768 857 717 40 269 565 597 678 1196 538 197 119 447 1111 145 558 1244 835 1116 366 43 44 535 1173 294 325 420 1090 544 785 947 1014 551 254 454 971 511 889 944 1046 855 655 917 311 695 468 379 1058 1046 1160 78 443 450 875 316 744 990 889 620 517 970 719 980 357
472 206 244 245 767 275 640 765 380 300 600 633 808 598 520 23 904 871 501 520 414 730 296 871 0 680 510 110 147 336 334 459 620 277 373 483 261 222 641 274 487 621 545 341 276 311 676 218 461 173 258 301 593 245 654 313 599 267 246 369 481 534 697 531 291 238 297 314 430 614 342 581 312 717 226 452 473 621 602 691 421 116 282 352 309 172 639 910 373 160 386 125 530 300 272 667 681 547 252 259 960 476 252 851 589 112 828 766 132 529 101 677 379 464 288 585 100 480 214 554 225 647 817 40 506 329 492 742 502 362 432 500 702 466 48 304 77 397 249 602 672 334 280 221 586 373 140 276 874 208 455 517 62 727 362 385 563 799 710 585 331 781 513 735 500 540 558 569 188 354 111 234 591 181 337 289 865 734 104 534 716 314 573 135 154 772 74 529 647 161 858 361 269 456 395 625 527 425 807 168 612 315 594 726 603 154 562 754 515 740 285 752 351 627 237 945 395 144 218 861 620 473 316 726 355 567 790 829 460 243 768 661 386 353 249 554 901 863 472 355 585 547 486 294 412 307 265 160 424 676 535 565 387 619 131 185 49 438 222 565 358 452 580 212 269 311 812 513 504 562 701 552 138 43 652 623 329 405 212 516
680 475 443 439 713 811 217 260 735 574 750 586 732 729 571 658 275 213 258 205 541 359 502 236 680 0 677 583 821 411 922 706 833 457 720 806 713 891 585 791 641 802 568 520 803 470 323 780 581 516 937 949 130 801 285 686 588 451 446 471 421 563 301 511 961 906 968 744 453 278 339 359 983 419 487 545 770 196 821 661 713 766 746 705 513 647 333 234 738 653 310 783 616 393 417 490 585 168 786 741 297 625 462 186 92 790 200 563 637 638 730 134 700 659 961 260 770 413 483 133 644 423 142 706 330 361 189 675 269 448 428 670 529 377 703 474 743 566 543 627 596 724 694 803 582 308 767 434 198 881 729 492 705 69 811 445 616 142 267 101 610 645 169 161 588 393 761 676 782 429 790 625 93 499 730 599 188 487 764 819 83 368 496 768 804 213 709 382 65 765 212 735 617 716 462 439 173 757 129 659 636 608 419 103 398 531 650 398 253 78 656 595 779 198 906 288 533 643 564 209 210 329 381 471 984 508 114 154 227 922 97 343 1035 602 916 136 278 253 459 955 109 163 199 871 439 664 721 832 454 264 219 736 375 658 771 844 672 574 768 196 588 361 144 850 826 950 221 372 374 642 114 512 809 691 401 512 740 628 821 182
915 487 519 439 1145 785 792 898 174 223 97 191 1181 90 903 498 751 764 422 661 803 939 275 735 510 677 0 529 543 335 837 73 161 343 170 162 754 679 200 333 910 138 131 220 343 660 435 727 862 520 647 774 684 755 447 788 970 584 534 721 257 130 470 881 729 693 731 247 231 428 511 833 743 965 374 836 126 763 146 1070 886 478 281 181 692 650 862 835 856 352 576 620 932 545 425 970 1028 514 761 299 839 895 577 761 606 578 701 1073 608 941 611 579 150 47 719 429 588 782 542 565 287 920 804 493 751 435 571 1111 700 697 749 11 1014 302 482 293 498 802 290 129 1027 212 247 730 958 486 449 575 851 570 98 860 469 746 865 717 957 716 508 635 182 1123 589 612 895 294 85 65 697 298 552 694 598 477 213 225 803 1013 603 151 753 464 905 457 649 613 584 302 614 670 741 193 242 85 237 302 519 905 786 652 134 198 297 773 874 504 972 976 701 688 229 1080 849 769 572 818 783 623 311 749 487 718 558 1000 837 201 778 767 579 641 716 884 845 784 704 631 742 703 218 852 574 521 585 801 252 209 760 545 232 482 694 1009 338 1017 465 668 463 114 360 482 164 322 681 707 779 791 658 307 304 968 768 898 529 552 911 239 820 108 437 514
400 112 141 166 677 283 531 656 428 307 623 621 717 618 427 94 820 780 429 414 320 621 275 785 110 583 529 0 256 284 372 490 657 231 418 533 228 309 628 354 407 652 537 329 359 204 617 233 372 68 361 372 489 260 590 260 505 157 140 265 443 525 633 431 379 324 386 374 400 550 245 472 401 609 180 357 517 513 640 600 362 223 347 395 208 124 529 815 328 209 281 201 443 195 196 563 583 462 257 327 870 394 143 759 494 212 742 663 86 446 150 593 418 483 379 518 189 372 106 461 262 540 717 148 396 248 395 650 393 255 325 518 600 418 151 273 186 307 241 600 576 385 330 248 492 282 242 167 774 317 491 415 161 626 344 279 474 708 641 485 348 684 415 652 410 496 589 581 219 311 218 167 496 93 390 305 770 628 182 581 613 226 471 238 223 693 127 483 556 196 770 411 293 489 366 586 440 377 708 128 611 332 553 622 495 55 478 645 406 647 321 653 324 518 346 856 300 100 219 772 546 363 209 620 415 545 691 734 359 346 674 551 459 272 334 453 818 780 443 401 494 461 386 324 377 343 235 269 394 609 428 495 330 532 236 262 131 438 306 487 366 399 476 274 287 376 730 465 456 477 597 452 248 110 544 598 293 421 313 429
574 351 390 382 882 308 786 911 383 369 621 697 923 625 642 167 1035 1006 626 666 540 874 392 1004 147 821 543 256 0 453 316 480 619 393 382 471 342 137 706 234 597 630 608 424 229 452 787 258 580 320 123 233 738 276 769 406 721 412 392 507 577 598 811 662 188 151 191 307 522 730 485 723 204 858 347 577 473 768 603 808 511 70 270 366 443 284 783 1050 452 216 532 124 645 446 407 802 807 681 296 249 1096 588 398 988 730 70 961 898 254 641 165 808 397 500 180 704 101 620 360 692 271 787 959 116 650 464 635 861 648 503 572 535 835 572 119 408 79 519 339 654 796 338 297 245 709 513 95 423 1016 62 467 649 118 870 413 525 680 935 829 728 382 905 656 866 619 639 571 607 219 461 44 348 730 325 339 349 1005 871 122 526 860 454 706 88 143 899 161 631 785 199 992 362 323 473 488 717 663 503 949 274 663 368 689 870 744 300 673 896 661 878 320 881 413 773 91 1080 522 261 307 996 745 618 462 864 297 644 932 968 604 111 907 805 303 468 162 698 1031 992 560 322 723 682 629 293 509 337 343 13 517 795 682 661 503 732 79 140 150 498 190 694 416 563 726 185 291 251 941 617 608 675 847 683 16 155 793 701 404 448 130 652
612 193 208 132 815 567 472 588 335 167 429 361 850 415 579 315 588 568 177 337 486 612 92 559 336 411 335 284 453 0 654 334 492 61 320 422 502 556 367 382 599 472 288 124 393 344 340 516 545 242 575 637 376 544 318 516 642 271 223 399 163 277 361 551 624 573 629 335 131 279 177 500 644 633 111 516 389 445 476 741 599 387 335 302 383 401 532 621 584 254 242 459 612 219 106 636 695 249 540 330 656 582 268 553 323 444 517 739 368 624 422 366 303 299 620 252 435 450 244 280 235 586 552 347 417 101 257 781 368 373 419 325 680 134 340 64 377 490 134 358 695 318 284 531 631 153 380 257 606 507 350 530 336 473 619 391 634 501 377 340 209 790 278 420 575 212 416 366 500 39 433 422 319 198 324 191 579 679 439 449 473 131 573 382 487 449 394 200 360 475 551 332 207 341 105 304 239 627 537 408 369 203 270 489 540 237 653 648 370 452 246 746 595 451 526 639 466 381 159 556 294 383 229 666 688 275 524 541 254 562 482 554 722 485 584 324 584 543 171 680 303 252 266 607 105 257 510 462 126 343 369 702 51 693 387 521 309 222 361 248 196 117 370 544 571 645 492 181 172 648 476 567 438 366 578 323 559 249 422 230
408 480 494 537 717 115 812 924 690 634 922 967 757 923 526 352 1177 1130 799 727 458 845 628 1141 334 922 837 372 316 654 0 780 929 597 686 783 220 192 975 548 450 937 879 675 544 459 989 144 467 429 280 120 808 121 961 272 595 472 487 481 808 868 1005 573 197 185 203 615 760 922 598 697 207 805 545 484 782 803 913 655 332 368 579 667 422 277 763 1154 267 487 612 218 508 535 568 718 685 823 138 556 1217 451 462 1105 839 264 1098 792 296 493 236 953 697 792 210 889 250 587 450 813 551 730 1044 346 652 617 739 708 682 494 545 828 737 787 357 633 341 428 582 935 669 643 595 125 586 642 401 490 1099 325 771 571 369 952 182 507 541 1056 1012 821 662 769 755 1013 497 864 875 898 155 678 293 301 844 464 645 622 1108 792 236 837 934 592 621 393 189 1057 265 852 906 180 1122 669 600 775 725 953 799 299 1038 266 945 646 920 938 699 425 519 854 698 993 609 761 206 807 347 1206 450 286 552 1123 915 631 544 791 91 900 1020 1075 697 272 1017 780 160 371 180 786 1176 1140 802 37 847 821 724 51 740 630 212 321 754 980 729 467 702 575 384 177 379 771 501 854 691 770 794 133 96 99 1092 834 825 525 908 592 327 296 745 955 229 734 445 788
884 462 498 421 1128 734 803 914 103 193 143 262 1165 146 882 449 801 809 448 669 779 945 259 783 459 706 73 490 480 334 780 0 170 329 100 104 710 616 271 262 883 163 193 211 273 638 488 676 837 490 579 712 700 703 496 749 953 563 512 701 291 189 522 865 664 630 665 178 253 472 505 831 676 966 351 814 66 774 152 1052 850 416 213 115 666 608 865 877 815 299 572 563 908 531 412 963 1015 540 711 232 887 868 554 804 629 518 747 1067 566 916 559 617 84 52 653 468 531 771 516 587 235 917 838 438 747 431 583 1096 701 678 735 69 1007 330 427 282 439 776 261 202 1012 144 185 677 941 487 386 556 887 503 28 845 413 773 818 700 935 756 558 655 146 1112 603 655 873 338 100 136 644 300 491 656 622 449 144 187 843 1011 547 116 779 456 893 394 592 661 533 343 645 617 786 123 197 14 249 361 541 866 821 609 207 160 351 798 870 471 947 981 704 724 175 1071 804 780 503 866 759 581 275 794 526 713 545 998 775 259 811 806 586 574 753 887 780 753 641 646 793 753 252 793 600 546 595 746 269 153 716 480 253 530 701 979 347 995 403 608 411 133 293 513 142 346 696 648 726 729 706 345 340 945 790 883 466 502 909 304 777 85 368 535
1053 631 667 588 1296 892 952 1058 241 362 89 290 1333 112 1051 611 885 906 580 821 948 1099 425 873 620 833 161 657 619 492 929 170 0 495 247 151 875 755 296 387 1052 39 269 373 395 807 571 835 1007 659 705 851 844 861 589 916 1121 731 681 869 413 272 606 1033 795 768 796 315 391 574 667 992 805 1124 519 983 148 923 18 1220 1018 562 351 268 836 774 1022 979 982 461 733 715 1077 697 577 1127 1181 672 871 374 977 1037 723 905 764 666 842 1230 732 1085 717 729 242 194 784 580 683 937 685 723 399 1078 957 595 908 592 731 1263 859 846 902 170 1170 460 583 446 590 945 430 227 1179 288 340 833 1109 645 529 724 1001 632 167 1012 569 902 981 868 1104 862 646 794 315 1278 749 757 1042 444 77 161 801 456 637 824 756 618 286 356 949 1171 700 97 910 619 1059 538 743 753 692 453 769 774 882 262 365 169 397 432 678 1032 938 774 224 330 436 930 1031 640 1117 1136 860 839 339 1236 968 929 626 955 928 746 444 891 637 875 711 1158 915 337 931 914 739 702 866 1043 912 922 778 790 875 838 376 939 732 679 745 899 412 316 880 617 392 623 854 1148 498 1164 547 754 571 274 430 637 308 481 841 797 882 870 796 461 459 1114 926 1050 606 662 1069 359 942 250 496 673
580 152 178 97 802 513 496 616 313 143 440 398 838 429 560 255 645 622 234 359 461 628 71 615 277 457 343 231 393 61 597 329 495 0 298 407 453 496 405 336 571 479 319 124 348 319 400 461 521 195 515 577 409 489 379 472 627 243 192 378 213 308 421 539 564 512 569 299 171 340 179 505 584 642 53 494 378 469 478 727 561 328 295 278 353 351 543 673 541 199 247 400 590 203 83 635 687 300 487 287 711 555 237 607 366 384 573 739 315 600 364 421 285 303 559 312 376 443 206 325 189 590 598 287 421 111 290 769 380 354 407 333 678 191 280 52 317 463 91 387 685 288 247 475 616 172 322 233 654 448 342 517 276 516 570 374 614 554 437 378 191 784 312 477 553 267 419 383 443 81 373 378 364 150 294 162 630 684 379 441 513 129 564 324 428 507 336 256 410 418 607 306 172 334 138 357 287 586 585 357 398 181 324 528 542 187 630 662 385 502 213 743 548 475 468 694 441 329 108 611 353 386 216 671 629 317 570 593 278 503 532 566 662 451 524 358 641 601 214 623 351 302 295 551 147 227 461 402 165 403 388 672 111 674 329 461 248 235 311 305 188 176 401 485 516 586 550 238 229 626 512 556 379 307 584 369 513 246 368 277
817 409 450 379 1077 645 791 908 16 156 240 349 1115 244 828 365 846 845 465 654 722 925 232 825 373 720 170 418 382 320 686 100 247 298 0 117 630 518 359 163 820 251 270 202 174 585 542 588 779 429 480 614 696 614 542 674 901 512 463 649 328 264 574 817 565 532 566 78 278 513 477 801 577 939 305 758 101 763 230 1000 778 320 113 23 608 531 841 910 738 215 544 470 850 491 376 925 969 553 624 134 928 806 502 837 637 423 786 1030 488 856 470 647 25 133 554 503 438 730 460 594 156 884 858 348 716 408 577 1046 677 629 691 163 968 356 337 259 346 715 214 294 965 45 93 587 889 467 288 508 909 403 86 798 322 786 734 652 879 787 606 657 112 1069 598 691 815 384 190 234 555 294 395 584 632 392 44 137 872 978 455 164 788 427 848 296 498 704 446 385 663 528 825 25 134 92 261 426 550 789 841 530 301 118 410 805 837 408 888 959 682 748 99 1030 722 769 404 908 702 503 217 832 559 681 506 966 677 329 830 834 572 475 778 863 681 687 543 643 839 799 292 698 612 558 585 653 286 77 635 382 276 576 685 912 348 939 306 512 325 178 194 535 133 365 690 554 636 632 749 382 376 886 794 836 368 415 880 380 698 110 269 542
