300
0 881 759 823 520 713 999 950 1213 318 913 826 750 698 769 1069 723 915 1155 1062 919 940 563 163 418 999 1270 1010 906 607 494 214 945 588 540 395 497 932 268 608 411 882 142 421 932 418 369 563 1186 681 1149 640 656 894 159 1107 956 590 598 493 783 355 757 162 540 124 1039 347 795 818 495 188 774 834 511 653 902 937 629 964 687 372 1020 1029 1083 307 1048 565 832 407 885 248 785 625 810 855 403 895 627 579 831 557 701 585 490 779 438 385 113 1142 697 428 471 159 1135 1235 834 1193 98 237 627 300 530 1080 896 1103 654 800 980 828 796 297 1150 274 777 639 528 795 198 1155 539 760 841 693 150 616 213 814 407 594 811 677 816 777 524 946 735 771 1248 910 927 276 209 802 1128 763 834 1358 1023 1151 924 691 939 85 950 1005 426 1240 1028 903 781 1078 519 703 993 271 837 994 1028 693 935 1016 63 814 1058 814 528 826 279 987 479 744 999 574 440 1181 476 586 552 143 899 128 797 764 1017 1163 243 920 836 967 624 652 808 769 394 1059 726 919 537 180 407 352 300 147 636 888 447 1202 945 418 258 761 252 445 371 882 802 849 43 848 33 18 532 665 895 477 427 381 496 624 711 538 1243 792 1014 933 316 876 735 754 1024 493 648 695 557 852 453 635 1048 946 812 945 763 304 1029 577 1218 884 439 729 473 620 1328 1095 1017 69 279 902 949 846
881 0 243 191 632 180 632 328 623 590 144 111 674 212 208 469 222 93 569 623 745 773 319 864 745 638 611 506 276 280 429 800 465 467 527 611 751 264 691 302 471 758 832 500 665 795 603 429 434 689 420 245 752 71 731 625 622 439 284 402 399 555 185 732 802 873 189 761 235 925 390 694 852 595 370 854 263 604 622 550 206 738 180 280 259 632 468 323 476 689 516 740 113 273 76 454 593 781 829 339 300 366 911 764 622 861 543 526 770 395 715 456 463 725 613 685 834 647 789 762 301 582 855 690 264 458 347 90 405 136 842 658 391 730 567 619 388 344 686 634 875 936 946 697 779 728 675 936 693 574 235 227 946 110 365 514 270 555 687 339 736 612 875 289 511 980 254 698 468 384 830 197 797 797 70 444 634 552 428 505 763 383 377 717 765 862 433 635 261 398 206 493 820 650 460 930 427 260 603 316 669 839 849 919 862 543 851 492 375 752 146 754 435 120 822 404 796 279 198 132 878 230 76 425 534 368 783 260 729 772 527 777 857 881 254 229 632 547 712 473 866 845 673 473 655 134 821 415 876 152 864 894 353 283 141 649 481 532 878 616 292 419 616 972 479 147 578 1051 631 425 581 853 249 793 324 408 840 405 283 256 723 1043 695 597 710 657 665 543 444 386 627 823 668 362 810 895 685 276 255 233
759 243 0 73 407 137 433 207 517 443 176 133 432 107 35 354 59 206 456 448 516 544 268 704 535 439 544 343 486 195 266 631 284 241 306 419 527 175 525 162 381 523 679 341 445 584 423 221 429 447 395 244 511 200 631 467 413 218 231 273 166 406 68 634 572 721 310 564 400 683 333 580 610 363 295 615 146 393 383 356 257 537 288 270 334 469 340 224 251 483 302 570 253 294 187 238 403 546 592 183 478 203 671 530 404 619 353 478 648 385 473 346 452 601 472 563 594 521 679 592 136 477 628 505 472 371 432 170 264 325 600 491 392 554 328 379 233 118 584 494 647 694 704 455 632 490 578 694 487 339 52 125 704 230 253 321 400 316 571 182 509 485 704 455 411 739 80 637 326 392 596 243 567 675 293 302 429 502 308 299 522 327 249 476 546 678 214 434 271 157 435 337 704 413 343 688 240 75 493 234 450 597 623 689 648 458 631 264 208 619 161 634 204 171 602 405 621 167 81 374 642 192 190 189 499 308 541 163 500 617 498 578 667 724 170 129 422 474 489 414 684 603 520 316 463 150 580 203 744 352 750 769 257 96 159 432 332 380 656 377 59 230 531 730 328 383 503 809 390 186 402 631 283 552 265 198 623 174 289 481 483 802 454 456 506 423 543 325 369 144 412 587 605 339 591 757 517 484 480 87
823 191 73 0 478 149 450 177 493 509 104 84 488 138 54 329 102 138 433 452 555 583 306 773 607 456 508 339 454 237 332 701 288 313 378 491 598 127 594 217 433 568 747 408 476 656 493 293 374 509 344 264 576 137 689 463 436 290 266 332 209 472 75 693 642 789 238 636 382 740 376 641 668 404 341 681 106 418 449 369 262 609 216 210 264 538 320 272 286 556 328 640 231 313 152 265 474 590 659 245 457 267 735 598 476 677 424 523 711 330 534 402 487 664 461 545 646 504 740 661 196 535 698 515 440 337 439 138 247 296 657 560 334 625 378 444 296 154 642 483 717 755 761 516 699 557 636 752 559 408 44 160 762 210 307 333 393 366 551 168 546 547 774 438 382 801 66 600 312 333 640 248 607 738 232 287 501 460 283 319 577 281 307 536 577 749 243 452 206 223 393 329 766 460 318 745 310 70 552 191 522 657 659 758 720 426 702 335 273 684 88 697 245 156 634 348 691 127 17 320 710 217 157 237 541 262 601 116 570 685 539 650 738 793 208 77 494 438 523 460 756 662 587 382 534 79 635 227 809 320 812 834 307 160 87 504 397 445 727 444 131 299 500 790 318 336 555 867 446 238 407 702 296 615 305 220 695 246 227 442 534 855 509 521 527 492 525 354 417 203 484 653 568 284 622 823 586 453 441 51
520 632 407 478 0 463 486 526 725 272 581 531 232 424 436 605 411 612 673 556 402 425 428 396 144 485 798 526 812 400 257 321 468 167 107 143 121 537 256 351 377 368 390 238 413 187 181 207 766 170 723 483 178 603 468 604 442 194 429 314 332 260 450 476 171 429 714 201 700 380 424 410 313 319 395 248 507 424 110 463 532 169 692 641 726 240 580 373 346 119 388 274 594 513 562 377 147 385 218 316 771 292 311 147 35 321 155 481 437 726 193 337 527 402 639 736 348 697 483 287 338 378 223 565 798 650 640 545 527 666 323 235 738 248 265 119 287 370 435 656 243 355 405 184 370 136 444 384 120 88 444 415 391 573 347 454 666 261 750 479 409 332 374 741 660 387 451 880 552 744 421 525 427 456 692 540 98 783 573 411 281 650 324 199 475 324 367 480 650 264 790 536 489 295 596 380 226 441 373 572 52 286 490 287 245 712 225 144 283 392 566 430 328 525 503 749 297 518 483 759 258 450 563 307 512 634 245 526 100 341 522 208 303 419 411 511 75 737 425 438 335 301 287 247 151 557 318 386 487 695 528 522 369 350 565 45 263 252 249 105 350 230 764 394 538 753 445 486 216 294 522 224 522 228 418 392 219 233 662 827 299 519 247 292 510 65 721 381 401 296 50 210 851 682 501 484 245 810 828 472
713 180 137 149 463 0 570 325 641 413 209 116 541 42 113 476 82 203 581 584 643 672 165 687 569 575 656 477 367 107 249 621 419 303 357 431 580 275 512 122 307 645 656 321 577 618 423 256 515 542 488 115 598 181 569 602 548 274 124 225 297 377 77 571 633 697 328 582 271 784 238 527 711 489 208 695 255 528 468 492 120 559 309 348 378 453 466 149 384 511 437 560 135 164 106 374 413 668 669 159 348 186 755 601 450 720 364 384 601 471 570 285 340 555 603 691 704 649 624 583 125 416 685 642 353 486 296 92 391 210 705 479 474 550 448 467 208 253 523 625 705 786 807 552 604 570 514 794 515 414 170 48 803 113 190 458 264 435 698 310 637 440 696 323 531 827 202 749 455 471 718 106 692 628 248 430 456 607 430 435 630 428 199 573 678 682 349 570 339 260 331 469 653 533 466 788 249 201 436 339 496 694 751 750 686 575 677 329 196 580 198 586 335 63 732 487 616 276 166 299 715 70 106 315 399 410 638 265 562 595 395 598 677 704 77 225 456 587 620 323 686 702 495 294 475 178 687 339 705 239 699 725 182 118 192 476 302 353 705 461 156 241 648 823 459 291 424 908 498 309 538 680 149 643 166 334 665 248 361 371 599 911 563 421 642 495 671 459 285 262 453 662 717 427 722 722 506 365 372 196
999 632 433 450 486 570 0 317 276 707 497 533 287 536 462 246 489 551 245 81 189 203 672 881 619 8 372 152 902 603 576 806 169 429 463 604 558 378 731 550 730 233 875 621 99 648 634 479 445 360 404 670 423 565 919 134 44 440 643 619 282 678 498 926 557 913 571 684 829 462 720 860 416 168 679 512 371 63 380 82 689 653 554 429 530 698 225 613 197 604 138 756 679 719 602 198 599 246 510 545 906 546 533 493 512 422 571 844 905 426 362 685 846 864 180 264 351 232 947 771 517 790 609 83 889 298 861 588 247 745 388 703 443 731 222 370 569 317 878 190 620 516 471 353 849 442 881 479 605 406 411 549 488 657 623 118 832 228 280 294 173 766 858 885 270 564 385 432 204 455 279 675 231 927 652 218 575 387 254 135 325 356 606 358 158 805 223 9 452 357 838 171 960 209 246 471 525 381 796 350 534 427 255 636 683 307 647 423 543 862 490 895 247 600 214 446 782 359 439 750 558 617 607 274 871 354 388 378 511 822 875 688 780 904 586 404 554 334 132 782 817 419 752 609 629 499 363 231 968 770 1003 1002 637 486 494 530 632 657 655 383 425 518 327 535 184 777 841 573 280 287 78 636 711 424 666 236 655 412 446 887 262 522 288 727 80 441 253 124 734 333 529 511 410 404 199 968 720 902 886 402
950 328 207 177 526 325 317 0 317 632 186 246 453 307 216 153 262 241 257 297 464 488 473 876 668 324 338 179 603 401 459 801 150 381 444 582 639 65 700 368 586 490 856 530 372 712 594 390 243 498 202 439 571 258 829 298 317 369 435 475 195 596 248 834 668 899 259 713 547 697 540 776 631 334 502 677 72 304 461 236 438 682 240 129 231 649 146 430 220 627 230 741 398 488 316 185 568 511 662 385 620 401 722 613 535 640 522 685 841 201 517 549 656 794 289 370 591 329 874 761 339 678 727 366 591 165 615 306 77 454 613 666 213 721 334 453 431 161 783 310 744 729 713 500 814 565 779 711 630 442 159 327 722 379 459 203 565 327 375 48 452 679 869 604 207 777 128 430 141 218 557 424 516 867 338 117 578 296 107 210 533 130 453 517 465 833 178 321 148 270 531 165 897 400 142 704 422 133 692 49 576 628 557 777 769 252 744 394 404 807 182 827 209 329 523 224 785 52 161 437 715 390 321 222 705 112 575 69 601 795 704 723 817 898 375 106 565 267 419 621 842 628 702 507 621 196 588 156 930 475 943 958 464 300 187 562 526 569 763 458 243 412 325 758 152 469 708 822 417 234 257 739 472 598 471 147 742 321 151 582 477 792 469 647 396 518 350 258 575 235 547 659 399 157 509 940 691 603 580 129
1213 623 517 493 725 641 276 317 0 902 482 558 555 621 531 165 574 530 61 196 460 468 785 1114 866 281 102 203 894 712 742 1037 268 625 676 822 814 372 949 672 884 507 1101 804 375 902 845 656 258 625 237 755 693 554 1110 144 315 625 747 770 432 868 564 1116 822 1142 487 926 854 735 848 1054 692 424 808 786 387 324 628 265 754 894 480 349 420 906 177 737 384 842 338 981 708 804 626 358 812 517 782 683 922 693 808 758 746 697 775 989 1110 267 631 843 968 1065 97 69 625 56 1148 1000 641 966 876 241 883 166 931 617 253 757 664 917 282 958 466 619 722 433 1065 90 889 791 742 620 1068 706 1064 752 843 639 473 641 761 690 760 272 876 467 67 335 444 956 1097 910 114 839 441 158 196 294 544 740 495 1134 613 218 803 142 211 316 600 244 751 628 411 1049 376 284 372 524 814 198 1166 478 176 744 697 444 976 311 776 702 500 908 944 89 910 628 694 1071 483 1098 416 644 453 276 1016 366 477 708 832 705 631 444 1012 257 663 380 769 1044 1012 933 1027 1137 687 420 785 101 403 925 1060 694 961 785 854 500 638 366 1187 774 1211 1219 768 602 489 768 807 843 921 630 540 688 54 809 201 750 1004 841 540 460 212 900 788 698 781 364 916 583 353 864 537 780 559 920 317 692 55 348 878 489 761 782 134 278 438 1191 938 895 861 445
318 590 443 509 272 413 707 632 902 0 603 521 495 392 455 754 411 611 843 763 662 687 288 275 260 708 955 701 679 311 178 214 635 281 246 132 321 615 109 299 157 634 243 103 654 298 93 247 869 441 832 365 446 592 213 804 667 278 314 189 470 38 447 219 383 285 733 227 562 643 239 154 580 550 235 492 584 646 370 662 418 222 713 713 772 57 734 268 527 207 583 158 509 368 516 546 126 652 461 266 617 242 553 396 238 588 137 228 210 825 464 143 296 164 829 929 620 886 247 179 314 108 409 790 667 787 454 504 664 566 593 85 833 157 491 377 214 479 172 850 427 606 668 455 192 403 177 644 210 318 494 372 650 496 226 641 511 483 941 592 666 61 289 586 814 628 517 1044 710 834 691 418 693 236 659 690 182 924 713 599 552 760 214 470 730 288 527 703 713 379 686 705 266 546 743 642 210 509 101 669 255 552 757 475 360 866 372 285 236 176 589 197 488 470 765 845 216 602 521 694 484 362 515 459 257 741 515 602 339 182 269 244 292 292 337 572 202 887 676 206 289 568 83 128 146 572 590 536 301 591 312 327 240 350 585 242 113 64 403 363 394 220 930 644 702 669 177 737 470 444 722 384 388 495 279 539 351 320 732 709 565 782 513 21 748 337 911 587 191 415 224 452 1013 778 762 314 108 675 711 529
913 144 176 104 581 209 497 186 482 603 0 96 577 216 152 325 193 55 426 482 625 652 373 871 710 504 476 365 419 312 428 800 329 416 481 592 701 122 692 306 514 644 843 503 540 759 593 395 313 604 291 316 673 74 774 483 491 393 333 420 294 566 157 777 744 886 135 739 373 829 446 729 759 481 416 778 127 475 547 415 296 712 114 148 171 635 325 352 360 658 391 739 231 358 152 332 575 666 757 337 441 362 831 698 579 767 525 592 801 271 628 487 544 754 470 542 731 504 827 761 290 620 800 551 407 317 464 148 263 276 745 658 271 724 462 542 390 239 727 490 819 849 848 610 795 656 719 842 662 509 139 238 852 216 390 380 399 451 545 204 615 637 874 429 369 895 142 565 325 266 714 284 678 828 155 302 604 420 284 377 664 245 395 630 638 850 314 501 134 323 346 351 855 541 316 835 409 152 638 173 625 749 725 859 823 403 805 437 369 776 16 786 326 182 695 284 791 139 99 253 809 278 156 324 607 228 693 120 672 781 602 753 840 890 282 97 597 409 587 532 857 753 683 477 636 32 722 294 901 294 901 924 387 257 19 607 490 540 829 543 234 399 477 883 337 283 632 956 536 328 441 804 337 709 374 286 798 349 157 396 617 939 596 614 576 593 522 418 493 300 587 752 534 231 683 917 685 419 394 119
826 111 133 84 531 116 533 246 558 521 96 0 564 130 99 396 122 91 500 531 637 665 279 792 651 539 561 417 370 221 349 724 369 365 426 523 651 186 615 223 422 649 763 424 560 700 520 333 407 579 383 220 643 75 684 540 519 338 239 334 289 484 82 686 699 805 214 673 303 815 352 640 742 486 323 746 175 501 514 451 204 648 195 240 263 557 391 262 369 596 411 662 153 264 72 348 506 671 722 257 377 283 802 659 524 751 455 498 714 364 606 399 449 667 534 614 724 574 738 685 213 530 753 596 357 396 376 61 320 214 732 581 365 650 456 510 309 235 637 555 773 826 836 587 712 621 629 826 600 468 126 150 836 134 302 416 320 445 619 246 629 551 798 360 445 871 149 652 385 361 721 191 689 741 163 360 541 508 352 403 653 330 309 608 660 779 326 535 228 289 310 406 767 540 386 820 338 154 549 248 570 729 742 815 766 484 752 389 291 691 86 699 326 89 717 378 717 195 95 242 772 184 76 315 512 312 673 179 626 701 507 688 771 810 191 141 537 493 606 438 785 735 602 397 567 66 711 310 816 238 812 838 296 187 80 551 408 459 779 508 185 329 559 862 394 255 539 941 521 315 488 753 243 684 281 303 743 300 251 358 613 933 585 530 610 552 594 437 401 276 530 717 621 322 705 833 608 370 357 131
750 674 432 488 232 541 287 453 555 495 577 564 0 499 467 473 466 623 513 366 170 193 573 616 345 284 643 377 907 521 422 544 338 270 263 371 277 490 488 463 571 139 616 436 197 368 407 333 664 75 620 604 138 624 698 418 244 296 559 479 283 477 496 706 271 651 694 415 808 253 594 639 182 134 557 236 467 232 127 295 642 385 673 581 681 469 448 510 234 344 241 502 674 646 617 269 372 158 229 439 885 426 272 207 265 191 364 683 669 632 77 526 713 634 460 550 164 516 714 514 436 596 323 356 893 525 787 600 420 749 169 466 647 476 119 119 436 338 663 474 335 277 273 67 600 156 671 265 344 181 445 501 276 651 500 302 790 128 565 408 178 556 587 858 518 325 435 713 419 656 200 632 198 687 720 416 329 644 456 266 90 553 478 74 244 530 276 280 598 282 865 393 720 78 467 258 375 427 594 500 271 176 262 353 398 566 361 249 418 624 564 662 253 594 271 655 518 468 485 805 279 558 620 254 713 542 123 483 230 570 721 415 503 639 518 486 307 593 199 631 543 177 518 436 383 563 148 299 715 777 759 751 520 426 565 274 457 462 369 133 389 373 602 308 400 815 659 379 44 251 344 349 647 150 563 307 370 301 603 908 71 371 23 516 291 173 538 220 587 289 281 228 688 595 270 709 477 905 909 459
698 212 107 138 424 42 536 307 621 392 216 130 499 0 91 457 49 220 560 554 603 632 169 663 533 541 642 449 409 100 221 596 390 263 318 400 542 263 487 94 299 605 634 295 540 583 393 218 511 500 481 138 557 202 559 574 513 233 129 206 259 355 64 561 594 676 343 550 311 742 239 513 669 450 204 654 239 492 427 460 155 526 323 345 386 428 445 137 347 477 402 534 177 188 139 339 382 628 628 129 388 156 714 561 412 678 332 386 586 467 528 272 351 539 578 669 662 626 612 557 89 405 646 609 394 470 327 123 369 252 663 453 470 523 407 425 181 219 512 600 666 744 765 510 583 529 504 752 481 374 148 23 762 155 175 426 302 395 676 286 598 423 670 363 512 786 180 735 431 469 677 142 653 613 278 407 422 596 410 401 588 418 180 531 640 653 314 536 339 219 372 443 640 493 445 746 215 177 423 327 459 652 711 711 651 558 640 288 165 562 203 571 298 102 694 484 589 261 154 336 675 85 140 277 404 399 597 252 523 572 401 565 647 682 70 213 420 572 582 323 658 660 473 268 444 184 645 305 688 280 685 710 172 77 198 439 279 330 668 420 116 207 631 782 434 331 420 866 456 270 508 643 177 602 167 301 629 206 361 413 558 869 522 401 607 455 648 423 281 222 416 622 703 422 684 704 480 407 413 179
769 208 35 54 436 113 462 216 531 455 152 99 467 91 0 367 49 177 471 473 549 578 258 720 561 467 552 365 452 187 278 649 308 270 333 440 556 175 542 164 381 557 694 354 477 610 441 244 426 481 394 225 545 168 636 490 443 244 219 278 199 418 37 639 603 736 287 587 369 717 327 587 645 396 290 648 150 423 416 383 232 561 265 263 317 485 356 220 284 508 333 587 221 275 152 268 423 580 624 191 446 213 704 561 431 654 373 473 657 382 507 349 441 610 491 580 628 538 686 609 143 482 658 532 438 380 409 135 280 292 635 507 387 573 363 412 242 149 589 514 677 728 739 489 646 523 583 729 512 371 59 112 739 198 254 348 371 351 587 198 542 493 722 424 422 772 91 645 343 386 630 218 601 684 260 319 453 507 321 328 556 330 253 510 578 698 245 463 260 191 400 357 712 447 356 722 258 89 499 237 478 631 656 719 675 468 659 293 220 630 137 643 238 139 634 400 639 171 68 340 675 174 156 223 492 310 575 163 530 632 490 602 689 740 159 125 448 482 522 410 705 637 534 328 484 124 614 232 755 319 759 780 255 106 134 459 343 392 685 410 87 248 541 764 347 348 503 843 424 221 427 659 261 586 256 227 651 204 280 446 518 837 488 467 536 455 560 356 366 179 438 619 613 336 623 769 534 451 446 89
1069 469 354 329 605 476 246 153 165 754 325 396 473 457 367 0 410 377 105 192 428 446 621 981 748 253 201 100 743 549 588 904 140 484 541 686 706 211 810 511 725 466 965 654 332 788 704 508 200 534 159 591 606 399 959 172 267 479 584 612 287 719 400 964 724 1007 356 802 695 692 686 903 636 340 646 708 224 265 519 188 591 771 344 210 301 763 26 575 261 716 234 846 548 640 466 229 674 483 699 523 765 536 742 663 620 643 633 828 963 181 547 685 805 918 147 219 580 179 1000 866 480 811 781 264 732 54 767 456 92 600 611 777 198 825 365 510 565 278 913 167 796 737 703 533 928 611 911 707 719 517 309 477 718 529 600 173 715 362 223 173 413 806 968 751 60 786 277 291 55 209 521 577 474 988 467 66 673 179 47 208 538 116 592 545 404 925 239 253 234 377 667 83 1020 404 12 699 546 280 823 153 656 640 500 822 838 112 807 491 538 927 325 951 280 481 458 201 886 203 313 565 751 541 471 305 850 120 592 218 663 905 850 811 906 1003 523 257 656 135 374 764 935 636 818 634 721 341 585 224 1046 619 1066 1076 607 441 331 645 654 693 822 519 380 536 179 761 74 603 846 810 447 320 169 800 624 622 618 219 810 435 221 717 476 764 483 771 317 582 199 254 717 341 635 698 260 164 443 1053 800 743 715 281
723 222 59 102 411 82 489 262 574 411 193 122 466 49 49 410 0 209 513 506 562 591 212 678 529 494 599 401 443 140 235 608 342 246 306 403 531 222 500 116 333 566 650 311 495 579 402 211 474 472 442 186 532 196 588 526 466 218 174 231 215 374 41 591 580 693 326 552 351 712 279 540 639 408 243 633 197 446 402 412 201 527 305 310 362 442 398 172 302 475 355 546 209 236 155 292 386 589 608 145 429 169 691 542 403 648 335 425 611 430 500 301 395 564 530 621 628 579 639 568 97 434 634 562 429 426 375 138 322 284 632 465 435 533 369 400 197 172 541 553 654 718 735 481 602 507 535 723 479 353 103 67 733 186 206 378 346 356 629 240 556 447 682 405 467 761 134 691 384 434 639 187 612 638 282 359 420 554 364 354 555 377 206 502 596 660 267 489 307 184 400 395 666 454 399 717 218 131 451 285 450 624 669 697 645 514 632 270 176 584 179 596 253 129 651 448 599 218 116 352 657 133 158 234 445 358 568 211 508 588 443 567 652 697 113 174 416 528 539 362 666 631 490 284 447 163 612 258 710 312 712 734 207 66 175 430 298 347 658 396 77 209 586 755 386 353 455 837 423 228 460 633 225 576 209 254 622 183 328 443 521 836 488 422 561 436 601 377 318 182 408 602 659 384 640 724 492 442 443 136
915 93 206 138 612 203 551 241 530 611 55 91 623 220 177 377 209 0 476 537 677 704 363 883 736 558 518 419 367 309 439 814 383 446 509 612 732 176 705 313 510 694 853 514 593 785 609 419 346 646 329 298 713 28 772 537 545 421 324 424 341 575 169 773 778 895 125 761 327 875 436 729 804 531 410 818 181 529 586 470 270 735 108 188 182 647 378 351 410 683 444 753 193 336 122 384 594 717 796 348 393 374 872 734 607 813 544 580 803 306 671 488 525 757 522 592 779 554 827 775 303 619 833 606 355 365 429 124 317 228 791 671 303 740 510 581 399 285 725 543 853 892 895 653 803 694 716 887 687 545 179 240 898 181 392 434 358 499 595 258 667 641 889 382 418 938 189 606 379 297 766 259 730 830 102 356 628 460 337 430 711 290 399 673 691 868 365 555 169 360 292 405 856 590 368 880 427 197 638 225 654 793 778 894 851 450 835 469 382 781 63 788 375 161 749 316 807 194 138 199 847 268 125 370 592 275 737 175 705 792 586 775 860 901 280 150 623 454 640 522 874 798 692 487 656 61 769 346 906 245 901 927 385 274 60 635 499 549 860 581 263 417 523 927 392 229 625 1002 581 372 496 835 313 751 366 338 827 379 192 342 665 987 643 620 630 628 572 471 487 340 614 791 576 270 736 923 698 367 340 166
1155 569 456 433 673 581 245 257 61 843 426 500 513 560 471 105 513 476 0 168 433 444 724 1058 815 251 131 147 842 651 682 982 211 567 620 766 765 314 892 611 823 477 1045 745 342 852 788 597 233 581 204 695 650 499 1051 124 279 566 687 709 373 809 504 1056 776 1086 442 873 798 706 787 994 658 380 747 746 328 285 579 219 695 841 432 300 378 848 116 676 329 788 287 926 651 744 569 302 756 490 741 622 867 633 772 713 692 665 717 928 1051 233 589 782 907 1006 78 116 595 81 1089 944 580 906 831 227 831 115 872 560 193 701 631 860 249 903 418 569 661 373 1005 87 845 759 715 577 1011 661 1004 723 790 586 412 580 732 632 699 221 819 418 120 275 417 897 1043 854 61 807 380 207 135 262 521 681 472 1076 562 157 748 144 151 263 564 196 690 586 391 996 318 253 323 464 763 140 1108 438 116 715 638 383 917 255 724 667 485 866 896 67 863 571 634 1013 427 1039 358 585 439 246 962 307 417 659 791 644 574 386 951 207 625 322 721 987 951 880 975 1081 626 361 730 92 376 864 1007 660 904 726 799 444 606 307 1130 720 1153 1161 707 541 433 715 747 784 875 580 479 628 92 779 142 699 944 817 494 402 172 854 728 658 720 304 868 524 306 813 501 761 519 861 297 642 97 299 817 429 708 740 179 235 424 1135 882 842 811 385
1062 623 448 452 556 584 81 297 196 763 482 531 366 554 473 192 506 537 168 0 266 277 702 950 692 86 292 118 897 630 621 874 165 483 524 668 634 361 795 580 773 312 942 673 180 723 695 527 383 438 345 691 503 554 975 53 123 490 669 660 314 733 509 982 635 981 539 756 833 541 755 917 497 241 713 593 360 136 452 103 704 724 524 393 489 758 177 645 239 674 181 822 682 741 602 228 661 323 591 581 908 585 614 571 580 502 630 886 966 370 442 729 880 923 99 185 430 152 1007 839 547 841 688 73 885 239 879 589 221 744 468 766 387 798 291 442 610 338 932 109 700 596 548 432 914 520 934 557 675 473 418 570 567 661 659 131 842 295 200 286 250 821 929 890 202 644 388 351 164 399 353 690 304 988 634 184 641 312 213 167 406 308 645 438 224 877 252 89 417 399 827 133 1021 288 195 549 572 386 848 321 605 508 319 716 760 233 725 480 583 924 477 955 284 606 273 388 851 344 438 733 639 638 607 314 911 309 469 363 587 887 914 760 853 974 610 395 621 259 209 822 889 499 813 659 695 489 443 253 1033 767 1065 1067 672 513 482 600 681 710 734 455 450 564 247 614 147 765 888 650 356 328 47 714 730 505 696 255 733 456 407 877 343 594 368 782 131 515 173 179 774 369 597 591 329 355 259 1034 784 897 876 402
919 745 516 555 402 643 189 464 460 662 625 637 170 603 549 428 562 677 433 266 0 30 706 783 510 183 558 329 1001 645 571 712 319 415 422 540 438 517 658 587 725 50 784 596 97 528 576 476 628 240 586 724 282 685 867 317 161 437 685 625 351 641 583 875 419 819 721 581 912 276 737 808 237 154 698 349 502 166 295 243 755 552 702 588 691 638 405 643 269 513 236 672 768 770 700 294 540 58 355 571 990 562 358 358 434 242 527 839 839 605 228 679 860 803 364 437 166 412 884 683 557 759 464 228 987 481 914 684 407 841 207 636 622 645 200 287 578 403 831 371 471 334 283 228 770 313 838 292 513 344 512 610 302 745 640 268 903 212 453 429 17 723 752 965 457 381 493 612 380 633 95 743 53 857 778 387 499 575 427 254 160 531 620 223 77 693 313 181 609 390 947 347 890 121 426 284 521 486 760 505 441 253 109 477 549 495 509 398 557 793 615 832 312 686 104 626 685 495 547 872 397 674 704 328 869 525 228 514 392 739 875 581 665 806 637 529 477 522 58 783 706 242 687 592 553 619 183 332 883 868 929 920 659 537 618 444 614 624 511 301 487 517 512 350 359 891 820 385 193 334 265 496 767 266 697 340 523 427 608 994 109 337 157 682 151 343 429 208 737 382 451 358 592 578 101 878 647 1000 994 514
940 773 544 583 425 672 203 488 468 687 652 665 193 632 578 446 591 704 444 277 30 0 735 801 529 196 568 347 1029 674 599 732 342 443 449 564 455 543 680 616 752 60 804 623 118 545 600 505 645 260 604 753 296 712 891 326 180 465 714 653 379 667 612 899 433 838 746 600 941 270 766 832 239 183 726 357 528 187 319 263 784 571 727 611 714 662 423 672 297 534 262 693 797 799 729 321 565 56 365 600 1019 591 361 373 457 242 553 867 861 624 246 707 889 826 374 442 164 418 907 704 586 785 475 232 1016 498 943 712 429 869 208 659 641 667 229 311 606 431 855 379 481 332 274 247 791 330 863 286 534 370 539 639 295 774 669 290 932 241 457 454 37 748 770 994 472 377 520 618 399 652 77 772 29 879 805 408 522 587 447 279 171 551 648 240 67 710 341 195 633 419 975 366 912 149 444 278 549 514 785 529 462 258 80 485 562 508 523 426 585 816 642 855 341 715 78 645 705 521 575 899 404 703 733 357 896 546 238 539 410 761 903 599 681 825 666 556 500 535 73 811 723 245 711 619 575 646 185 359 904 896 950 940 688 566 645 466 641 650 523 325 516 546 521 344 378 919 847 374 219 363 280 508 797 276 726 367 537 456 630 1022 128 320 178 707 154 364 435 234 765 411 474 369 599 599 78 897 669 1028 1022 541
563 319 268 306 428 165 672 473 785 288 373 279 573 169 258 621 212 363 724 702 706 735 0 559 498 677 810 605 399 74 173 501 542 305 333 349 531 431 395 124 153 697 523 220 659 546 327 242 677 552 648 79 593 339 413 728 643 277 41 119 392 257 231 414 591 563 487 492 282 792 74 376 720 559 54 675 407 621 471 603 131 476 470 510 541 338 608 64 477 438 536 444 225 87 250 477 331 720 645 136 347 148 738 575 405 729 290 220 452 633 581 146 184 408 736 830 731 787 470 466 157 264 634 751 386 637 216 242 532 279 722 366 636 440 507 474 143 365 368 759 654 779 817 564 469 556 357 800 442 411 315 147 808 215 82 571 241 495 838 450 704 298 576 316 678 814 346 903 593 634 767 132 751 479 388 568 387 764 575 540 656 586 105 585 755 573 452 672 502 322 399 601 501 588 610 795 207 342 285 495 446 698 814 702 614 725 614 328 156 437 362 437 427 205 804 650 502 429 322 410 685 96 247 400 236 567 647 420 526 466 233 509 574 573 99 381 395 740 696 160 575 710 369 197 388 342 708 449 559 304 546 576 60 189 356 426 194 239 644 464 252 206 798 818 593 383 262 908 533 389 656 621 103 642 11 447 597 279 525 424 640 928 595 290 737 478 810 552 125 341 401 638 871 589 796 580 392 396 426 346
163 864 704 773 396 687 881 876 1114 275 871 792 616 663 720 981 678 883 1058 950 783 801 559 0 273 880 1180 912 938 585 444 77 849 499 441 296 349 869 179 570 414 742 42 369 806 264 283 489 1118 543 1078 637 510 864 239 997 837 508 587 463 695 310 716 247 386 41 1003 202 822 661 502 223 621 714 506 497 838 819 503 855 689 232 983 971 1037 237 958 542 730 277 778 136 782 634 790 757 309 754 472 536 870 510 541 436 371 625 355 433 167 1075 556 414 518 184 1030 1129 684 1089 198 116 581 314 370 959 927 1020 697 778 895 837 645 214 1085 157 660 513 484 717 252 1048 378 601 683 555 96 473 271 656 276 478 753 644 657 770 500 842 767 656 1142 833 792 264 47 839 1039 601 772 1265 931 1087 779 690 798 158 933 915 311 1157 944 799 637 1005 488 562 858 109 743 875 973 609 953 920 175 686 971 657 465 763 291 918 348 591 855 412 279 1091 316 490 503 145 856 176 703 745 877 1097 100 854 784 967 465 636 789 677 452 987 578 857 392 94 466 203 139 24 611 830 330 1115 814 444 96 608 192 396 260 841 652 758 120 860 188 156 514 615 853 351 385 334 335 499 650 475 1149 631 919 941 361 715 607 661 915 333 656 545 551 762 293 556 991 972 674 785 626 270 903 445 1113 774 448 645 354 465 1235 1029 879 102 188 935 975 787
418 745 535 607 144 569 619 668 866 260 710 651 345 533 561 748 529 736 815 692 510 529 498 273 0 617 941 669 895 489 332 206 611 296 231 150 79 676 188 449 404 469 278 281 538 50 179 319 908 271 866 565 239 724 406 741 575 318 509 380 475 268 569 415 132 311 844 73 780 409 473 354 359 452 454 247 645 558 240 603 617 49 822 779 861 207 724 453 489 61 529 179 692 584 672 520 168 481 218 412 844 385 304 168 134 364 210 487 358 868 283 375 552 334 778 874 416 836 404 183 445 364 149 694 882 793 695 656 670 761 380 186 880 154 402 250 370 510 385 795 167 361 434 283 275 200 399 407 56 232 576 521 411 674 419 595 737 400 889 621 520 306 243 813 803 376 586 1021 696 885 507 613 525 369 809 683 114 927 716 552 365 793 397 289 586 187 511 612 787 402 885 679 400 417 739 407 320 576 351 714 93 329 583 216 118 855 117 278 375 312 695 355 472 631 604 891 178 657 613 867 230 542 673 450 516 777 309 664 120 243 529 71 162 297 506 646 114 880 543 460 199 346 230 302 116 684 384 529 380 788 433 416 439 465 693 107 308 274 148 238 477 328 906 397 681 855 433 488 340 436 660 126 599 278 488 535 100 363 801 916 401 543 354 275 634 178 859 520 435 435 124 209 994 824 606 370 179 892 918 605
999 638 439 456 485 575 8 324 281 708 504 539 284 541 467 253 494 558 251 86 183 196 677 880 617 0 377 159 909 607 578 805 176 431 464 605 556 385 731 554 733 227 874 623 94 646 634 481 452 358 411 675 420 572 920 138 43 443 647 622 286 680 504 927 554 913 578 683 835 457 723 861 411 167 682 508 378 63 379 89 694 652 561 436 537 698 233 617 201 603 142 756 685 724 608 203 599 239 507 549 911 549 528 490 512 417 572 847 906 433 359 688 850 865 185 268 345 236 948 771 521 792 606 82 895 305 866 593 254 751 383 704 450 731 222 369 572 323 879 194 617 511 465 351 850 439 882 473 604 406 417 554 483 662 626 125 838 229 283 301 167 767 857 891 276 559 391 436 211 462 272 680 224 927 658 225 575 393 262 141 320 364 610 355 151 803 228 6 459 361 844 178 960 206 253 465 528 387 797 357 533 422 247 632 681 313 644 424 546 863 496 896 251 605 206 453 781 365 445 756 554 622 613 278 874 361 384 385 509 822 878 687 778 904 591 410 554 340 126 785 815 414 752 611 629 505 357 237 968 776 1003 1002 641 490 500 529 634 658 652 382 430 521 332 529 191 783 844 567 278 290 85 633 716 420 670 241 653 415 453 893 258 515 284 728 73 440 257 127 737 337 528 508 415 412 192 967 720 908 892 408
1270 611 544 508 798 656 372 338 102 955 476 561 643 642 552 201 599 518 131 292 558 568 810 1180 941 377 0 273 873 738 788 1103 332 684 740 885 894 382 1010 705 921 604 1164 855 470 979 905 709 199 711 195 771 780 544 1159 243 408 680 771 809 487 920 582 1164 905 1206 453 998 845 833 877 1104 787 510 839 876 404 415 707 349 764 966 450 331 380 964 223 767 453 912 415 1046 706 819 626 424 874 615 871 720 909 734 902 843 816 793 833 1022 1164 223 719 883 992 1118 195 155 722 156 1200 1065 675 1010 961 342 863 174 937 620 292 746 760 978 233 1024 547 697 763 478 1113 191 975 887 840 707 1128 791 1110 849 914 711 496 664 859 690 795 349 874 546 144 368 542 1006 1166 899 142 935 465 93 249 244 644 750 595 1189 590 266 870 65 243 391 694 232 788 716 511 1121 437 380 351 578 789 263 1221 568 212 841 746 470 1023 318 850 796 601 996 1025 90 992 690 736 1128 480 1152 478 650 554 224 1084 382 491 680 921 724 631 504 1042 250 755 392 849 1105 1041 1005 1100 1202 711 432 853 71 501 958 1132 789 1019 834 920 499 734 423 1247 760 1266 1277 801 636 486 840 854 894 1005 707 576 737 48 906 261 726 1043 941 624 519 302 983 801 789 807 419 996 636 329 837 630 881 649 972 417 770 149 429 912 541 831 871 61 250 540 1253 1000 874 835 464
1010 506 343 339 526 477 152 179 203 701 365 417 377 449 365 100 401 419 147 118 329 347 605 912 669 159 273 0 781 532 545 835 67 423 474 620 621 243 747 487 691 366 899 605 232 706 643 456 300 442 258 587 513 436 910 126 168 424 571 577 233 668 401 916 634 940 424 726 719 592 663 853 537 244 622 613 244 165 434 88 596 694 409 280 379 704 77 552 182 641 142 779 568 637 488 156 610 383 605 492 793 501 644 572 545 544 573 800 908 277 452 649 787 864 133 231 480 187 947 798 454 768 691 188 768 154 773 475 103 629 512 715 294 757 275 424 528 242 866 155 705 638 603 439 866 520 866 608 643 439 308 467 618 548 571 77 731 274 241 171 314 756 896 776 141 687 277 354 53 305 422 582 376 932 517 68 601 267 103 118 439 205 559 450 309 850 174 158 303 324 710 19 965 306 97 600 499 277 778 204 578 541 405 728 752 190 720 426 500 869 360 897 214 494 365 298 815 227 325 615 656 534 493 242 824 202 495 246 577 841 826 734 828 935 510 279 584 217 275 736 860 537 759 587 653 372 486 167 985 651 1010 1017 581 418 365 568 609 643 733 434 354 490 238 661 33 647 810 710 355 258 81 711 624 526 600 166 724 383 296 760 377 665 386 719 228 497 212 159 688 290 561 604 326 253 351 989 736 780 758 289
906 276 486 454 812 367 902 603 894 679 419 370 907 409 452 743 443 367 842 897 1001 1029 399 938 895 909 873 781 0 413 565 889 737 663 709 747 922 539 788 463 527 1008 900 618 928 944 726 609 683 907 679 332 960 346 748 901 889 633 387 517 651 652 418 745 980 935 423 891 118 1150 440 730 1076 848 447 1054 537 870 831 821 281 875 424 546 499 732 744 444 735 835 780 836 234 314 303 717 729 1031 1026 497 82 521 1115 956 793 1085 686 522 805 651 935 537 436 768 888 957 1070 920 809 857 481 626 1027 964 15 729 254 318 680 161 1071 761 643 835 811 831 529 600 711 909 1047 1149 1173 917 844 929 695 1159 840 775 494 409 1169 257 477 785 172 799 959 613 994 676 962 107 782 1189 519 955 744 634 1081 288 1052 830 284 720 784 811 703 772 996 651 499 938 1029 966 694 905 524 626 88 768 844 896 734 1154 588 523 649 591 837 1059 1108 1095 1012 811 1010 689 530 803 422 790 689 316 1085 655 894 554 464 198 1069 363 298 674 514 637 1004 535 912 847 501 908 970 950 403 503 789 812 973 496 967 1067 756 595 787 409 1053 679 914 134 881 922 457 483 417 817 592 636 1040 824 520 583 883 1187 755 148 592 1273 864 670 855 1016 297 1007 409 672 995 612 545 54 964 1277 929 677 980 853 938 806 492 624 792 1018 927 624 1074 939 786 5 58 501
607 280 195 237 400 107 603 401 712 311 312 221 521 100 187 549 140 309 651 630 645 674 74 585 489 607 738 532 413 0 158 521 469 258 298 344 511 361 413 59 202 640 552 224 593 538 330 199 610 507 580 85 554 287 464 655 575 229 41 123 322 276 163 466 568 594 433 493 301 750 140 421 677 495 105 643 336 553 428 532 132 473 415 444 482 354 535 44 408 429 466 462 205 126 206 407 326 662 615 86 373 108 705 545 381 686 279 287 495 566 536 180 257 449 663 757 682 714 518 484 89 310 616 681 399 565 269 195 459 272 676 381 570 454 446 429 119 293 417 686 636 742 774 519 500 521 408 758 433 369 243 77 767 190 85 500 272 433 765 377 642 334 597 344 606 780 274 831 520 568 711 126 692 522 349 495 375 693 503 470 606 516 99 540 691 586 382 602 438 257 397 528 547 529 538 753 175 269 330 424 426 657 754 683 606 653 601 283 118 474 300 480 358 160 742 583 519 357 252 387 658 54 205 332 305 497 604 350 499 492 304 510 583 602 30 312 379 668 632 224 590 667 393 197 387 280 660 377 599 300 593 619 76 118 294 405 203 253 630 421 180 171 725 781 520 369 321 869 479 321 584 606 128 603 70 375 587 221 459 429 585 883 543 317 669 443 737 484 182 273 381 607 799 521 733 617 408 410 431 275
494 429 266 332 257 249 576 459 742 178 428 349 422 221 278 588 235 439 682 621 571 599 173 444 332 578 788 545 565 158 0 375 478 157 167 187 359 438 267 128 156 555 416 76 541 381 175 98 693 391 656 234 425 422 372 657 540 138 179 59 313 141 272 376 419 459 559 336 451 627 174 318 556 436 140 504 408 518 310 519 286 316 539 536 595 208 569 122 383 272 443 314 363 258 354 396 168 576 474 92 518 66 567 403 232 564 122 271 384 649 419 110 291 337 676 775 574 732 416 336 138 224 463 658 552 617 384 340 497 430 560 233 656 303 379 313 42 311 325 698 483 609 652 404 368 387 323 633 276 249 317 203 641 346 91 493 413 368 786 422 572 221 450 488 648 643 341 879 547 657 621 282 612 410 496 526 219 753 545 454 499 586 68 424 630 434 374 573 536 224 554 546 440 451 577 628 52 333 236 494 274 532 676 531 449 699 446 175 59 353 413 370 338 310 673 669 369 427 344 543 513 212 354 309 300 567 483 426 353 354 306 353 429 463 178 395 225 719 571 213 438 544 256 50 229 397 548 379 478 457 486 504 113 173 409 254 68 114 475 302 218 58 766 648 542 526 267 740 386 294 578 451 270 475 162 380 431 166 555 585 492 764 444 191 629 308 756 452 166 256 229 466 847 602 668 492 260 562 587 352
214 800 631 701 321 621 806 801 1037 214 800 724 544 596 649 904 608 814 982 874 712 732 501 77 206 805 1103 835 889 521 375 0 772 422 364 220 284 794 110 502 363 673 73 301 732 206 209 415 1043 473 1003 578 444 797 239 921 762 432 527 399 619 247 646 248 327 108 933 134 772 606 450 205 561 639 449 441 763 744 429 779 631 161 913 897 965 169 881 479 653 203 702 62 722 580 725 681 234 685 414 467 825 441 491 372 295 566 281 400 174 1000 487 356 482 170 954 1053 621 1012 216 40 512 273 320 885 877 944 655 712 819 780 583 143 1010 80 584 438 416 641 237 972 331 550 629 485 84 405 255 602 202 402 680 577 605 709 438 766 719 580 1066 757 721 217 76 793 962 556 698 1188 855 1013 713 631 730 177 868 839 235 1080 867 723 570 930 424 493 787 88 666 800 900 533 899 843 204 613 894 602 392 689 252 843 275 531 788 370 235 1015 268 414 433 135 786 177 626 680 808 1022 30 779 712 907 414 574 725 600 423 912 514 782 325 57 437 139 108 100 547 756 254 1038 741 401 83 548 134 328 183 770 589 681 174 804 231 211 453 544 782 277 320 269 291 425 577 402 1072 582 843 883 330 669 534 585 839 284 601 482 493 686 244 480 917 921 604 735 556 213 829 372 1036 697 398 569 278 407 1159 954 809 166 116 886 923 714
945 465 284 288 468 419 169 150 268 635 329 369 338 390 308 140 342 383 211 165 319 342 542 849 611 176 332 67 737 469 478 772 0 357 410 556 567 210 682 422 625 350 835 538 225 650 578 390 327 396 283 527 469 397 844 186 168 357 508 511 166 602 344 849 584 877 407 666 669 567 598 787 507 207 558 572 203 156 380 87 539 635 389 270 373 638 115 488 123 581 98 716 518 577 439 92 546 369 561 427 745 434 609 523 485 515 508 734 842 296 410 582 723 798 199 298 458 254 881 734 390 701 642 228 724 190 715 426 89 582 485 650 312 693 227 371 461 178 799 221 657 607 581 395 801 472 799 583 583 380 253 406 593 497 506 54 677 223 308 126 306 689 835 726 193 656 224 416 86 322 413 525 370 867 483 79 539 318 119 73 408 218 493 408 316 790 108 173 291 257 670 71 899 273 132 575 432 222 711 187 519 508 409 683 698 245 668 361 434 804 322 831 148 441 374 319 753 190 275 581 614 474 444 176 759 210 459 210 524 777 761 674 769 872 448 236 522 270 272 670 800 506 694 520 590 331 459 100 920 606 944 952 516 354 326 509 542 577 683 380 290 423 300 634 71 609 744 689 310 192 120 660 566 487 536 99 670 316 289 720 348 653 350 653 248 442 278 122 622 223 500 560 387 264 360 925 672 737 719 238
