240
0 483 684 683 677 759 516 828 354 335 753 582 826 740 758 122 920 944 1201 555 553 497 935 656 751 787 643 404 127 766 368 385 691 648 407 538 427 855 697 918 613 475 959 331 611 956 655 1140 1121 536 1103 871 714 76 1111 357 782 323 694 1105 65 757 125 1173 499 915 826 515 992 1021 666 696 501 230 752 743 349 211 606 153 736 940 916 862 752 833 663 413 159 62 450 843 662 609 1029 202 932 1075 549 734 161 919 1038 734 404 766 884 887 740 703 688 499 82 229 349 838 397 588 848 971 570 877 667 846 841 1056 858 682 746 382 141 646 243 345 766 516 184 669 108 953 567 458 892 200 536 381 1003 94 131 569 950 1034 887 892 842 1106 957 739 568 464 645 1056 893 945 750 328 1023 175 741 406 800 418 160 1256 582 588 606 672 568 997 758 632 459 923 756 631 662 542 447 650 813 396 562 883 382 606 912 697 628 484 489 337 521 758 475 804 773 403 761 185 591 376 529 610 352 946 417 962 626 666 885 750 890 702 1113 883 539 871 332 655 487 655 620 1173 556 119 735 863 222 445
483 0 472 215 287 305 350 453 216 645 274 661 349 369 765 362 471 507 903 111 242 212 811 380 503 332 780 474 360 467 645 298 545 562 615 727 85 901 215 436 192 471 683 607 734 733 209 819 839 109 899 479 384 424 870 368 418 161 546 833 545 709 480 854 99 490 935 520 868 796 377 676 54 494 326 794 338 513 205 340 338 818 435 485 728 439 197 84 395 509 101 1006 448 768 672 284 524 878 581 655 417 878 693 899 595 335 656 918 261 220 215 316 447 403 136 832 90 106 370 793 539 684 627 436 359 788 784 625 384 264 343 360 305 379 312 106 341 519 487 514 453 54 803 561 62 358 616 398 449 104 493 717 743 642 722 896 806 643 359 683 415 744 495 549 442 156 754 322 543 180 348 122 535 973 260 277 151 616 391 783 873 188 690 642 325 638 735 435 265 375 520 163 665 741 599 369 433 626 747 10 739 587 536 934 25 333 792 247 284 304 570 329 322 153 197 530 686 808 479 237 822 786 675 554 878 487 725 948 223 247 165 750 247 884 92 402 262 536 309 656
684 472 0 593 264 396 171 264 370 587 493 368 507 231 365 609 459 441 518 565 232 267 340 105 74 413 486 337 580 131 554 304 97 163 478 506 418 499 493 652 331 258 276 541 446 282 366 464 438 374 443 314 167 674 434 331 229 514 95 422 721 283 590 495 374 400 574 260 397 348 117 282 421 514 334 420 336 547 303 552 277 347 661 284 315 298 412 439 707 665 566 675 26 499 384 581 378 418 293 221 529 429 381 594 457 344 205 505 575 510 443 196 707 463 512 408 459 470 528 325 220 217 237 332 587 372 330 220 217 317 595 125 450 346 400 576 663 83 608 455 138 428 341 606 441 305 397 652 567 539 501 360 272 209 256 442 334 201 128 515 58 380 335 366 137 504 339 530 72 346 408 387 611 573 218 199 579 215 116 328 531 364 529 243 342 287 400 157 259 107 153 607 393 270 484 105 680 209 450 463 573 512 271 630 450 472 394 305 489 598 235 308 171 577 386 401 564 337 86 332 369 402 217 102 438 328 503 561 389 298 312 430 257 490 418 684 455 222 654 496
683 215 593 0 341 263 517 470 426 859 162 849 229 412 929 561 393 443 923 130 378 377 927 489 599 274 972 676 566 541 857 499 681 717 823 929 296 1067 117 251 263 659 737 820 926 812 232 829 874 244 974 473 456 617 927 573 453 363 681 875 747 861 693 863 268 444 1115 705 980 868 479 839 230 708 320 967 544 727 291 548 363 934 245 494 886 440 187 298 572 716 237 1195 572 964 669 481 492 958 765 802 630 1020 698 1091 803 321 740 1080 76 103 165 486 636 617 337 987 304 137 239 887 713 782 789 420 188 837 921 782 431 466 543 468 520 586 266 172 521 658 698 445 615 261 933 775 189 559 593 593 661 115 397 741 857 716 848 967 911 786 506 890 539 768 481 528 515 360 804 532 658 382 292 329 748 998 382 399 80 774 544 862 1056 230 898 698 315 811 917 603 450 486 587 302 857 856 809 501 235 779 937 219 948 800 722 1128 233 235 957 445 175 498 743 531 481 74 409 489 897 912 626 270 961 956 764 689 938 475 928 1120 436 301 335 936 336 911 195 588 183 576 484 863
677 287 264 341 0 139 258 168 324 709 229 586 250 82 623 569 259 271 618 346 134 184 588 161 259 162 712 469 553 201 690 329 359 411 630 701 279 759 233 394 97 418 406 663 667 473 110 532 556 180 637 201 115 639 596 398 131 402 358 553 730 545 624 567 205 240 826 448 640 531 147 536 235 588 91 672 382 617 83 525 60 595 402 201 575 161 155 301 639 681 387 920 248 715 387 510 257 619 501 483 554 692 406 827 608 105 400 767 314 250 182 242 669 506 387 671 323 239 273 547 435 441 487 170 326 510 592 474 99 313 551 143 441 416 144 371 586 340 638 282 330 266 600 676 234 373 338 613 593 315 297 432 519 377 513 631 571 464 219 685 218 459 220 275 175 393 476 502 323 272 163 270 665 689 109 115 345 468 255 523 775 117 697 366 97 524 638 328 256 160 249 448 603 518 626 194 419 467 675 279 747 636 464 864 273 215 652 287 225 531 460 355 219 342 325 270 716 572 318 72 631 657 423 365 606 211 699 819 346 43 191 663 58 600 203 632 192 252 563 661
759 305 396 263 139 0 393 212 419 831 112 725 112 174 759 643 167 204 661 318 256 295 705 296 378 30 850 599 632 308 815 445 492 549 760 837 334 894 147 257 149 553 483 786 806 567 104 567 613 224 724 211 234 710 671 519 204 453 491 616 817 679 724 601 261 192 964 585 753 618 281 673 267 701 67 810 499 728 164 607 123 712 266 233 710 179 110 352 694 772 393 1058 382 853 408 574 235 710 640 617 654 819 436 966 738 63 502 900 211 160 106 374 737 614 433 803 372 216 134 650 574 551 624 158 193 579 719 611 192 423 624 280 537 537 8 355 640 475 735 210 468 309 723 785 244 496 335 684 692 285 193 480 636 472 637 716 681 596 357 818 354 507 219 268 285 446 548 585 448 364 43 341 770 736 239 249 297 605 394 616 914 128 829 446 60 663 777 466 375 296 345 463 741 635 754 333 284 602 813 300 880 760 602 1003 302 77 788 397 103 594 599 475 354 292 413 235 845 681 455 100 758 794 528 497 683 213 835 955 439 126 283 802 178 650 215 696 81 322 611 793
516 350 171 517 258 393 0 351 205 464 462 339 501 279 417 438 509 510 686 456 145 142 479 153 236 418 464 215 410 257 439 134 208 212 375 444 280 553 440 640 273 160 444 417 418 451 322 626 607 275 609 402 229 504 604 171 306 357 210 592 555 360 429 658 259 472 599 195 538 517 167 327 306 364 348 451 169 396 246 382 303 486 646 382 379 372 362 298 537 500 432 682 148 463 525 412 469 583 253 307 364 530 530 582 352 361 375 570 520 456 397 35 536 301 358 482 315 382 525 484 197 380 278 397 565 542 439 275 276 148 425 151 279 188 399 456 494 182 446 523 103 299 461 456 338 143 517 481 403 437 550 520 416 379 386 609 485 298 56 428 130 542 425 470 246 347 509 360 235 192 421 244 456 742 156 145 483 266 56 496 541 309 440 408 355 295 401 86 97 148 301 461 352 413 372 97 659 277 428 342 490 389 212 619 326 467 444 139 462 429 226 141 40 482 223 489 462 488 138 301 476 441 385 219 608 416 442 604 222 269 189 422 217 658 324 514 426 357 488 404
828 453 264 470 168 212 351 0 475 814 323 630 301 90 617 726 202 179 459 501 276 332 516 202 214 211 750 563 706 138 788 457 354 426 719 764 445 745 354 436 261 495 272 767 709 362 256 369 405 346 514 52 123 796 460 516 47 567 351 406 878 530 762 404 372 137 831 510 559 409 187 541 402 711 151 678 507 742 251 678 116 522 448 35 565 40 292 467 801 826 552 935 263 761 220 672 119 502 552 469 693 646 241 856 696 150 303 745 422 369 306 351 826 638 553 647 490 393 315 450 479 359 498 76 389 368 548 479 82 450 708 201 587 534 211 531 749 345 778 192 383 433 545 803 397 489 176 770 733 469 244 274 450 269 462 506 485 446 298 764 249 301 75 120 127 558 337 655 289 426 198 433 797 532 246 241 492 476 322 409 791 272 777 236 156 550 663 392 387 207 152 615 654 450 719 259 472 465 713 445 824 739 524 893 439 270 646 427 313 692 497 478 321 487 479 141 806 485 345 221 586 658 330 355 471 66 761 810 497 206 351 693 218 444 366 792 291 112 728 742
354 216 370 426 324 419 205 475 0 437 439 459 502 386 585 254 574 593 871 325 200 143 681 316 426 448 573 263 232 425 432 95 412 402 400 513 131 715 393 618 271 274 632 396 527 651 318 802 796 209 811 517 364 323 802 155 429 158 414 783 407 545 306 836 172 563 736 325 740 717 322 500 198 291 403 603 124 315 258 204 383 688 620 509 556 479 337 136 341 358 264 799 345 557 680 213 578 786 384 499 236 718 692 690 380 417 574 737 458 404 369 175 355 201 165 659 142 296 526 688 357 583 455 493 538 735 633 459 393 64 237 302 119 165 426 308 295 385 318 603 294 165 658 371 240 149 650 298 274 319 607 695 620 573 587 811 689 493 243 468 320 720 539 591 406 148 700 181 437 55 458 98 352 933 229 236 366 449 259 698 671 295 475 593 407 451 537 271 111 310 476 273 459 617 385 274 624 465 541 210 525 375 340 725 194 475 610 66 444 231 387 121 199 368 22 592 472 692 340 321 668 599 586 423 807 529 512 756 23 306 137 549 267 846 246 324 412 518 285 441
335 645 587 859 709 831 464 814 437 0 870 320 927 741 499 388 966 972 1077 748 578 537 725 613 660 859 336 253 359 706 47 387 547 477 124 222 563 564 827 1051 688 329 846 48 315 807 739 1040 993 642 922 865 692 395 955 312 769 522 551 971 312 530 223 1068 607 934 512 336 775 864 628 466 634 155 798 463 333 147 668 358 761 729 1054 844 512 835 766 562 479 275 662 514 574 297 970 448 932 893 333 532 252 663 968 408 140 812 749 600 894 839 800 470 413 243 544 574 559 732 951 790 391 720 458 859 972 924 629 480 739 412 395 614 343 295 838 721 482 534 234 984 449 598 668 135 675 336 974 396 241 748 1005 941 696 772 644 930 761 547 517 147 574 958 888 931 701 519 897 360 617 486 866 533 175 1116 600 596 794 473 495 835 447 719 138 820 804 402 384 432 457 608 739 636 290 692 109 556 1059 500 332 641 156 76 331 429 626 897 505 437 874 444 396 357 497 796 452 952 86 767 505 732 646 477 745 555 952 879 224 566 424 707 557 366 657 1045 681 436 840 805 510 140
753 274 493 162 229 112 462 323 439 870 0 799 78 281 850 633 233 282 768 248 317 340 811 389 483 116 925 654 629 415 859 486 588 638 812 901 329 987 63 183 191 619 594 826 880 678 140 672 722 230 835 318 337 697 782 563 314 434 587 726 815 774 737 706 267 283 1050 656 861 729 376 762 254 729 177 897 538 753 217 606 229 818 187 342 803 289 105 341 668 775 342 1140 477 924 511 557 332 821 714 712 668 920 541 1043 790 174 611 995 101 66 70 437 720 639 409 899 357 169 97 760 652 659 713 265 105 690 820 701 300 459 614 371 551 579 112 291 614 568 746 284 548 297 827 808 218 543 433 671 704 218 241 588 742 582 740 827 789 693 435 874 446 615 323 368 391 428 659 586 550 385 132 348 787 843 308 322 214 695 473 727 997 156 884 557 170 746 858 542 422 389 455 414 813 741 802 417 198 695 889 272 935 803 673 1080 279 74 879 434 13 577 679 518 422 209 428 328 893 790 544 165 860 883 637 594 794 319 899 1046 456 200 313 881 250 757 199 676 38 433 580 848
582 661 368 849 586 725 339 630 459 320 799 0 835 583 183 574 818 806 790 772 484 473 409 441 431 747 126 206 538 499 274 366 291 212 198 148 579 277 778 976 611 191 578 288 81 517 660 769 706 606 613 681 521 614 655 310 592 606 295 682 585 215 457 792 583 765 278 145 457 567 458 152 626 353 672 163 340 376 584 521 621 413 983 652 193 662 700 590 684 534 722 347 368 132 732 596 746 583 86 230 434 347 722 244 189 685 473 307 858 793 735 366 642 375 619 261 599 713 858 483 153 431 160 694 903 638 311 184 573 401 571 452 442 306 730 762 663 291 476 820 258 607 350 413 663 310 760 603 453 759 861 680 389 504 335 622 449 250 368 188 385 692 703 733 504 599 616 509 367 482 748 541 441 819 492 479 806 181 331 537 213 647 203 560 680 96 84 260 400 439 513 728 32 384 219 395 996 205 90 654 232 267 128 281 637 800 194 414 799 603 134 339 378 806 481 769 256 455 286 637 327 169 462 295 650 695 145 304 462 604 514 90 552 757 654 645 763 583 675 184
826 349 507 229 250 112 501 301 502 927 78 835 0 281 870 706 169 221 725 325 360 392 809 407 486 96 961 702 700 413 914 541 603 660 863 944 400 1006 140 145 240 660 570 883 916 662 189 628 687 295 813 284 343 771 753 617 304 508 602 693 887 790 804 661 333 231 1075 694 855 709 393 784 325 791 174 921 594 816 262 677 231 816 155 314 821 263 166 414 744 846 420 1170 494 962 467 632 284 802 750 728 735 927 498 1077 840 166 601 1011 157 142 138 479 795 702 485 914 430 246 25 749 685 653 736 232 89 660 828 722 298 516 687 392 618 634 108 368 690 586 814 221 579 368 830 872 292 595 383 745 772 295 169 552 740 568 744 804 782 707 467 922 466 578 284 322 391 502 631 657 557 448 105 415 853 801 346 357 289 716 504 709 1025 209 933 536 167 774 888 576 473 408 445 491 851 740 855 444 175 714 924 347 984 858 711 1114 353 36 899 491 67 652 710 572 461 283 493 275 946 782 567 201 866 905 628 608 766 282 942 1066 520 232 371 913 285 718 270 751 92 412 657 897
740 369 231 412 82 174 279 90 386 741 281 583 281 0 595 637 236 232 536 426 187 243 532 142 205 186 706 493 618 135 718 374 327 391 652 709 356 729 298 425 179 431 328 694 664 401 184 451 475 261 563 132 65 707 518 437 49 478 325 473 791 512 678 486 284 194 805 453 580 457 126 512 317 631 108 650 425 662 164 590 52 538 435 125 545 96 226 379 712 739 469 904 222 714 307 582 196 547 501 450 608 647 325 818 630 116 332 733 374 315 248 273 737 555 464 635 401 318 300 480 430 379 466 119 365 431 547 450 20 365 619 134 500 455 176 452 660 312 693 245 328 346 550 722 316 410 265 681 648 395 278 350 462 305 464 556 509 429 229 702 199 377 154 206 111 469 397 566 277 337 179 344 715 607 159 155 423 445 259 451 759 195 714 288 115 511 626 332 302 145 176 530 604 462 651 194 455 439 669 361 763 667 468 855 354 246 624 340 274 602 452 397 245 419 390 213 739 509 301 146 586 633 357 331 529 145 706 791 409 124 261 653 129 518 285 702 245 171 638 679
758 765 365 929 623 759 417 617 585 499 850 183 870 595 0 739 818 794 666 872 551 559 252 463 404 776 208 364 704 480 454 491 269 214 379 301 690 138 841 1015 672 317 487 470 199 402 715 664 586 690 461 664 531 785 518 453 589 741 271 560 765 90 635 682 676 753 215 266 290 438 478 90 722 531 698 71 480 556 644 683 641 253 1024 630 53 655 760 705 850 713 840 324 377 243 664 751 722 433 215 149 606 165 646 269 371 708 383 154 923 858 793 450 815 543 750 80 718 796 891 343 229 327 140 690 948 523 147 149 581 523 734 480 595 454 762 870 823 285 654 808 316 713 185 595 754 445 711 772 628 854 860 592 255 422 206 472 300 172 423 360 405 597 682 700 495 732 507 669 329 595 772 652 622 683 550 534 899 156 386 408 187 708 374 482 705 137 121 331 502 463 475 858 210 251 401 434 1041 157 187 757 391 449 253 300 741 835 30 529 847 761 199 470 450 898 607 746 430 306 307 686 151 47 364 265 510 676 298 197 594 651 605 149 603 632 739 813 812 542 832 361
122 362 609 561 569 643 438 726 254 388 633 574 706 637 739 0 806 832 1120 434 451 395 888 567 671 671 656 375 36 676 411 305 631 599 427 561 309 850 576 796 500 433 879 369 617 888 539 1054 1043 420 1041 767 617 70 1042 301 681 202 634 1029 186 723 168 1087 383 806 837 480 947 954 574 667 382 247 641 735 283 243 495 59 629 894 794 760 724 728 544 293 111 159 330 870 585 627 933 82 825 1015 525 691 146 892 945 758 418 654 812 879 618 582 569 416 102 199 227 818 277 467 728 913 531 813 631 738 720 979 821 643 644 294 20 554 161 293 650 396 96 606 163 841 505 339 853 262 416 319 902 45 148 448 835 947 834 816 794 1043 905 692 486 492 564 971 788 841 658 207 946 79 671 300 685 304 224 1179 481 489 485 632 493 931 768 516 491 841 643 605 656 480 357 560 726 280 560 831 403 521 791 655 634 363 530 365 490 786 354 686 758 311 642 67 555 306 444 489 247 838 460 910 562 553 852 738 822 642 1045 778 561 874 231 544 379 655 513 1094 437 78 616 771 124 469
920 471 459 393 259 167 509 202 574 966 233 818 169 236 818 806 0 54 568 474 392 440 712 378 415 140 941 723 794 338 946 587 552 621 884 944 499 947 290 264 307 665 443 920 899 545 269 470 538 388 682 162 298 874 614 656 230 619 549 547 977 731 878 501 424 79 1030 689 751 582 362 739 433 846 172 877 640 875 316 768 207 718 278 197 766 164 275 518 861 931 557 1133 453 949 311 739 132 675 736 670 808 846 344 1051 861 158 496 946 324 298 264 498 902 763 599 849 538 378 168 638 665 555 695 128 246 521 749 677 246 570 787 369 692 674 160 514 806 541 891 52 563 475 745 934 410 631 223 848 847 442 43 404 647 458 662 671 677 647 462 936 433 429 151 170 324 611 495 746 490 519 124 503 921 644 368 371 445 673 494 588 988 292 948 414 167 743 858 568 514 381 352 628 839 648 881 429 306 664 903 466 997 893 704 1087 468 159 846 544 220 759 686 613 473 439 571 116 971 676 534 255 786 858 523 554 628 153 942 1011 595 269 437 886 314 564 382 861 223 300 777 913
944 507 441 443 271 204 510 179 593 972 282 806 221 232 794 832 54 0 515 518 403 455 675 370 391 180 927 724 818 315 949 598 532 604 884 937 528 920 336 317 333 662 399 925 886 503 300 417 486 418 635 131 289 901 564 665 215 650 529 497 999 707 895 447 452 42 1008 682 712 537 354 719 466 856 192 856 650 886 338 791 214 681 331 165 742 145 313 548 891 951 596 1113 439 938 258 767 85 629 727 646 824 814 292 1034 861 179 459 918 376 346 306 502 929 777 631 821 569 418 222 597 654 519 676 114 300 472 718 657 238 583 813 364 711 683 197 556 837 523 908 14 555 506 712 946 446 639 170 875 864 486 81 354 612 420 631 624 639 623 460 933 423 378 114 121 305 642 448 769 466 539 163 529 936 591 377 379 492 654 490 544 969 323 945 372 189 728 841 562 525 374 323 666 829 613 882 424 359 643 890 501 994 897 696 1071 502 209 823 558 269 788 673 623 475 486 592 65 971 637 521 281 754 836 486 532 579 119 934 986 615 289 457 871 328 511 416 890 268 264 810 910
1201 903 518 923 618 661 686 459 871 1077 768 790 725 536 666 1120 568 515 0 959 688 741 425 556 450 652 867 840 1093 449 1037 818 532 600 957 936 880 733 807 831 714 759 242 1033 845 273 714 99 84 795 240 451 524 1187 157 848 488 996 528 108 1238 589 1107 71 814 495 849 742 415 228 551 642 850 1027 607 735 853 1059 698 1065 574 426 844 431 623 484 750 903 1212 1182 1004 962 539 897 259 1083 442 259 747 560 1046 576 228 932 938 603 328 710 868 821 762 705 1220 980 986 639 925 851 731 325 686 360 631 504 810 153 525 607 520 826 1105 572 963 863 659 987 1164 548 1125 521 645 875 493 1116 851 822 346 1164 1084 927 591 187 412 311 463 224 373 541 635 972 557 159 445 403 471 986 182 1042 467 835 636 860 1125 77 661 648 950 612 633 258 845 729 987 279 611 694 772 668 764 562 397 1062 821 416 969 599 873 586 839 895 1021 1005 746 960 887 703 683 810 756 1101 683 825 677 945 883 453 1034 367 585 678 539 711 332 523 170 450 933 797 893 659 775 804 658 34 820 1194 741 368 1149 961
555 111 565 130 346 318 456 501 325 748 248 772 325 426 872 434 474 518 959 0 335 315 904 467 586 339 891 585 440 541 750 409 643 666 723 837 196 1008 187 377 251 581 752 711 845 813 246 870 901 191 978 517 455 488 942 478 473 238 644 898 619 813 571 905 198 510 1045 630 960 873 461 783 150 595 358 903 448 611 273 423 386 911 372 531 834 480 214 190 443 590 108 1117 541 879 716 353 551 959 691 757 511 980 740 1010 704 365 737 1025 196 183 213 422 507 505 212 937 190 109 341 879 648 770 733 469 307 856 884 730 444 375 416 446 406 489 323 44 392 618 574 522 558 165 901 656 124 468 649 465 540 34 487 774 835 718 818 973 896 744 459 792 508 801 530 582 515 237 822 409 634 291 357 233 627 1032 348 366 51 721 493 863 983 232 798 711 356 746 845 541 374 463 592 175 776 834 707 464 364 730 858 118 848 693 647 1045 135 320 899 358 261 370 678 440 426 56 305 553 792 898 580 282 923 894 758 652 951 523 836 1057 331 303 268 861 320 943 149 459 252 597 355 765
553 242 232 378 134 256 145 276 200 578 317 484 360 187 551 451 392 403 688 335 0 57 571 142 264 283 609 344 431 240 560 196 309 339 504 585 196 689 296 497 128 302 456 532 563 496 177 613 617 145 662 319 169 521 638 266 230 308 310 609 604 485 493 647 143 370 741 340 628 560 141 461 190 455 222 591 249 484 101 403 190 578 502 310 509 282 217 218 532 553 337 826 208 607 484 401 381 640 398 426 423 647 497 727 482 236 418 702 377 312 252 120 552 374 299 610 240 247 384 552 340 443 411 297 421 561 551 404 194 181 434 122 313 284 263 345 481 285 508 415 238 199 567 543 212 242 451 496 463 311 429 507 503 407 484 659 565 412 129 563 175 533 341 393 218 298 526 380 302 153 289 172 533 754 30 41 353 396 166 545 685 164 574 416 227 436 545 228 123 136 293 384 496 501 498 129 514 402 573 232 624 506 357 764 220 327 579 155 318 421 368 222 107 352 205 397 589 567 249 160 590 579 436 318 645 331 583 743 222 131 88 567 80 666 191 519 282 326 463 538
497 212 267 377 184 295 142 332 143 537 340 473 392 243 559 395 440 455 741 315 57 0 601 189 309 323 597 314 375 293 523 151 334 352 472 563 152 695 309 523 153 285 506 492 551 540 204 668 669 134 705 375 225 465 686 226 287 256 335 659 549 499 441 702 118 423 739 328 659 605 191 469 165 407 269 592 204 436 131 347 243 608 527 367 519 337 236 173 476 498 301 818 242 591 540 345 436 682 388 443 370 666 553 716 450 283 462 711 387 324 272 110 496 324 250 622 194 241 416 591 338 482 419 351 445 611 572 415 250 131 378 171 258 243 302 318 425 308 454 466 244 163 592 494 196 204 508 439 410 296 476 561 535 454 511 703 600 432 148 534 210 587 396 449 271 246 576 323 338 96 331 123 482 806 86 95 341 406 180 589 680 186 544 466 274 436 540 228 82 183 345 341 482 532 464 162 536 416 561 203 595 467 345 753 188 361 586 104 343 365 367 181 111 340 148 451 555 602 268 196 611 582 478 344 692 387 561 746 166 173 48 559 127 718 183 463 308 381 409 508
935 811 340 927 588 705 479 516 681 725 811 409 809 532 252 888 712 675 425 904 571 601 0 440 330 714 459 533 855 397 681 596 271 289 601 546 751 309 821 949 666 460 297 688 446 190 696 441 351 714 210 550 476 945 272 588 506 835 270 324 955 195 820 452 713 637 424 422 60 203 449 259 760 722 638 318 607 751 639 830 583 8 960 515 220 556 742 771 996 899 902 538 364 494 483 880 593 181 399 202 775 158 456 510 588 645 217 289 901 838 770 512 977 707 837 215 790 808 826 104 365 158 273 591 895 295 105 255 513 620 879 461 730 597 706 915 959 298 839 687 389 764 69 799 781 571 551 927 805 879 751 391 70 256 95 221 53 197 455 597 397 388 563 562 421 826 290 811 271 670 704 718 819 435 557 539 918 264 428 175 423 697 612 310 646 324 369 414 576 444 365 938 441 72 619 443 983 238 436 802 635 664 418 537 788 775 264 616 805 894 346 587 496 915 700 616 665 59 342 660 115 294 190 261 262 560 543 374 697 627 648 399 593 392 757 966 775 413 958 593
656 380 105 489 161 296 153 202 316 613 389 441 407 142 463 567 378 370 556 467 142 189 440 0 123 315 565 362 542 110 587 274 199 254 517 568 336 600 388 552 227 294 319 566 522 355 261 487 482 277 521 253 82 635 498 322 158 444 198 471 700 385 577 521 282 330 669 313 495 419 17 377 327 517 236 515 318 549 200 514 182 448 561 231 415 227 307 359 656 646 478 766 88 572 375 527 320 499 359 323 511 534 382 678 495 248 277 607 470 405 338 160 667 451 437 511 380 369 429 414 289 305 329 256 485 423 435 316 133 275 551 22 415 340 300 481 608 180 594 383 186 340 445 609 344 295 364 611 550 440 420 380 371 267 359 518 430 304 98 564 59 404 276 318 95 434 389 490 170 280 312 310 607 619 121 104 478 310 121 404 621 259 577 279 244 371 486 192 211 7 160 525 462 370 518 58 579 307 528 371 625 538 327 714 359 372 492 256 385 546 310 289 129 475 327 341 605 432 161 227 474 498 296 205 504 267 565 660 338 193 228 513 153 532 319 639 352 208 595 542
751 503 74 599 259 378 236 214 426 660 483 431 486 205 404 671 415 391 450 586 264 309 330 123 0 390 545 410 644 78 627 368 144 221 551 572 458 532 492 629 341 331 208 614 507 233 367 393 372 399 398 261 147 738 378 401 189 563 140 358 790 317 661 424 405 350 617 331 382 297 126 329 450 587 313 465 404 619 316 616 256 337 639 228 352 252 413 480 766 734 600 723 91 561 311 638 321 376 360 256 598 442 308 647 529 320 154 533 572 509 441 256 771 533 558 435 502 486 505 293 288 185 288 288 570 309 342 268 188 378 657 143 514 417 381 602 720 141 679 405 212 463 345 678 464 375 330 715 636 559 457 288 260 148 259 395 313 233 186 585 108 308 280 304 96 553 275 593 76 396 383 431 683 508 243 226 595 266 184 282 579 370 599 172 320 344 455 230 317 128 83 647 458 259 556 153 660 253 509 494 643 585 341 683 482 451 432 363 477 656 299 376 228 592 440 345 636 314 157 331 381 445 173 143 384 274 570 597 447 299 350 486 269 423 438 746 446 153 709 567
787 332 413 274 162 30 418 211 448 859 116 747 96 186 776 671 140 180 652 339 283 323 714 315 390 0 873 626 661 318 843 473 509 568 787 861 363 911 161 240 178 578 483 814 828 571 133 557 608 252 725 203 248 739 669 547 210 481 507 612 846 695 753 591 289 173 983 609 761 620 300 691 295 729 79 829 527 756 193 636 136 721 250 229 727 176 135 381 722 801 418 1079 400 876 397 602 219 712 663 633 683 832 426 988 764 70 508 916 216 172 126 400 766 643 460 819 400 239 116 656 596 559 643 150 182 577 732 629 203 452 652 300 566 564 23 377 668 492 764 185 490 337 735 814 270 524 320 713 721 306 164 473 645 476 649 716 688 612 380 844 373 500 208 254 295 474 546 614 462 393 19 370 799 728 265 274 314 623 417 619 934 156 855 447 72 684 798 489 402 315 352 488 765 645 781 354 271 620 836 327 906 788 625 1025 329 62 805 426 104 622 620 503 379 309 442 217 872 688 475 128 771 812 534 514 681 203 859 973 468 153 312 824 205 642 242 724 92 323 638 819
643 780 486 972 712 850 464 750 573 336 925 126 961 706 208 656 941 927 867 891 609 597 459 565 545 873 0 312 621 616 291 483 402 325 237 115 697 232 903 1102 736 313 672 319 47 597 785 857 786 729 668 800 643 687 723 420 713 713 406 760 635 278 519 877 705 885 184 270 496 640 581 231 748 417 797 147 450 433 709 607 745 460 1109 769 245 782 825 706 763 589 835 227 489 41 837 689 863 639 212 316 511 355 823 120 241 809 566 268 982 918 861 491 712 461 728 265 714 835 984 547 278 516 260 815 1028 720 354 282 696 517 656 576 540 413 855 879 749 406 536 940 383 726 392 455 785 425 871 679 522 879 983 776 456 601 404 679 506 339 494 189 508 785 821 849 623 707 701 599 476 601 872 659 489 888 618 605 926 282 457 609 115 772 199 659 805 201 97 385 522 563 625 836 116 452 262 519 1122 301 38 773 199 308 253 156 756 926 200 533 925 693 255 453 503 927 594 887 254 512 407 763 356 168 551 404 715 813 112 231 573 730 637 64 678 834 777 722 889 695 766 202
404 474 337 676 469 599 215 563 263 253 654 206 702 493 364 375 723 724 840 585 344 314 533 362 410 626 312 0 340 454 226 178 310 252 162 254 390 479 621 836 465 82 604 206 267 578 516 796 757 438 711 614 441 423 731 109 518 403 314 737 422 354 287 825 409 686 482 112 590 640 377 294 447 191 559 364 140 223 441 320 517 539 840 592 351 585 550 398 486 366 525 538 323 295 719 392 681 682 150 332 246 519 717 428 139 573 513 506 696 635 585 227 453 180 417 443 404 541 727 578 169 493 264 611 758 689 455 280 489 212 370 363 237 102 605 570 461 293 306 737 199 422 489 277 487 118 722 408 273 576 763 695 489 531 442 716 559 339 266 221 321 713 637 679 449 396 659 306 374 296 630 353 291 886 362 354 624 270 242 613 415 499 231 574 566 231 288 180 233 357 488 525 200 485 158 305 850 296 282 468 282 178 118 463 452 670 383 231 656 400 188 146 251 625 284 701 248 564 258 502 483 365 513 320 730 628 252 510 263 474 346 294 422 810 484 450 621 552 472 195
127 360 580 566 553 632 410 706 232 359 629 538 700 618 704 36 794 818 1093 440 431 375 855 542 644 661 621 340 0 652 380 277 599 566 393 527 302 815 573 796 488 399 852 338 583 858 529 1029 1015 410 1011 748 596 95 1012 267 661 204 602 1001 187 689 143 1062 373 791 803 445 914 924 550 632 376 215 627 700 251 213 481 29 612 861 794 741 690 710 537 288 146 150 338 836 557 593 911 95 808 983 490 658 113 858 922 724 384 640 783 844 620 580 563 389 127 164 229 783 273 464 723 881 496 782 597 722 718 951 787 609 625 268 37 530 131 259 639 404 129 575 141 828 474 333 819 238 412 287 882 73 119 451 824 922 802 788 761 1013 873 659 459 459 536 945 770 823 635 207 918 52 641 282 674 292 201 1151 460 468 490 599 464 901 734 505 459 815 630 570 621 448 332 536 701 294 525 798 369 495 792 621 599 361 498 333 455 753 351 678 723 287 637 86 521 275 417 494 228 822 429 877 531 540 818 703 792 610 1015 760 528 840 210 530 362 621 496 1067 431 111 610 747 153 436
766 467 131 541 201 308 257 138 425 706 415 499 413 135 480 676 338 315 449 541 240 293 397 110 78 318 616 454 652 0 676 382 217 291 603 636 434 609 430 555 291 380 217 660 576 273 310 378 378 360 438 186 87 745 403 427 112 548 214 369 809 394 685 411 373 274 694 387 446 333 103 404 414 620 242 541 425 652 269 623 186 404 566 154 429 175 354 457 765 755 567 798 136 629 269 635 248 419 423 333 619 517 273 721 581 248 200 610 508 447 379 268 777 557 539 512 479 436 431 348 350 245 362 210 499 323 418 342 116 385 661 124 524 444 310 561 716 210 702 329 262 433 418 712 423 400 270 721 658 512 380 271 328 178 333 433 375 310 202 643 133 295 206 235 27 538 288 600 153 387 309 412 712 514 215 200 544 340 214 323 654 316 656 176 249 415 528 276 321 117 54 620 523 328 606 162 587 328 579 458 702 631 399 757 448 379 509 366 408 654 365 396 238 541 435 272 690 375 215 272 456 521 224 218 412 199 633 674 447 243 327 558 223 426 394 748 379 100 701 623
368 645 554 857 690 815 439 788 432 47 859 274 914 718 454 411 946 949 1037 750 560 523 681 587 627 843 291 226 380 676 0 374 509 438 82 178 561 519 820 1042 675 297 809 42 269 767 726 1003 954 634 879 839 666 424 914 298 743 530 513 931 350 486 251 1030 600 911 469 300 730 823 602 422 630 168 780 417 322 168 654 375 740 684 1045 817 467 810 755 562 507 310 669 476 543 253 938 465 906 850 292 490 269 617 934 368 100 794 711 554 889 832 790 449 444 249 551 528 561 728 939 747 352 680 416 836 962 885 584 438 714 401 417 588 348 281 822 726 506 498 264 961 417 596 623 170 671 320 945 423 264 748 986 905 653 735 601 887 718 505 491 103 545 921 862 904 672 527 858 375 581 480 849 530 209 1075 581 576 795 431 467 794 403 707 94 783 786 358 338 401 442 582 707 647 245 649 71 530 1051 458 286 640 121 58 293 391 625 883 459 426 863 463 355 343 475 797 449 926 50 724 471 717 600 431 706 517 910 853 180 521 422 691 546 320 640 1005 675 464 829 773 532 94
385 298 304 499 329 445 134 457 95 387 486 366 541 374 491 305 587 598 818 409 196 151 596 274 368 473 483 178 277 382 374 0 330 313 328 431 214 620 449 669 302 179 576 342 437 583 353 756 739 263 738 505 338 371 737 77 411 251 333 725 427 452 306 789 233 563 643 230 656 649 284 406 270 260 416 509 54 289 282 249 384 603 672 491 463 470 382 224 406 373 356 709 281 470 648 285 570 712 290 409 238 625 655 602 307 430 507 642 521 462 417 115 403 181 259 565 233 364 566 611 263 509 362 489 590 675 542 366 376 35 292 265 146 93 452 397 366 305 322 609 208 245 570 349 310 61 630 348 278 399 624 650 538 512 502 740 608 405 184 394 261 672 527 577 368 242 642 227 366 119 481 177 341 875 221 221 446 356 188 627 579 333 402 540 422 357 444 183 74 267 429 368 368 534 317 222 679 374 450 291 453 317 246 637 275 511 515 54 490 300 293 33 145 447 117 587 408 612 260 346 577 504 517 342 740 518 430 662 105 322 174 456 274 791 308 382 455 481 363 367
691 545 97 681 359 492 208 354 412 547 588 291 603 327 269 631 552 532 532 643 309 334 271 199 144 509 402 310 599 217 509 330 0 80 430 436 482 403 585 748 419 228 300 503 365 269 458 494 449 454 413 402 263 692 423 335 323 565 5 428 720 187 586 521 448 490 479 211 330 332 212 188 496 499 430 326 349 531 391 573 374 278 757 370 219 389 503 502 735 664 634 582 112 419 443 614 464 385 227 125 532 339 433 505 410 440 204 409 667 602 535 241 724 464 566 312 520 554 624 283 158 187 145 424 683 380 242 126 313 352 619 218 470 347 496 650 695 27 605 545 126 497 259 586 521 313 470 672 566 620 594 398 209 226 179 415 278 106 187 455 143 413 422 447 229 555 351 552 77 399 504 448 598 577 301 283 662 123 157 307 438 454 470 276 438 202 312 151 305 200 223 667 319 206 440 182 776 113 366 536 510 475 217 541 521 568 297 346 584 630 163 325 226 660 430 487 512 282 72 425 281 307 204 12 423 416 433 464 428 391 381 343 347 501 500 708 550 293 692 440
648 562 163 717 411 549 212 426 402 477 638 212 660 391 214 599 621 604 600 666 339 352 289 254 221 568 325 252 566 291 438 313 80 0 357 357 491 351 628 805 459 174 375 434 287 331 502 569 517 480 459 476 327 657 482 299 392 559 84 495 672 148 537 594 469 563 416 144 348 390 269 125 516 443 489 261 319 474 431 541 434 295 813 445 170 460 547 509 707 616 644 514 170 340 522 593 539 431 150 97 488 318 512 431 339 501 274 363 710 645 580 247 689 420 564 272 524 585 682 326 87 245 76 495 736 448 231 65 378 340 590 269 442 308 553 668 672 82 556 618 111 511 258 527 546 282 549 638 520 646 664 475 239 300 195 465 310 94 211 378 195 488 497 524 300 550 421 523 156 401 565 455 542 640 337 321 690 58 174 363 369 495 393 353 497 125 238 133 305 253 302 670 240 235 369 221 830 65 289 553 433 407 146 467 538 625 242 340 635 606 85 300 241 689 423 562 437 315 95 473 267 246 269 85 480 490 354 409 416 438 399 267 390 569 528 677 600 372 673 364
407 615 478 823 630 760 375 719 400 124 812 198 863 652 379 427 884 884 957 723 504 472 601 517 551 787 237 162 393 603 82 328 430 357 0 135 530 456 776 994 624 225 730 91 207 686 676 924 873 591 799 770 598 452 833 252 675 516 434 851 400 407 283 950 560 845 420 221 651 742 533 343 594 182 720 349 280 197 601 383 677 605 998 746 389 743 708 534 531 353 650 444 468 203 861 470 837 769 211 409 281 544 857 332 23 734 631 490 849 790 743 388 477 241 535 456 535 690 887 666 272 599 335 770 916 804 506 357 647 359 429 521 334 238 766 703 522 419 299 896 342 564 544 221 635 270 872 447 287 718 924 827 572 655 520 806 637 424 424 70 473 842 793 833 601 512 777 378 503 442 791 496 254 994 523 516 765 350 397 713 351 657 75 705 727 278 267 329 390 513 631 637 170 568 26 461 1006 377 224 609 126 73 214 360 593 830 388 382 814 471 274 296 412 767 418 858 88 643 394 663 524 360 625 438 829 784 135 466 393 635 501 254 583 925 635 489 780 699 543 44
538 727 506 929 701 837 444 764 513 222 901 148 944 709 301 561 944 937 936 837 585 563 546 568 572 861 115 254 527 636 178 431 436 357 135 0 642 346 871 1081 711 284 725 209 103 664 761 917 854 690 753 815 649 586 800 360 723 641 440 829 525 354 415 940 662 896 292 256 589 713 584 296 701 316 790 252 390 329 685 516 741 548 1087 787 327 793 798 648 665 481 771 310 502 75 878 602 881 723 213 376 415 459 868 198 145 803 621 382 948 886 833 465 609 373 659 368 653 794 968 626 286 578 308 823 1005 786 443 332 701 465 563 576 461 349 842 820 656 433 431 950 382 674 482 345 740 371 901 581 421 829 986 828 532 652 479 763 589 397 484 76 515 839 837 871 639 636 763 511 512 549 864 606 381 964 599 588 876 329 450 682 226 746 85 707 797 244 180 377 483 564 655 763 118 528 159 516 1097 353 117 721 91 202 241 226 704 910 300 484 902 604 274 399 483 878 533 903 140 595 421 744 452 269 610 441 793 829 4 344 510 713 598 155 660 903 737 623 866 724 676 94
427 85 418 296 279 334 280 445 131 563 329 579 400 356 690 309 499 528 880 196 196 152 751 336 458 363 697 390 302 434 561 214 482 491 530 642 0 824 276 502 196 389 651 524 651 690 231 801 811 111 855 478 357 376 833 283 404 124 483 803 487 638 409 836 77 505 854 439 810 755 337 601 76 414 338 715 253 434 197 278 336 758 502 479 655 439 236 24 364 447 153 923 393 683 662 240 531 833 500 586 343 809 680 815 510 350 612 843 334 285 263 245 403 323 109 758 46 172 423 742 462 633 553 443 423 756 717 553 368 180 290 317 228 294 341 184 310 456 418 537 381 36 739 486 116 273 616 350 377 189 527 696 685 602 660 853 751 576 297 598 362 723 497 552 411 115 721 258 489 97 377 39 462 947 220 235 236 543 326 739 791 208 605 610 340 560 654 361 188 331 488 190 582 683 515 314 504 556 664 80 655 504 455 850 64 377 716 165 337 261 492 244 257 238 113 541 602 754 414 248 755 708 629 492 840 488 641 869 140 246 109 668 228 859 131 362 309 514 285 571
855 901 499 1067 759 894 553 745 715 564 987 277 1006 729 138 850 947 920 733 1008 689 695 309 600 532 911 232 479 815 609 519 620 403 351 456 346 824 0 979 1150 810 443 587 544 251 489 853 748 660 827 506 790 665 890 578 575 720 869 405 632 854 217 730 760 812 879 118 391 323 511 613 228 859 626 832 116 604 647 782 796 776 307 1159 756 185 783 898 838 960 805 973 231 512 273 770 870 845 481 334 279 710 160 748 225 454 842 488 37 1061 996 931 587 918 651 879 102 851 934 1026 412 362 427 278 819 1084 602 218 287 714 653 847 617 714 575 898 1005 938 420 749 934 453 848 243 677 891 571 826 879 728 990 989 688 340 528 302 520 361 301 561 418 542 689 807 821 626 861 593 784 457 728 907 786 708 737 688 671 1036 294 523 482 140 846 429 588 840 265 195 468 636 600 599 988 294 337 480 572 1178 293 234 892 430 528 377 243 876 970 110 661 984 878 332 597 587 1035 737 869 484 367 445 823 195 117 464 398 567 802 343 68 722 788 741 202 741 700 876 922 949 662 950 427
697 215 493 117 233 147 440 354 393 827 63 778 140 298 841 576 290 336 807 187 296 309 821 388 492 161 903 621 573 430 820 449 585 628 776 871 276 979 0 227 170 592 621 785 857 699 128 714 758 187 860 357 346 638 811 525 338 375 584 759 759 769 685 748 221 333 1035 633 873 754 377 752 201 684 203 884 499 707 198 551 249 828 228 378 796 324 82 287 607 721 280 1121 474 899 554 499 379 844 692 708 618 921 582 1022 755 205 629 989 83 18 51 412 662 593 351 895 301 110 159 777 635 673 702 305 147 721 822 693 317 419 557 368 502 540 150 229 553 563 694 339 532 242 831 760 162 507 480 613 653 156 301 625 751 603 745 853 803 690 420 840 442 652 365 414 404 370 688 532 554 342 179 299 737 882 292 308 156 685 458 749 980 134 849 583 198 730 840 523 389 386 474 352 789 750 765 408 232 688 867 214 900 763 650 1058 223 133 870 395 74 518 663 481 402 150 380 377 856 803 535 162 862 871 653 592 822 359 869 1035 408 196 276 862 239 795 148 616 70 461 520 814
918 436 652 251 394 257 640 436 618 1051 183 976 145 425 1015 796 264 317 831 377 497 523 949 552 629 240 1102 836 796 555 1042 669 748 805 994 1081 502 1150 227 0 372 798 699 1008 1057 796 321 733 802 410 941 411 488 857 876 745 444 595 747 811 981 935 911 763 446 341 1220 835 994 838 538 929 427 909 319 1066 720 933 397 775 376 956 15 444 966 396 287 512 818 945 482 1313 639 1102 574 718 395 932 891 872 844 1070 608 1219 972 310 738 1156 181 218 253 617 878 819 570 1059 524 333 125 885 827 793 881 363 80 783 971 867 442 641 778 536 728 761 253 420 765 731 919 311 722 468 973 986 388 725 486 832 879 355 241 668 881 704 887 930 920 852 609 1056 611 692 406 434 534 591 755 757 701 566 247 525 963 907 485 498 329 861 647 841 1169 338 1066 667 311 918 1031 718 604 553 585 551 991 881 985 588 43 858 1065 436 1117 985 851 1256 447 181 1044 616 181 737 853 700 601 323 606 380 1076 920 711 340 1010 1050 765 753 889 406 1079 1211 634 373 496 1056 425 827 374 831 216 546 729 1030
613 192 331 263 97 149 273 261 271 688 191 611 240 179 672 500 307 333 714 251 128 153 666 227 341 178 736 465 488 291 675 302 419 459 624 711 196 810 170 372 0 429 501 644 691 563 52 628 653 88 728 288 205 568 691 377 227 319 419 649 671 602 576 663 120 310 866 467 720 623 218 583 142 554 143 715 355 581 29 461 147 673 377 294 628 249 90 217 560 625 291 953 310 734 480 434 337 710 525 541 506 758 501 855 602 155 488 822 252 186 125 247 597 467 301 728 238 146 264 633 466 525 533 249 295 606 659 524 195 278 481 206 389 394 156 274 506 397 587 342 363 177 671 638 137 356 426 542 544 221 338 528 597 468 586 723 653 525 251 685 277 556 306 360 265 310 571 439 396 216 188 197 622 786 123 139 255 517 289 613 811 37 695 461 145 561 672 355 234 224 341 354 624 595 616 240 388 520 700 184 746 619 484 892 179 209 701 252 192 455 494 333 234 252 266 346 707 654 367 53 699 702 511 427 700 297 709 866 291 56 135 694 74 697 107 557 156 349 480 659
