230
0 761 445 450 317 554 467 626 354 512 655 288 199 537 485 351 712 850 524 529 203 631 201 668 430 285 517 573 728 552 458 589 399 521 202 243 287 747 613 568 701 455 631 334 625 283 638 266 375 552 369 193 551 579 825 279 457 126 395 285 715 753 329 683 411 379 154 403 357 373 285 599 333 90 365 594 827 648 805 264 770 496 93 776 389 470 443 449 524 410 497 73 849 519 729 226 81 699 347 899 325 375 135 318 503 556 514 551 289 567 343 247 409 273 195 500 400 167 480 650 496 352 124 310 271 354 838 202 681 136 63 577 473 130 749 523 793 804 288 204 341 257 540 587 548 808 833 138 761 464 250 176 117 305 956 853 418 693 701 540 809 390 805 338 660 424 310 571 336 580 561 462 371 101 161 618 799 321 716 550 799 253 278 704 883 833 413 326 344 559 661 104 601 588 372 176 393 343 389 453 405 441 659 612 285 492 393 439 138 508 367 102 716 310 490 469 724 530 808 302 284 787 365 279 723 154 566 364 452 403
761 0 436 311 451 423 1018 673 441 254 242 842 933 1193 1184 449 513 811 240 233 562 172 577 317 344 857 989 592 488 1080 1095 299 523 837 922 599 624 488 718 1230 636 310 607 501 532 501 473 698 1072 941 1105 947 949 780 639 992 320 660 945 480 988 823 438 600 689 578 848 1090 421 403 771 659 988 700 1101 443 960 927 64 1018 738 565 837 18 438 295 389 504 295 446 287 798 772 410 46 654 840 146 476 852 570 1043 700 481 258 284 354 528 737 219 522 560 780 542 570 262 594 801 449 940 589 1091 851 496 558 409 713 934 99 757 789 717 360 638 461 673 824 880 892 653 527 947 1144 175 453 742 75 703 93 429 546 603 836 468 950 868 494 205 80 229 203 559 667 440 845 423 616 820 817 1085 1252 960 394 859 644 1002 39 462 621 949 144 537 639 738 822 905 687 753 828 1188 452 835 411 1013 623 906 370 815 480 781 626 936 178 492 720 753 371 772 773 271 744 831 49 598 1069 1161 913 236 125 631 500 105 530 722 383 653 1237 1102 946 757
445 436 0 243 186 529 856 749 120 223 483 657 564 971 928 349 702 960 237 254 264 265 250 546 156 665 871 663 697 936 883 464 88 788 545 432 207 710 769 1004 771 196 710 112 657 334 628 281 816 865 813 634 869 786 846 721 307 320 777 213 983 912 278 738 627 518 472 842 304 148 348 723 759 430 809 575 1030 912 497 701 872 593 490 445 69 200 390 509 142 37 166 449 937 489 392 256 510 461 101 1010 469 808 461 137 255 414 88 604 587 355 110 199 345 388 272 235 547 413 488 921 610 796 490 140 408 202 897 647 404 514 444 747 78 368 694 686 935 973 686 266 439 692 956 288 548 896 506 467 485 20 366 271 554 180 1095 994 59 494 416 230 581 124 851 154 872 37 193 806 387 956 1003 824 185 525 288 936 465 152 771 868 541 197 500 835 984 1003 626 323 399 985 630 480 558 924 551 538 193 384 60 713 575 798 442 622 572 719 255 338 396 323 639 475 388 485 894 910 947 231 535 208 334 511 463 570 629 296 1005 808 810 668
450 311 243 0 152 289 743 525 171 79 255 553 627 900 882 164 460 725 85 83 255 207 274 309 88 566 731 437 454 814 804 223 306 610 619 304 360 467 552 937 535 51 479 242 420 198 386 429 769 703 796 636 710 586 604 685 66 356 665 175 793 689 130 501 448 330 547 789 123 122 502 501 690 390 793 334 815 724 356 708 639 375 529 327 199 57 160 293 167 227 112 490 699 251 283 373 530 264 217 774 300 744 393 204 54 174 218 374 456 134 274 272 546 247 262 58 356 505 259 735 396 782 545 220 266 104 657 625 234 451 481 536 181 327 452 478 708 751 599 365 259 642 861 140 311 660 384 397 316 251 244 299 527 172 863 764 287 278 253 108 384 338 610 153 667 210 361 614 556 825 952 694 95 549 344 771 350 177 533 709 361 244 357 608 748 780 447 497 569 901 387 528 316 771 372 601 72 556 253 542 388 668 232 383 440 533 62 550 475 85 484 524 268 324 790 860 742 95 365 373 197 343 274 440 390 354 942 793 679 506
317 451 186 152 0 384 680 578 66 198 399 482 482 811 779 175 563 796 212 220 115 314 126 442 113 491 689 496 565 759 719 354 206 603 472 248 219 580 593 846 612 141 547 119 503 149 485 283 666 681 679 509 685 605 703 576 189 210 601 35 799 738 102 581 442 336 399 689 136 58 354 551 598 275 675 432 852 728 500 580 709 420 387 466 118 157 240 339 213 152 181 348 778 342 416 223 394 415 103 847 285 650 294 71 199 308 220 442 404 284 153 122 412 203 123 190 365 355 330 736 436 663 400 84 223 50 744 507 382 351 339 568 174 209 570 507 765 799 517 215 257 539 787 276 397 737 525 299 465 203 182 152 410 22 928 825 200 427 400 225 535 229 700 33 691 151 224 623 411 776 853 643 58 413 194 751 488 42 616 684 512 94 315 665 823 829 442 355 423 820 494 385 422 741 367 456 83 412 158 528 393 618 382 473 389 535 115 421 325 230 454 380 404 300 721 760 766 216 515 234 149 492 283 387 518 204 849 675 630 483
554 423 529 289 384 0 638 257 434 342 190 496 752 836 851 225 179 438 336 319 428 433 462 146 374 514 590 172 184 687 739 124 580 422 754 315 598 202 297 873 248 340 198 501 132 288 101 652 749 529 810 696 539 358 320 691 224 518 575 384 566 417 288 213 294 211 694 759 251 390 719 240 653 467 808 48 550 505 424 760 353 149 646 439 476 342 145 120 448 508 394 618 411 42 425 587 629 285 481 487 242 707 436 454 299 151 505 107 387 235 535 492 793 282 430 320 212 675 75 519 172 801 675 467 284 343 368 658 327 478 607 294 470 431 198 253 428 477 554 570 215 639 769 340 31 372 468 436 358 538 308 478 574 404 578 482 566 236 344 358 334 608 322 405 424 494 606 399 779 685 908 571 352 648 526 586 456 424 244 538 360 463 311 332 460 505 291 729 791 819 113 654 48 603 249 729 339 781 528 376 236 549 246 94 373 339 279 804 639 226 363 652 407 266 692 826 494 347 382 615 287 373 195 378 174 533 884 810 557 365
467 1018 856 743 680 638 0 506 740 820 818 199 548 214 273 581 699 653 826 821 594 949 615 783 774 193 100 524 730 85 133 743 836 267 572 442 744 749 459 249 606 776 560 754 609 551 661 732 230 194 330 389 183 374 737 269 708 573 80 648 357 528 621 613 344 443 578 213 620 734 748 492 168 437 334 648 522 321 1038 392 608 495 501 1036 789 789 630 526 883 819 837 518 678 630 1004 686 460 902 756 687 450 175 397 719 791 741 900 557 287 800 774 674 874 497 586 800 432 619 583 313 475 339 534 718 478 689 704 325 921 351 513 427 853 491 768 421 575 550 180 663 493 243 132 872 612 649 1079 391 977 875 507 601 358 680 698 619 847 865 942 850 971 837 696 711 403 825 766 330 794 116 301 74 711 463 609 221 1056 707 632 183 991 665 386 535 686 568 347 791 800 185 694 522 675 171 399 547 723 801 810 272 403 90 859 627 304 326 683 905 598 751 277 524 986 423 56 248 426 837 1009 761 551 996 489 303 790 606 263 338 85 274
626 673 749 525 578 257 506 0 639 588 433 442 811 719 764 404 210 228 584 569 578 688 614 365 602 460 428 89 245 528 631 378 783 242 821 398 767 260 54 754 101 575 71 695 146 441 208 804 683 342 766 707 354 141 234 656 461 641 468 565 325 165 476 112 224 261 780 682 446 601 859 28 585 539 766 231 295 275 666 757 145 158 713 689 687 581 365 240 690 721 635 698 224 284 679 738 684 530 680 278 320 629 492 646 546 407 741 154 361 491 729 660 957 403 576 565 234 780 266 290 144 764 748 657 391 549 220 653 580 507 687 79 701 534 285 107 188 227 498 717 330 604 633 595 227 183 711 488 600 761 434 620 597 593 352 248 775 475 596 608 549 805 198 605 177 712 780 189 920 513 804 432 564 700 662 380 704 619 126 354 589 634 349 88 259 256 222 882 931 688 237 728 263 412 256 794 557 924 734 243 222 418 495 183 356 185 496 975 745 475 292 727 661 324 560 737 241 596 614 786 441 610 301 363 332 666 768 769 422 269
354 441 120 171 66 434 740 639 0 192 426 542 501 864 828 236 612 855 206 219 157 288 154 477 99 550 752 555 611 820 774 390 147 668 487 312 192 626 656 899 669 141 605 72 558 215 535 264 714 746 721 546 750 669 754 622 224 235 661 94 864 801 163 637 508 401 413 739 194 49 337 613 651 324 717 482 916 793 495 616 768 482 414 454 52 153 291 400 173 86 156 373 835 393 402 214 426 427 48 906 350 702 349 41 206 342 164 500 468 302 104 121 376 269 165 192 430 362 385 801 498 704 421 56 288 92 799 551 383 404 366 632 121 259 614 571 826 862 574 213 322 589 844 270 450 794 515 355 468 138 247 179 455 61 988 886 137 447 400 213 548 174 754 35 756 87 191 688 389 838 902 706 83 443 211 816 476 35 671 749 519 103 380 726 881 892 507 328 401 876 542 408 469 805 432 475 102 389 96 594 458 680 398 525 453 601 157 380 336 255 519 403 393 365 780 809 830 207 519 203 215 495 347 451 556 220 900 716 692 549
512 254 223 79 198 342 820 588 192 0 262 630 680 976 955 242 501 779 15 32 311 130 324 329 93 643 809 500 491 892 880 252 301 686 669 381 381 502 619 1012 589 57 537 258 473 274 432 454 842 780 865 701 787 657 646 756 130 407 743 228 866 752 204 553 525 406 595 863 201 150 527 566 765 458 862 383 881 798 305 772 694 443 585 268 200 42 228 363 108 219 59 545 750 307 219 405 590 242 232 827 378 819 465 231 43 204 172 435 534 134 284 308 554 325 319 24 431 549 323 809 465 851 598 246 344 158 704 693 193 523 537 605 148 393 483 549 767 813 675 402 337 715 938 80 367 712 328 469 277 225 319 350 595 215 919 822 276 272 209 31 363 336 657 187 737 197 377 688 578 903 1026 772 141 609 390 848 290 210 584 786 330 285 435 669 800 842 523 516 590 978 428 583 360 848 449 653 119 576 250 618 463 747 220 434 517 607 138 552 521 117 562 578 207 402 867 934 811 19 328 390 273 304 350 518 413 400 1017 862 758 583
655 242 483 255 399 190 818 433 426 262 0 660 847 1009 1015 305 277 575 250 231 484 301 512 81 336 678 776 354 256 872 911 76 556 611 843 442 614 261 479 1046 395 292 366 497 290 372 231 681 908 718 957 822 728 545 413 839 212 585 751 415 752 582 334 359 477 377 776 921 301 377 753 420 816 577 955 203 719 693 236 891 499 338 743 257 450 285 216 292 364 474 321 709 538 189 254 622 735 98 472 618 388 870 560 458 229 99 431 293 551 129 528 521 801 393 490 249 387 742 235 706 361 946 766 474 403 350 482 795 154 611 698 480 410 525 237 441 584 639 717 612 350 789 948 218 220 506 280 561 170 486 409 534 702 421 715 630 534 48 167 263 160 590 435 406 607 455 615 588 809 871 1076 754 348 754 582 775 271 430 382 727 173 492 462 497 588 664 474 751 822 996 212 747 171 791 421 822 325 810 503 563 415 731 67 251 535 528 286 803 709 172 541 743 236 416 871 990 673 257 193 627 371 184 342 539 161 591 1055 956 740 547
288 842 657 553 482 496 199 442 542 630 660 0 417 352 356 395 598 640 637 634 395 759 418 639 578 19 230 426 625 281 254 585 639 260 436 250 552 645 409 390 537 583 476 555 504 358 543 548 256 268 328 281 266 346 672 215 524 382 120 450 438 525 428 532 226 286 422 264 431 536 572 420 158 243 328 518 570 376 868 320 573 372 344 859 590 597 457 376 687 620 642 350 652 478 823 497 305 737 557 683 275 212 200 520 604 575 702 438 110 624 577 477 696 306 388 611 285 452 430 375 358 324 380 520 288 493 660 219 746 159 343 372 656 293 658 338 570 566 60 472 316 163 309 687 475 615 906 194 810 676 313 404 198 481 722 626 649 707 768 660 819 641 639 513 413 627 573 322 624 303 416 177 515 314 417 332 880 508 559 265 830 467 203 500 674 592 229 612 631 349 574 364 539 300 248 408 528 630 611 210 266 154 693 510 125 266 492 724 425 571 151 365 806 247 240 331 465 647 847 570 358 831 320 122 662 415 397 330 166 174
199 933 564 627 482 752 548 811 501 680 847 417 0 539 457 546 908 1030 693 701 373 788 357 864 591 407 622 764 925 627 489 784 494 674 29 441 364 945 793 561 892 623 822 459 820 477 836 304 373 681 315 162 676 747 1018 290 644 273 492 454 853 925 516 875 589 572 93 405 547 533 272 784 383 287 310 792 984 792 982 191 953 689 107 947 523 638 638 646 671 533 655 139 1033 717 898 308 128 885 479 1077 521 402 325 461 679 749 645 746 457 752 454 381 388 471 366 672 591 154 678 792 687 296 83 448 469 526 1027 223 861 304 150 756 611 325 947 706 968 973 390 298 538 305 577 758 746 993 1007 327 942 581 447 331 223 465 1127 1027 521 884 880 706 999 472 996 495 822 553 384 731 291 663 531 568 540 112 291 739 970 474 908 676 985 399 468 885 1064 1000 592 320 292 578 859 101 799 699 561 27 564 300 504 614 593 552 847 809 458 661 575 423 168 693 534 105 886 504 551 451 880 698 991 371 478 969 563 451 921 282 553 307 562 567
537 1193 971 900 811 836 214 719 864 976 1009 352 539 0 102 745 910 861 984 981 709 1105 721 981 916 337 303 734 941 220 99 934 934 481 567 598 823 960 673 38 820 926 772 862 819 703 868 792 169 400 235 385 388 587 950 263 875 660 262 777 544 736 772 826 546 632 599 137 779 868 788 705 214 541 241 851 715 521 1220 350 820 699 534 1210 908 940 808 720 1022 934 982 564 889 824 1174 761 497 1088 870 893 626 163 518 836 952 926 1028 763 460 975 875 776 913 654 701 957 626 655 776 511 680 253 558 831 637 830 917 342 1098 461 563 640 983 606 977 632 783 753 302 740 668 281 101 1036 812 861 1258 513 1161 990 657 701 421 806 896 823 951 1056 1119 1006 1165 926 909 839 612 945 845 543 822 254 90 288 852 492 695 407 1232 830 845 388 1180 775 555 748 894 769 549 836 825 56 900 553 876 356 590 548 868 830 918 483 600 302 1044 834 476 538 838 947 643 923 474 557 1157 598 161 94 626 993 1197 837 703 1182 670 473 995 690 50 245 298 477
485 1184 928 882 779 851 273 764 828 955 1015 356 457 102 0 735 943 924 965 964 671 1083 679 995 888 339 370 767 972 302 140 940 883 533 485 586 766 992 720 109 864 903 811 817 850 685 894 728 114 466 144 314 455 639 997 207 864 611 296 745 623 799 752 866 571 642 526 95 765 837 716 747 200 505 150 872 791 592 1215 267 875 723 467 1201 869 918 807 732 992 892 956 501 948 834 1161 704 434 1088 828 959 627 145 490 796 935 926 991 788 466 969 827 730 839 642 663 938 641 584 786 583 707 163 487 790 626 804 970 283 1092 433 502 686 948 571 1007 669 846 822 299 684 667 241 191 1020 830 917 1251 486 1159 947 640 657 374 772 969 891 902 1061 1113 985 1174 872 958 806 675 904 788 598 746 340 77 342 825 425 645 484 1223 794 888 455 1183 733 554 802 958 840 574 765 748 157 926 484 894 433 603 470 842 754 872 522 619 350 1044 860 481 579 820 874 577 913 496 489 1145 599 229 27 697 973 1198 779 686 1182 674 477 1017 638 98 153 349 506
351 449 349 164 175 225 581 404 236 242 305 395 546 745 735 0 402 622 247 241 203 370 237 320 216 409 568 321 409 651 648 239 380 453 544 150 378 426 421 783 440 204 373 293 334 69 323 428 624 542 662 519 548 440 537 547 130 296 505 166 642 565 73 410 290 174 480 641 47 201 494 378 539 272 660 272 682 571 481 588 535 247 440 466 285 215 94 165 320 319 267 408 605 185 429 362 430 360 277 673 137 594 259 244 211 208 356 269 295 235 327 270 573 94 206 221 202 454 161 581 263 650 465 255 110 148 573 495 357 313 397 398 312 221 421 337 591 626 444 346 98 500 701 293 231 563 517 261 428 363 104 254 400 191 754 651 372 346 378 271 462 403 531 202 525 313 388 463 554 661 803 531 165 450 302 611 488 216 445 547 459 241 195 491 650 656 289 506 566 743 338 446 269 609 212 521 165 557 331 382 232 505 318 306 278 378 110 586 419 179 321 442 412 161 629 712 600 258 471 395 68 452 117 279 382 309 789 660 516 343
712 513 702 460 563 179 699 210 612 501 277 598 908 910 943 402 0 299 493 475 603 571 638 198 546 617 630 177 35 730 817 252 757 445 913 469 777 51 264 946 133 509 144 679 95 462 79 830 851 549 924 834 561 349 145 808 396 689 651 562 529 323 466 103 374 340 858 855 429 566 895 214 753 623 924 132 460 484 493 893 228 229 804 527 652 509 324 264 609 683 557 780 261 221 529 764 782 368 659 341 388 802 585 632 460 298 670 166 498 376 713 670 972 447 605 481 326 844 243 499 240 919 835 646 444 521 207 788 431 619 769 284 639 595 75 278 316 375 657 747 373 755 829 481 171 230 537 584 429 710 475 653 715 582 438 357 742 308 442 512 357 786 159 583 382 668 785 398 955 718 991 626 529 801 700 590 537 602 112 560 405 641 447 243 312 397 371 907 967 883 73 814 145 620 362 887 514 958 704 427 337 609 344 100 488 374 456 983 808 386 450 812 513 406 754 917 435 503 431 794 461 433 347 493 136 707 959 926 615 437
850 811 960 725 796 438 653 228 855 779 575 640 1030 861 924 622 299 0 773 756 803 862 840 496 808 656 559 302 324 648 785 541 1001 395 1042 625 992 327 238 892 191 776 250 915 307 665 352 1031 860 462 951 916 474 295 189 849 660 868 637 786 350 126 695 226 441 488 1004 853 662 815 1086 255 767 764 952 397 208 346 789 959 88 380 935 825 901 779 570 458 886 935 832 922 48 475 828 964 904 667 898 51 547 803 716 866 737 582 942 356 575 665 949 884 1183 629 803 758 461 1006 472 358 370 952 971 877 618 764 111 857 729 727 912 275 905 761 356 327 80 126 691 943 555 799 765 770 415 70 832 712 726 971 660 847 812 813 141 69 991 606 741 795 646 1024 149 822 250 924 1005 329 1147 622 951 582 777 919 889 467 835 838 197 474 699 858 574 146 35 131 439 1109 1158 820 365 950 423 514 482 1014 767 1151 950 430 448 577 642 346 573 375 705 1200 971 663 500 950 811 552 702 898 249 784 725 1010 664 728 526 579 430 893 909 956 576 469
524 240 237 85 212 336 826 584 206 15 250 637 693 984 965 247 493 773 0 19 323 123 337 318 108 650 814 496 482 897 888 243 315 687 683 388 396 492 616 1020 583 71 532 273 467 282 425 469 851 783 876 713 790 656 637 766 130 421 749 241 866 748 213 547 527 409 609 872 207 165 542 563 773 469 872 376 878 798 291 784 689 441 598 255 215 56 227 362 117 233 72 558 743 302 206 419 603 227 247 821 382 827 475 245 40 195 183 431 540 123 299 323 569 332 331 27 432 563 321 809 463 861 611 261 350 171 696 704 178 533 550 603 161 404 473 548 762 809 683 416 340 725 945 65 361 706 314 479 262 238 327 363 606 229 913 817 290 258 194 26 348 351 649 202 735 212 392 688 593 907 1035 777 154 621 404 850 277 225 577 789 315 299 441 665 793 837 525 531 605 985 420 596 352 851 452 667 131 591 265 621 465 751 206 428 523 608 146 567 535 111 566 591 193 407 874 943 809 13 313 405 281 289 353 524 402 414 1025 873 762 586
529 233 254 83 220 319 821 569 219 32 231 634 701 981 964 241 475 756 19 0 330 130 345 300 121 647 806 481 464 891 885 225 332 677 691 385 410 474 602 1018 567 80 516 287 450 280 408 482 851 773 878 717 781 644 619 767 119 428 745 248 854 732 212 530 517 399 618 871 203 175 555 548 772 471 874 359 863 786 281 788 672 428 604 248 230 67 215 350 136 250 90 565 726 287 202 431 608 211 261 804 375 826 475 257 30 178 201 416 535 104 314 333 585 328 337 30 422 573 307 797 450 863 619 273 346 176 678 706 165 533 556 590 179 407 454 535 747 793 680 427 333 725 941 59 346 689 306 479 250 256 326 371 608 238 896 801 307 240 183 39 333 367 631 212 722 229 406 676 607 900 1034 770 162 627 413 840 271 235 561 780 301 309 436 649 776 822 516 545 619 982 402 603 335 842 443 675 138 606 281 611 455 745 188 411 518 597 145 583 544 95 558 598 188 400 869 942 795 29 300 420 279 277 344 519 384 423 1023 875 756 578
203 562 264 255 115 428 594 578 157 311 484 395 373 709 671 203 603 803 323 330 0 428 37 514 227 402 615 504 611 675 620 428 246 556 365 195 191 629 583 743 629 254 560 161 530 143 525 230 558 621 567 395 623 577 735 466 275 102 515 83 756 730 152 602 405 319 294 583 187 171 292 550 496 168 563 474 831 685 609 466 717 424 275 577 200 269 292 352 324 227 295 236 792 387 529 163 280 514 163 854 260 546 198 128 306 388 320 461 335 381 184 89 380 175 9 301 348 259 361 691 434 551 291 125 189 154 766 396 488 250 227 553 277 105 624 492 762 788 423 144 249 433 692 387 433 750 636 204 570 283 145 51 299 103 928 823 255 517 507 339 630 254 726 136 665 236 207 587 353 697 746 566 170 299 100 691 600 123 638 622 613 73 263 664 833 818 406 308 365 722 541 274 471 674 338 347 193 356 216 480 369 541 477 506 322 499 203 398 225 323 398 270 516 264 630 653 737 329 618 210 144 597 278 319 582 108 745 562 553 431
631 172 265 207 314 433 949 688 288 130 301 759 788 1105 1083 370 571 862 123 130 428 0 436 379 201 772 936 600 554 1020 1009 322 353 806 775 510 460 560 724 1141 675 181 631 340 561 403 511 536 969 903 990 822 910 770 711 883 249 519 872 347 980 849 333 638 647 529 700 991 329 259 606 668 893 583 986 468 982 913 234 893 781 553 698 181 275 166 343 476 126 279 134 658 829 405 128 496 707 237 316 908 504 947 593 328 160 283 183 534 663 199 358 409 609 454 436 150 552 649 431 925 576 975 708 342 473 281 777 818 167 651 650 714 193 517 537 661 859 909 804 498 463 842 1068 94 461 794 241 597 235 258 449 462 720 327 1003 911 324 289 171 100 344 389 729 295 846 256 451 803 650 1030 1154 900 261 725 497 970 200 315 666 909 294 390 564 764 879 937 646 586 661 1107 500 694 440 972 573 762 242 648 313 741 585 874 239 520 646 726 268 601 624 218 688 689 125 530 996 1062 919 113 282 466 403 259 474 647 461 507 1146 986 885 708
201 577 250 274 126 462 615 614 154 324 512 418 357 721 679 237 638 840 337 345 37 436 0 544 236 423 641 540 646 698 635 458 221 588 346 229 156 663 618 755 666 267 596 141 566 179 560 194 567 650 569 393 652 612 771 473 301 84 537 100 788 765 182 638 439 355 273 593 219 178 257 586 510 182 564 508 866 717 626 463 753 461 263 591 190 282 324 389 325 214 302 223 828 421 542 127 274 537 150 891 296 558 219 118 324 416 314 497 364 404 160 60 344 211 38 316 384 232 396 723 470 552 275 111 224 171 802 400 507 267 215 588 273 125 657 527 798 824 441 109 285 442 709 402 468 786 651 225 590 269 181 27 306 109 964 859 233 543 525 350 654 225 762 141 699 226 173 620 318 720 754 590 184 291 71 720 614 122 674 651 635 54 296 700 869 854 440 271 329 737 575 260 505 701 373 330 208 320 198 512 404 566 501 542 351 533 227 362 201 347 429 255 530 299 649 661 771 342 639 175 180 617 314 348 614 80 755 564 578 463
668 317 546 309 442 146 783 365 477 329 81 639 864 981 995 320 198 496 318 300 514 379 544 0 394 657 733 293 176 831 883 88 614 561 863 440 660 182 414 1018 320 352 297 548 220 388 159 724 891 668 948 825 678 486 333 829 255 612 720 452 688 508 363 284 439 353 799 902 327 428 794 356 796 585 946 142 646 632 303 891 422 291 759 332 507 347 227 263 435 534 388 727 458 162 332 661 747 172 524 539 376 850 562 505 293 136 500 237 530 196 580 561 851 398 518 313 356 771 210 646 313 939 784 521 404 394 402 791 234 609 716 420 475 540 158 387 508 564 697 649 343 778 914 294 172 427 347 562 237 551 419 564 703 463 636 552 594 113 245 334 192 646 355 454 541 516 663 531 852 827 1053 716 396 766 613 722 344 476 304 678 225 531 448 424 509 589 436 796 864 964 136 765 111 742 393 840 375 853 561 519 382 694 147 184 515 479 327 856 736 225 508 762 315 402 837 969 605 327 249 675 387 246 328 519 85 622 1029 948 702 510
430 344 156 88 113 374 774 602 99 93 336 578 591 916 888 216 546 808 108 121 227 201 236 394 0 589 773 515 541 849 822 309 221 667 579 333 290 554 626 951 619 44 560 167 504 224 472 362 774 754 791 622 760 653 691 685 151 320 695 146 856 767 156 584 504 389 505 797 169 59 435 578 703 385 787 420 889 786 398 693 721 449 499 358 115 55 239 365 109 140 69 458 784 335 307 312 507 330 141 858 349 756 399 138 110 260 142 454 491 209 195 216 468 280 236 94 416 457 338 796 468 775 510 154 300 86 742 619 285 457 450 607 99 319 539 548 787 828 618 310 312 647 886 172 394 744 418 404 369 165 267 262 521 127 945 845 200 353 302 116 451 254 696 97 736 123 286 678 487 863 961 731 64 525 301 824 380 119 617 759 421 194 395 687 831 858 503 425 499 922 474 495 402 819 427 565 53 486 168 596 447 706 303 468 474 593 109 469 430 169 530 490 297 369 817 868 811 109 420 300 224 397 332 474 476 310 955 787 717 555
285 857 665 566 491 514 193 460 550 643 678 19 407 337 339 409 617 656 650 647 402 772 423 657 589 0 232 444 644 276 239 603 644 274 426 263 554 664 427 374 555 595 494 562 523 370 562 547 237 276 309 267 273 362 690 196 539 384 115 459 447 541 440 551 245 304 415 246 445 546 569 438 140 245 309 536 583 387 884 304 591 391 337 874 598 609 473 394 698 628 654 345 669 496 838 498 297 753 565 700 291 194 205 528 617 591 711 457 128 639 582 482 694 319 394 624 304 447 448 386 377 306 373 526 301 504 677 204 762 160 338 389 665 299 676 356 586 581 41 474 332 145 297 701 493 632 922 199 826 683 325 409 190 490 737 641 655 724 783 673 836 645 657 522 427 635 576 336 620 300 400 177 526 305 419 338 895 516 577 272 847 473 219 517 691 606 248 610 627 335 593 357 557 304 266 399 539 627 618 226 284 156 709 529 143 282 505 723 421 586 170 358 821 263 230 313 478 660 863 572 370 848 337 139 681 416 381 312 167 192
517 989 871 731 689 590 100 428 752 809 776 230 622 303 370 568 630 559 814 806 615 936 641 733 773 232 0 458 662 101 232 703 861 186 645 443 781 680 378 335 527 769 488 774 544 549 600 778 328 97 428 468 86 290 654 356 689 611 130 659 258 433 618 538 301 413 642 312 611 739 801 418 256 471 431 594 423 222 1003 481 519 442 564 1006 803 782 604 487 881 835 832 576 587 588 979 726 524 865 774 591 432 272 425 736 777 707 906 500 285 773 798 700 925 494 608 788 395 678 544 213 420 435 599 737 473 691 616 403 891 388 569 349 859 517 701 355 480 453 236 702 474 323 209 854 562 559 1045 419 940 889 509 630 417 692 599 522 869 823 911 838 923 865 611 721 309 838 801 244 851 96 392 56 712 529 645 124 1026 720 553 86 948 687 379 448 592 470 303 842 858 264 632 584 622 78 368 619 721 858 829 214 364 77 822 566 301 258 675 954 652 729 249 586 961 408 144 346 327 825 969 798 550 958 465 302 730 643 351 435 65 233
573 592 663 437 496 172 524 89 555 500 354 426 764 734 767 321 177 302 496 481 504 600 540 293 515 444 458 0 207 558 641 295 700 276 772 336 691 226 126 770 129 488 59 614 87 364 144 733 677 383 753 675 394 194 255 638 373 575 474 485 398 253 394 112 200 196 725 680 362 517 791 69 579 484 753 153 382 340 590 730 215 81 663 609 603 493 278 157 602 637 547 644 288 196 596 666 637 451 598 353 254 627 440 565 458 322 654 67 331 404 647 583 884 331 504 477 174 720 178 354 77 749 697 576 322 465 267 625 497 465 633 127 614 471 245 104 272 314 485 646 256 585 654 507 142 246 634 438 523 675 362 549 558 512 434 331 692 398 514 520 482 723 232 522 253 627 703 240 852 549 814 451 479 654 592 432 624 537 144 393 517 556 296 172 330 344 197 811 863 708 176 676 185 456 204 745 471 855 651 252 174 434 415 112 323 201 409 900 684 387 276 674 578 264 579 741 322 508 541 710 364 535 227 329 275 598 783 755 439 261
728 488 697 454 565 184 730 245 611 491 256 625 925 941 972 409 35 324 482 464 611 554 646 176 541 644 662 207 0 763 847 240 755 478 929 485 781 21 298 977 167 503 177 680 123 471 90 836 879 582 950 856 594 383 158 833 392 700 681 566 563 356 471 138 402 360 873 884 433 565 902 247 781 639 950 138 492 518 465 916 257 254 820 501 649 501 326 280 598 679 548 795 284 225 506 770 800 344 658 365 406 831 604 633 451 287 661 189 523 363 714 675 976 460 614 472 349 856 253 533 267 945 851 647 459 521 227 811 409 639 784 317 631 609 40 310 346 406 684 754 388 780 861 466 182 256 509 603 402 704 487 661 735 585 463 385 739 284 419 500 326 785 180 583 416 664 788 432 962 752 1021 658 528 819 709 624 511 603 144 593 376 645 467 277 335 428 399 912 974 915 71 830 144 654 386 904 512 965 702 459 362 641 323 119 512 406 455 985 820 378 478 828 490 426 786 946 469 492 402 797 470 405 363 518 107 716 990 952 646 466
552 1080 936 814 759 687 85 528 820 892 872 281 627 220 302 651 730 648 897 891 675 1020 698 831 849 276 101 558 763 0 172 799 919 286 652 517 829 781 477 247 626 849 588 836 645 625 700 817 289 190 388 467 178 389 752 343 775 658 162 727 324 523 695 638 396 503 661 266 692 811 832 518 245 520 392 693 496 305 1097 464 614 541 584 1098 869 862 693 582 958 900 911 602 679 684 1068 771 544 960 837 677 517 239 480 800 861 800 978 599 359 863 857 757 958 571 668 871 488 703 639 293 519 399 617 799 551 765 711 405 982 435 597 450 931 574 801 455 569 536 265 747 559 323 119 940 660 654 1139 474 1034 955 583 684 442 759 677 606 929 920 1003 921 1021 920 708 790 401 905 850 342 878 39 310 121 787 546 693 187 1118 787 653 178 1045 747 457 544 680 551 398 876 884 173 733 605 721 137 458 628 798 885 891 313 458 146 917 666 376 359 756 989 682 817 337 608 1051 491 82 281 408 908 1064 846 626 1053 553 376 830 690 265 396 136 326
458 1095 883 804 719 739 133 631 774 880 911 254 489 99 140 648 817 785 888 885 620 1009 635 883 822 239 232 641 847 172 0 836 850 396 515 501 745 866 586 136 731 831 681 775 725 607 773 720 124 327 219 329 316 503 864 200 778 578 167 686 486 660 676 736 450 534 538 97 683 776 722 615 126 453 223 755 653 453 1121 310 739 603 467 1113 820 845 710 622 929 846 888 493 810 726 1077 683 428 989 782 820 528 88 426 747 855 827 937 667 361 877 791 690 848 558 612 861 528 589 678 444 585 232 495 744 540 737 834 275 1000 370 491 553 892 516 883 540 707 683 206 661 570 203 89 939 715 780 1160 421 1063 902 561 616 341 715 830 752 866 958 1021 910 1067 845 824 748 536 856 767 461 761 211 174 204 758 426 614 348 1134 740 756 316 1082 687 457 666 819 701 453 768 765 103 805 487 779 296 492 494 773 768 832 391 503 214 945 739 378 448 743 881 574 825 377 490 1060 500 93 115 558 898 1099 760 607 1084 572 375 898 609 146 228 212 382
589 299 464 223 354 124 743 378 390 252 76 585 784 934 940 239 252 541 243 225 428 322 458 88 309 603 703 295 240 799 836 0 529 542 782 370 573 250 420 971 354 268 315 461 242 307 190 636 833 648 884 752 657 481 395 766 167 528 676 365 690 533 277 317 403 302 716 846 242 341 707 362 741 509 882 149 669 629 303 820 460 269 679 316 421 265 147 218 359 449 310 646 508 115 302 574 669 163 437 587 314 795 489 418 213 50 423 230 476 125 494 474 764 323 433 234 312 686 161 642 293 874 703 433 332 307 457 723 203 539 635 418 395 460 232 375 541 593 642 562 276 716 873 230 155 472 346 491 238 469 341 479 632 376 682 591 509 123 221 262 234 560 410 366 547 432 576 522 764 799 1001 680 308 688 527 707 332 389 345 656 248 444 387 448 558 620 401 709 777 921 180 684 120 721 346 759 288 765 475 491 342 657 123 201 460 459 239 769 652 142 466 680 284 342 797 915 616 253 267 587 306 255 267 464 167 536 980 883 666 473
399 523 88 306 206 580 836 783 147 301 556 639 494 934 883 380 757 1001 315 332 246 353 221 614 221 644 861 700 755 919 850 529 0 796 474 434 131 770 798 966 815 264 751 91 704 349 681 200 773 865 762 580 868 806 900 678 365 274 758 222 995 944 307 783 639 538 402 801 340 192 263 757 725 401 757 627 1056 923 584 644 913 626 430 533 108 271 437 544 229 83 247 391 981 539 480 188 455 541 103 1051 485 771 440 138 328 479 175 646 581 428 63 163 258 399 253 309 568 341 532 931 641 743 425 131 417 239 945 600 487 487 387 772 164 346 756 711 970 1004 661 203 460 653 927 371 596 940 594 446 569 99 373 237 513 191 1133 1030 31 571 500 312 663 37 901 179 893 104 113 821 300 941 959 811 229 468 239 936 553 165 818 867 625 174 503 870 1027 1034 639 236 311 953 686 418 613 919 566 469 244 297 54 720 594 786 520 672 567 733 302 253 329 389 641 413 475 495 869 867 967 312 620 127 350 596 487 564 695 246 965 755 798 673
521 837 788 610 603 422 267 242 668 686 611 260 674 481 533 453 445 395 687 677 556 806 588 561 667 274 186 276 478 286 396 542 796 0 691 363 741 495 193 514 342 655 302 706 362 454 420 756 465 108 557 541 119 107 471 459 559 583 243 578 201 273 515 352 164 281 668 459 499 645 795 232 373 450 559 420 311 130 844 575 343 274 592 854 720 665 465 335 772 754 719 591 416 428 832 695 555 705 699 434 321 409 399 661 649 554 807 325 235 627 735 645 910 400 551 663 256 688 388 136 251 559 629 666 381 592 438 478 738 386 582 164 762 475 517 175 320 309 304 671 356 412 391 718 393 385 888 393 779 804 424 584 452 611 464 371 798 658 758 713 752 808 429 635 154 753 759 67 851 274 567 194 613 567 613 166 872 639 368 118 782 625 294 270 429 333 165 828 860 447 452 611 450 182 241 663 616 857 756 76 223 184 664 387 243 84 562 935 656 591 160 611 814 304 320 507 206 699 803 759 454 795 338 248 551 614 530 562 185 126
202 922 545 619 472 754 572 821 487 669 843 436 29 567 485 544 913 1042 683 691 365 775 346 863 579 426 645 772 929 652 515 782 474 691 0 445 344 949 805 588 900 613 830 442 826 476 840 281 401 701 344 188 697 762 1026 316 638 264 515 445 873 939 511 883 601 579 75 432 543 521 245 795 408 291 337 795 1001 811 972 219 965 696 110 936 507 627 637 650 656 516 642 137 1044 718 886 289 139 879 463 1090 526 429 333 447 669 745 628 752 470 745 436 367 360 472 359 662 599 133 680 811 696 324 80 434 471 517 1036 248 852 316 148 768 595 325 950 717 981 988 411 281 542 329 604 748 749 1004 996 335 934 563 448 321 240 454 1142 1041 501 879 871 695 993 451 1004 483 838 536 363 747 264 687 559 590 530 125 279 760 959 462 916 697 978 386 477 897 1076 1015 604 294 265 605 862 100 800 721 570 29 554 272 486 629 602 574 841 813 471 676 568 395 152 687 548 103 875 511 577 479 897 687 983 349 477 961 567 464 922 269 581 335 584 582
243 599 432 304 248 315 442 398 312 381 442 250 441 598 586 150 469 625 388 385 195 510 229 440 333 263 443 336 485 517 501 370 434 363 445 0 384 505 396 634 464 334 394 344 382 109 396 411 475 435 517 385 438 384 584 400 279 244 364 219 563 542 180 443 211 140 392 492 183 297 462 371 390 155 514 353 638 491 630 451 542 256 336 616 363 348 227 206 442 396 395 312 619 283 577 346 316 506 339 676 83 445 122 300 355 348 463 308 159 383 372 284 566 57 191 362 165 385 241 498 260 505 367 304 41 249 602 354 506 170 301 364 417 136 508 304 577 599 296 323 100 352 558 439 307 577 666 123 575 449 67 230 263 253 743 639 436 486 527 411 601 446 566 280 471 398 401 392 523 532 654 399 271 335 266 505 637 281 477 437 603 263 70 482 657 629 211 488 533 598 420 346 362 494 147 419 281 527 395 287 180 374 462 369 143 305 243 587 349 328 208 344 561 75 487 563 543 398 617 403 110 599 123 142 487 270 640 515 385 240
287 624 207 360 219 598 744 767 192 381 614 552 364 823 766 378 777 992 396 410 191 460 156 660 290 554 781 691 781 829 745 573 131 741 344 384 0 797 773 853 815 332 746 124 711 328 699 76 659 797 640 458 799 767 914 563 407 171 668 215 941 920 311 786 594 510 272 688 348 239 147 740 619 310 634 646 1021 870 681 520 905 612 305 635 187 344 455 537 335 184 337 267 978 557 583 63 333 618 150 1043 451 662 356 157 397 526 294 645 512 493 103 109 196 366 194 383 539 211 538 876 623 621 297 141 380 267 950 484 573 395 266 744 269 268 788 682 952 979 566 84 438 544 825 458 608 936 697 362 657 223 336 157 404 198 1118 1013 159 637 589 400 740 110 908 208 854 206 23 775 198 854 843 728 267 345 136 867 656 185 821 798 710 137 450 854 1021 1009 595 138 210 846 710 292 638 845 528 340 289 197 150 666 559 704 589 683 501 688 334 209 200 443 581 287 575 455 773 752 927 395 708 19 328 685 466 497 736 139 851 633 716 616
747 488 710 467 580 202 749 260 626 502 261 645 945 960 992 426 51 327 492 474 629 560 663 182 554 664 680 226 21 781 866 250 770 495 949 505 797 0 313 996 178 515 194 695 142 489 110 853 899 599 970 876 611 399 153 853 405 718 700 583 576 365 487 151 422 380 892 903 450 579 920 264 801 659 970 156 500 533 463 936 263 274 840 501 663 513 343 300 609 693 559 814 285 242 509 787 820 346 673 365 426 850 624 649 462 298 672 209 543 372 729 692 992 479 631 483 369 875 271 548 287 965 870 663 478 537 225 832 412 659 803 334 643 628 30 328 353 413 704 771 407 801 879 473 201 259 506 623 401 717 506 679 756 601 463 388 753 286 422 510 321 799 180 598 430 677 804 448 980 769 1040 677 543 839 727 640 510 619 154 610 373 662 487 288 335 434 418 929 992 933 89 850 160 671 406 923 526 982 716 477 382 660 327 139 533 425 470 1001 839 389 497 847 493 446 804 965 481 502 399 813 488 402 383 538 106 734 1009 972 665 486
613 718 769 552 593 297 459 54 656 619 479 409 793 673 720 421 264 238 616 602 583 724 618 414 626 427 378 126 298 477 586 420 798 193 805 396 773 313 0 707 150 602 123 709 196 451 258 806 644 291 730 682 303 89 278 622 491 639 426 577 275 148 493 164 204 264 767 641 465 621 858 59 547 529 731 276 264 223 713 727 165 178 698 734 705 609 393 261 718 740 663 686 244 320 722 740 666 576 695 286 323 589 479 660 578 447 767 192 338 529 741 668 960 408 581 596 235 772 296 237 159 729 734 670 394 568 253 624 623 489 675 38 725 530 338 93 182 207 463 718 339 571 584 631 267 206 758 476 647 782 438 623 575 607 348 243 792 522 640 641 600 818 238 622 128 733 788 137 918 461 758 385 584 682 662 327 749 634 176 302 638 643 340 93 271 237 202 883 928 639 288 714 308 360 250 777 579 923 750 204 217 373 540 231 336 146 519 980 737 509 264 713 704 322 513 694 197 628 662 792 451 658 311 342 384 666 722 734 375 236
568 1230 1004 937 846 873 249 754 899 1012 1046 390 561 38 109 783 946 892 1020 1018 743 1141 755 1018 951 374 335 770 977 247 136 971 966 514 588 634 853 996 707 0 854 962 808 895 855 739 905 821 196 431 251 411 419 621 985 292 912 692 299 812 570 767 808 861 583 669 625 166 816 903 814 740 249 575 257 888 742 550 1257 371 853 736 561 1248 942 977 846 757 1058 968 1018 592 921 861 1211 791 525 1125 903 923 664 197 553 870 989 963 1062 800 497 1013 908 809 939 691 735 994 663 681 813 539 717 270 584 865 674 866 949 371 1135 496 592 675 1018 640 1013 668 813 782 339 770 705 313 128 1073 849 894 1295 548 1198 1024 693 734 453 841 923 852 983 1093 1157 1042 1203 958 943 874 643 979 876 576 846 279 69 323 887 519 727 434 1269 865 880 419 1218 808 592 781 925 797 586 862 849 75 937 579 913 383 627 571 903 854 951 519 637 337 1081 871 513 573 875 973 671 960 511 583 1194 635 195 110 654 1030 1234 867 740 1220 708 511 1031 721 19 260 333 514
701 636 771 535 612 248 606 101 669 589 395 537 892 820 864 440 133 191 583 567 629 675 666 320 619 555 527 129 167 626 731 354 815 342 900 464 815 178 150 854 0 586 71 731 117 488 166 858 782 439 863 797 451 238 135 751 470 703 568 605 400 191 511 37 315 325 854 781 477 627 918 119 684 613 864 208 328 360 620 849 106 209 791 651 714 589 382 278 695 747 641 773 166 285 648 792 764 491 713 240 383 729 568 682 547 393 752 171 450 477 765 706 1008 459 629 568 302 849 284 375 206 860 825 694 450 577 138 744 548 590 762 180 716 599 205 200 189 245 594 772 383 699 733 582 225 126 665 566 555 782 489 676 683 630 330 237 804 432 562 605 489 840 105 637 255 736 826 286 979 610 904 532 590 781 720 472 663 653 27 451 536 679 424 111 213 270 312 936 990 788 185 804 236 507 331 873 579 982 764 343 300 519 461 156 444 285 517 1023 813 473 387 803 631 393 660 838 304 595 561 832 487 561 354 450 268 725 869 866 522 365
455 310 196 51 141 340 776 575 141 57 292 583 623 926 903 204 509 776 71 80 254 181 267 352 44 595 769 488 503 849 831 268 264 655 613 334 332 515 602 962 586 0 530 210 471 226 436 404 789 745 810 645 751 633 654 702 117 351 698 171 840 740 155 551 492 374 539 810 159 96 477 552 714 403 807 385 865 770 361 716 690 425 528 325 158 16 210 342 118 183 65 488 750 302 276 352 533 287 184 825 340 767 413 178 66 219 167 425 490 165 239 254 511 279 262 52 401 493 310 781 445 795 541 194 299 102 707 638 245 470 480 585 130 338 499 527 758 801 626 348 301 662 891 136 362 711 384 417 329 202 271 293 540 159 914 815 243 309 262 86 409 298 661 132 716 164 329 661 529 861 974 730 85 552 334 814 347 156 584 750 379 229 392 659 799 831 491 468 541 929 436 526 365 811 415 597 62 528 211 585 433 704 260 434 474 578 95 512 465 127 523 521 264 363 821 881 790 76 380 343 225 356 318 474 434 344 966 807 715 547
631 607 710 479 547 198 560 71 605 537 366 476 822 772 811 373 144 250 532 516 560 631 596 297 560 494 488 59 177 588 681 315 751 302 830 394 746 194 123 808 71 530 0 666 77 419 139 789 724 406 803 730 418 206 199 689 414 632 516 538 395 219 445 57 251 254 783 726 412 565 848 71 626 542 803 167 355 345 599 784 163 138 721 623 651 533 322 210 642 685 587 702 233 230 616 722 694 464 649 301 312 673 498 617 495 349 696 106 385 432 699 638 939 389 560 515 232 778 222 360 136 799 755 628 380 514 209 679 516 522 691 141 658 529 217 142 231 279 534 702 313 637 689 537 171 191 643 496 533 722 419 606 615 564 386 286 741 407 531 555 479 775 174 573 247 674 758 255 909 576 855 487 527 712 650 448 637 588 87 417 520 611 354 134 277 307 248 867 920 744 167 734 198 477 262 803 518 912 700 290 231 471 430 116 377 235 456 955 743 422 325 733 597 322 615 784 309 544 545 764 419 542 284 383 262 655 822 806 475 307
