170
0 163 376 633 327 228 394 240 477 88 346 861 577 229 357 96 202 774 819 482 666 367 317 228 110 707 537 743 637 350 133 680 709 594 608 133 453 266 262 851 572 532 426 559 822 907 557 468 594 91 272 63 427 890 158 367 741 724 721 195 313 538 779 175 578 46 286 333 329 758 204 507 507 66 747 592 332 175 588 429 400 892 513 857 739 365 465 402 234 428 778 406 609 324 59 423 303 570 470 354 858 583 665 298 583 508 155 659 398 560 745 315 136 352 551 640 45 673 175 594 210 676 469 425 781 509 740 710 856 529 485 456 76 487 669 103 697 318 339 219 329 294 637 632 419 380 10 242 337 564 233 262 246 448 732 398 228 486 252 305 833 334 174 739 892 119 29 255 492 408
163 0 504 723 486 311 545 363 626 117 482 932 677 392 498 259 272 843 906 497 819 322 466 66 155 839 521 838 753 363 80 835 814 600 767 285 588 329 315 936 592 694 566 637 910 986 531 450 683 112 238 104 468 1052 140 369 903 807 882 357 402 532 941 117 711 186 446 467 487 820 299 663 656 143 903 660 478 282 749 529 560 973 580 1020 824 415 539 430 321 299 877 495 756 427 159 564 395 706 602 464 951 742 789 453 663 485 136 822 554 701 903 473 290 231 590 788 121 828 216 717 347 812 585 349 898 518 902 869 1017 475 535 574 228 553 718 136 807 183 398 344 487 218 782 795 492 514 171 391 499 699 84 399 360 336 884 559 137 603 413 443 995 202 202 896 1054 117 138 398 541 494
376 504 0 296 193 529 129 141 168 388 44 539 227 261 61 314 253 462 474 370 355 445 421 554 352 336 474 389 265 329 431 382 344 457 352 250 561 232 252 507 413 359 520 258 473 570 506 436 263 466 401 410 730 666 532 354 568 392 473 268 576 450 570 427 208 395 319 49 366 461 501 475 189 439 449 307 439 470 478 642 379 552 255 643 402 670 717 307 203 638 419 145 274 561 427 86 565 206 99 563 503 331 290 376 273 470 392 496 168 207 459 358 357 568 350 306 414 374 529 219 426 309 103 530 407 399 507 439 596 550 769 89 373 246 414 476 327 570 638 161 368 468 291 469 194 29 375 157 275 197 534 447 146 616 411 356 467 117 317 80 620 575 329 443 661 392 385 419 776 154
633 723 296 0 481 816 392 400 369 615 340 243 74 556 351 593 452 170 186 340 453 527 715 757 572 273 431 117 143 409 644 490 120 351 519 525 851 395 410 219 305 585 810 95 189 277 460 439 40 719 538 649 1020 796 788 422 754 96 613 561 870 395 727 619 244 663 613 344 657 179 788 741 364 698 536 110 733 756 714 938 659 261 163 784 108 959 1012 343 407 749 159 230 367 856 690 325 858 274 260 859 229 509 201 671 71 451 590 700 430 307 560 651 645 700 237 386 664 484 802 180 719 290 197 598 229 351 654 563 699 549 1063 211 649 189 191 735 137 724 928 420 660 603 352 677 234 313 635 449 562 261 725 742 389 704 473 635 640 188 613 374 766 721 522 535 784 607 634 714 1070 230
327 486 193 481 0 398 101 202 174 381 152 723 409 114 133 235 320 650 649 534 344 549 238 548 363 436 631 561 416 456 433 355 505 632 281 204 370 338 353 682 592 221 329 451 646 746 660 580 451 410 478 382 581 574 462 482 441 575 397 143 422 612 466 452 316 323 138 156 176 652 372 289 203 375 421 500 255 346 316 467 186 728 445 544 583 525 548 459 289 701 583 328 302 399 359 164 412 296 231 392 669 256 419 194 465 618 417 361 82 273 419 171 242 624 535 330 371 348 431 360 278 396 285 632 542 565 419 383 531 684 610 271 286 433 606 409 482 608 493 204 179 534 336 332 373 171 322 115 82 296 543 283 226 696 411 165 504 294 149 137 520 619 376 414 574 400 349 254 616 337
228 311 529 816 398 0 494 419 572 305 489 1054 752 286 489 225 423 970 999 707 730 589 230 366 336 830 765 917 790 577 333 733 872 819 644 293 301 484 483 1032 795 535 292 754 1000 1093 784 695 779 203 495 264 207 870 182 594 704 911 736 267 92 765 761 383 706 183 280 481 287 959 29 431 600 186 793 793 232 61 539 218 357 1076 717 835 923 145 239 626 444 609 947 601 698 119 179 545 84 689 607 159 1031 621 805 247 776 735 374 629 479 669 783 278 172 540 768 725 232 727 102 739 123 792 631 640 927 735 742 741 864 751 260 617 175 694 879 177 854 493 115 400 285 505 733 608 624 522 220 373 357 687 394 147 434 643 797 370 429 646 255 449 812 512 401 785 877 335 248 167 267 605
394 545 129 392 101 494 0 208 84 432 102 631 319 208 75 311 335 562 553 497 275 550 337 603 406 337 599 464 317 443 483 294 407 585 241 263 462 333 352 586 541 231 421 374 549 651 631 557 365 483 493 443 680 553 541 469 444 484 364 230 522 576 452 491 216 400 238 115 273 567 467 354 114 450 362 424 353 439 350 566 268 632 379 528 491 624 648 430 292 726 485 273 216 499 435 68 511 196 135 492 571 218 318 294 385 593 456 370 41 176 366 269 331 652 478 246 438 286 518 261 376 299 199 636 442 526 394 338 494 669 710 187 366 372 533 486 382 644 592 219 275 556 246 342 322 101 390 154 174 196 592 383 226 712 339 244 539 205 249 118 504 653 403 355 550 446 412 354 717 283
240 363 141 400 202 419 208 0 280 247 123 636 340 199 144 195 127 551 585 345 475 349 367 414 212 477 435 506 399 255 291 498 470 450 449 127 519 136 152 618 415 418 480 335 587 677 463 380 362 329 286 269 625 759 397 281 638 494 571 187 480 420 654 290 349 265 276 108 331 541 391 481 307 304 566 375 387 358 518 567 371 660 303 731 507 563 630 265 88 518 540 183 403 474 294 207 469 345 240 485 621 424 429 326 357 420 255 559 232 342 572 319 251 445 370 435 276 490 403 358 333 450 230 433 543 376 600 545 701 483 672 218 250 282 468 342 457 440 532 21 333 348 425 530 212 153 240 94 267 337 396 367 25 506 537 355 335 247 260 91 707 447 197 560 756 252 246 343 679 188
477 626 168 369 174 572 84 280 0 513 161 598 298 286 137 393 405 537 511 532 196 610 400 684 484 264 637 423 268 496 562 219 360 610 185 345 510 394 414 543 563 218 470 371 506 609 669 602 349 566 560 525 753 499 624 521 410 454 305 311 594 611 405 568 154 483 306 176 332 547 545 377 30 533 287 422 414 519 347 628 310 590 391 477 458 698 714 473 359 796 438 302 133 569 518 82 584 129 116 558 522 166 257 358 377 635 533 344 94 101 295 331 412 723 495 163 521 211 600 211 452 223 197 696 379 560 340 272 429 718 779 188 449 390 531 569 332 719 666 294 334 625 164 318 352 142 473 236 233 133 671 454 294 778 259 285 614 195 321 190 454 727 477 281 493 525 494 425 786 312
88 117 388 615 381 305 432 247 513 0 366 832 566 297 382 170 164 743 799 421 707 285 402 171 44 723 466 729 638 286 53 725 702 531 660 178 540 225 215 830 515 596 512 533 803 883 482 395 575 121 190 44 495 953 187 299 810 702 777 263 394 470 843 88 595 131 362 351 409 723 284 587 542 122 793 560 418 258 662 514 477 869 479 921 718 435 543 346 209 344 766 386 642 409 127 448 384 591 486 439 842 635 673 381 558 434 70 728 444 585 794 395 221 267 502 674 75 717 234 601 298 696 470 339 783 447 799 761 912 447 557 459 163 452 626 146 694 237 411 228 410 207 667 700 388 398 97 280 404 583 163 350 244 361 771 473 142 488 330 328 897 252 108 785 953 32 61 341 563 385
346 482 44 340 152 489 102 123 161 366 0 582 270 218 28 279 245 505 516 396 355 452 377 535 333 362 498 431 301 342 412 380 384 488 339 217 518 235 254 549 445 331 477 300 515 612 529 455 306 437 400 385 689 653 501 367 546 435 461 226 534 476 553 413 233 362 276 16 323 504 461 437 186 408 448 349 396 431 447 599 338 594 293 628 445 629 674 328 198 635 459 179 280 519 395 85 523 226 124 520 544 316 322 333 316 491 378 472 138 220 455 315 318 563 386 313 387 372 494 253 384 332 145 537 442 426 493 431 588 567 727 131 337 282 454 445 365 561 597 139 325 465 303 443 225 35 344 117 234 219 518 404 135 618 415 317 457 158 274 42 605 568 319 441 649 374 358 376 734 188
861 932 539 243 723 1054 631 636 598 832 582 0 314 799 594 830 668 90 104 474 636 685 958 958 788 422 529 181 335 585 853 673 249 424 723 762 1092 607 618 89 397 807 1050 303 116 72 548 566 277 943 722 869 1259 963 1012 590 951 148 798 803 1110 495 912 821 454 894 856 586 899 119 1026 974 587 926 703 273 976 993 936 1181 898 73 353 958 141 1198 1254 514 629 901 186 456 564 1098 919 563 1099 485 497 1102 142 718 371 913 280 561 797 908 667 519 731 893 884 866 360 573 888 668 1033 389 960 457 440 739 305 470 839 745 857 652 1303 454 884 380 235 961 281 900 1167 655 901 779 538 888 444 555 864 690 802 474 921 984 622 845 636 873 831 430 856 617 944 894 731 704 947 819 858 957 1310 454
577 677 227 74 409 752 319 340 298 566 270 314 0 487 280 531 406 243 248 343 396 511 644 716 524 241 442 167 109 387 599 433 138 376 454 464 778 354 371 282 328 514 737 101 249 343 473 438 54 664 508 597 954 740 733 404 689 167 553 493 802 408 666 578 184 604 542 275 585 251 723 669 294 642 484 143 662 691 644 868 586 326 160 726 176 894 943 328 357 730 202 184 308 788 632 252 791 211 188 789 282 442 167 599 93 457 548 633 357 242 506 579 580 675 256 330 610 427 742 124 651 248 126 587 235 360 594 505 647 554 995 140 588 179 244 679 138 694 862 360 588 575 297 609 202 242 578 381 489 197 686 673 332 690 424 562 604 116 543 306 708 693 480 482 729 561 580 645 1002 187
229 392 261 556 114 286 208 199 286 297 218 799 487 0 210 134 284 720 733 542 457 512 170 456 289 544 628 647 511 441 349 465 597 648 385 129 320 321 332 766 613 303 282 510 732 829 655 569 522 305 429 289 477 661 352 465 514 652 495 35 320 616 550 377 421 217 80 213 135 716 260 302 316 269 530 556 189 233 366 383 189 812 490 629 662 419 457 461 270 634 674 368 415 302 252 261 309 403 325 303 759 361 521 128 528 609 346 432 195 383 525 123 129 556 566 443 273 459 318 458 171 506 362 589 644 573 512 488 629 661 511 348 177 472 656 301 576 532 386 189 137 476 449 405 405 247 222 114 108 402 457 187 222 639 524 180 431 375 62 183 604 546 320 522 663 321 255 159 518 375
357 498 61 351 133 489 75 144 137 382 28 594 280 210 0 284 268 519 524 423 332 478 364 553 351 352 525 438 302 369 430 356 387 514 312 226 502 261 280 557 470 304 461 318 522 621 556 483 320 448 424 399 685 626 510 394 519 446 435 223 529 503 526 433 224 370 263 41 307 519 461 414 164 417 424 368 382 431 421 589 318 603 315 601 455 626 666 355 223 659 464 203 261 512 404 67 518 213 119 511 549 290 318 320 333 518 398 444 111 204 431 300 319 587 410 293 399 348 499 251 379 320 155 563 439 453 466 406 563 595 721 141 342 306 474 454 367 583 594 158 310 489 285 416 251 39 355 120 215 208 537 396 158 643 394 296 478 166 264 55 578 590 340 418 622 392 371 368 728 212
96 259 314 593 235 225 311 195 393 170 279 830 531 134 284 0 214 745 778 497 577 420 239 323 172 635 568 697 578 376 221 589 656 609 514 69 385 269 272 811 581 436 353 529 779 870 591 502 556 176 329 157 432 794 231 397 645 688 627 99 293 562 683 255 507 90 193 268 240 734 197 417 423 141 656 568 256 165 494 393 308 854 492 762 701 370 445 414 225 513 729 376 526 292 125 347 282 495 401 312 812 489 600 213 551 543 228 564 310 482 653 225 68 435 548 556 140 583 216 531 157 601 414 488 720 527 645 617 761 578 481 400 59 470 656 176 641 406 339 175 240 365 556 537 399 313 89 165 241 491 326 203 209 525 644 305 310 430 160 237 737 421 220 648 796 197 122 187 488 380
202 272 253 452 320 423 335 127 405 164 245 668 406 284 268 214 0 580 636 286 600 231 438 312 121 581 355 567 485 163 194 624 543 398 575 164 590 64 61 667 373 540 554 369 640 719 379 291 412 276 160 201 626 884 345 186 760 538 697 260 501 349 779 178 457 243 363 230 418 561 397 584 431 264 692 397 457 365 633 606 471 705 317 857 554 565 654 204 52 392 605 224 524 504 260 329 490 458 351 525 680 551 525 403 394 332 145 681 358 459 698 405 281 319 349 557 222 616 377 453 370 559 320 312 629 315 726 672 828 378 682 310 250 290 468 297 537 318 537 119 420 221 543 652 225 271 208 206 374 448 287 415 111 380 660 458 215 338 339 218 833 323 78 685 882 156 194 396 689 222
774 843 462 170 650 970 562 551 537 743 505 90 243 720 519 745 580 0 118 388 600 598 882 868 699 395 449 151 288 496 764 637 214 347 677 677 1020 518 529 129 315 751 979 217 132 152 471 482 200 854 632 781 1176 936 924 501 910 87 762 723 1029 414 877 731 403 808 781 508 825 40 942 911 530 838 674 184 900 909 881 1103 829 145 264 928 91 1114 1174 425 541 815 176 370 521 1018 832 495 1017 433 430 1023 176 669 333 838 195 479 707 861 600 467 701 819 801 779 273 534 800 631 947 337 879 424 366 654 297 386 804 710 834 573 1221 380 799 291 152 873 246 812 1083 571 828 691 499 839 356 480 777 610 731 421 831 905 537 761 608 805 742 358 779 538 912 805 642 674 922 730 770 878 1228 367
819 906 474 186 649 999 553 585 511 799 516 104 248 733 524 778 636 118 0 483 536 687 886 937 756 320 554 89 244 576 826 572 153 456 626 710 1014 578 592 34 420 716 973 269 15 99 578 580 226 904 710 834 1202 860 974 585 852 101 697 741 1050 519 811 799 363 849 784 522 824 157 971 888 498 884 601 255 903 939 843 1112 817 80 331 856 83 1142 1189 507 592 908 84 415 467 1034 876 486 1038 393 419 1035 59 622 273 841 243 582 772 811 587 427 629 819 828 865 368 474 849 568 987 301 899 357 372 750 202 485 739 644 754 678 1242 386 834 359 261 921 185 894 1110 605 827 773 439 792 414 486 821 629 726 383 904 919 575 857 534 792 816 359 787 554 842 890 705 602 845 790 819 891 1250 414
482 497 370 340 534 707 497 345 532 421 396 474 343 542 423 497 286 388 483 0 696 212 708 507 381 581 107 447 451 136 424 729 459 113 716 440 860 229 225 507 95 727 822 249 493 540 139 100 311 542 264 464 908 1028 607 129 938 387 834 526 786 80 936 381 494 526 620 387 675 356 681 821 546 538 790 235 727 650 842 889 713 531 184 1007 406 847 939 83 277 427 490 230 606 789 537 452 775 512 428 808 539 697 508 668 270 115 366 866 534 532 807 663 564 393 116 635 492 721 652 453 653 581 352 268 567 31 870 794 948 212 966 354 535 165 241 566 471 431 820 353 677 312 608 838 181 398 489 437 608 498 466 695 321 375 739 695 376 363 602 399 985 422 315 786 1020 399 468 674 973 220
666 819 355 453 344 730 275 475 196 707 355 636 396 457 332 577 600 600 536 696 0 798 527 877 679 219 802 457 314 680 757 38 390 757 113 536 598 585 605 562 709 237 563 491 526 625 834 776 449 752 753 716 892 345 806 704 317 514 163 487 735 772 278 764 213 666 451 370 458 621 706 425 169 718 96 538 536 684 341 742 408 606 532 332 510 843 833 648 553 990 453 470 91 704 702 272 726 188 271 684 525 125 268 493 488 805 728 285 268 164 112 462 585 918 637 67 710 32 774 274 608 180 344 884 351 721 205 112 254 894 906 342 629 539 639 752 357 915 812 489 460 819 102 272 517 332 661 428 374 203 866 597 489 970 68 386 810 334 476 385 314 922 672 91 334 720 685 570 913 480
367 322 445 527 549 589 550 349 610 285 452 685 511 512 478 420 231 598 687 212 798 0 656 315 258 732 203 642 612 125 264 826 642 296 790 386 805 218 199 713 301 766 772 433 696 750 211 136 493 396 95 326 775 1103 452 107 986 589 912 485 678 221 1001 213 623 412 590 438 644 567 568 813 633 405 893 434 674 541 863 795 700 740 365 1077 608 717 827 185 262 222 684 345 714 691 411 530 668 633 531 719 742 767 665 625 457 166 216 908 579 643 904 630 484 181 325 746 358 819 514 599 570 721 474 86 744 223 944 882 1039 163 839 470 437 339 453 423 647 221 694 346 645 109 727 879 312 469 375 435 605 620 271 620 328 180 852 688 187 490 563 434 1054 211 201 888 1099 255 343 606 845 338
317 466 421 715 238 230 337 367 400 402 377 958 644 170 364 239 438 882 886 708 527 656 0 530 410 663 790 798 653 600 449 523 743 816 429 275 153 483 492 919 781 313 117 675 883 983 816 728 683 358 567 378 366 641 375 623 475 810 512 183 211 780 531 489 550 282 102 376 70 881 215 206 425 324 578 722 20 208 311 230 130 965 658 605 819 319 315 626 433 745 821 537 512 178 307 402 203 527 469 160 907 409 653 45 693 769 464 400 309 500 565 69 182 668 735 534 350 519 310 597 125 620 519 727 776 738 516 522 637 813 383 505 242 641 824 341 719 634 289 356 68 603 549 378 574 403 307 283 167 529 544 84 390 762 591 146 543 529 108 348 582 650 457 570 648 431 345 70 389 544
228 66 554 757 548 366 603 414 684 171 535 958 716 456 553 323 312 868 937 507 877 315 530 0 203 888 518 874 797 378 124 895 854 605 828 346 649 363 347 967 601 758 629 669 943 1014 524 449 718 174 243 167 507 1116 187 379 968 838 945 421 456 533 1005 139 761 251 511 520 552 844 356 728 713 207 963 688 542 342 814 583 625 1002 609 1084 855 458 586 447 363 250 913 533 812 483 223 618 449 759 653 522 985 803 836 518 695 480 169 886 614 755 964 538 355 190 607 845 186 888 267 764 410 863 631 327 941 525 965 930 1079 457 576 620 293 581 737 196 848 136 444 397 552 206 837 859 525 566 235 450 564 750 44 461 409 295 942 624 132 649 478 498 1060 156 237 956 1118 162 202 462 581 530
110 155 352 572 363 336 406 212 484 44 333 788 524 289 351 172 121 699 756 381 679 258 410 203 0 686 430 686 599 247 80 699 661 491 638 162 553 182 172 787 474 581 523 489 760 839 448 360 532 162 164 85 531 936 230 261 798 658 757 256 422 433 827 90 559 156 359 318 409 680 313 586 513 158 767 516 427 284 655 538 475 825 436 906 675 470 574 304 167 346 724 343 611 434 159 417 412 556 451 462 800 613 635 384 515 400 58 716 420 553 770 395 231 268 459 644 111 691 272 563 314 660 431 320 744 407 781 739 891 420 591 420 180 409 583 185 653 247 445 194 410 194 635 688 345 364 118 256 394 548 187 365 207 354 743 468 143 449 328 297 881 259 67 760 936 41 89 354 598 343
707 839 336 273 436 830 337 477 264 723 362 422 241 544 352 635 581 395 320 581 219 732 663 888 686 0 683 246 134 607 765 254 181 616 319 577 765 544 564 344 568 426 726 341 309 407 714 675 285 798 712 744 1016 543 862 627 536 312 378 565 857 649 492 757 129 722 569 375 594 422 803 611 238 769 282 377 676 775 546 890 565 388 400 537 304 960 977 557 529 945 237 387 166 832 755 289 847 142 238 822 306 321 75 622 328 695 723 502 357 163 310 594 665 882 496 163 748 251 849 134 713 45 264 813 133 600 420 325 439 792 1042 272 693 416 463 806 150 892 928 496 597 781 131 485 422 328 705 471 497 145 866 717 480 912 215 540 794 246 584 403 523 895 658 283 528 726 719 688 1049 394
537 521 474 431 631 765 599 435 637 466 498 529 442 628 525 568 355 449 554 107 802 203 790 518 430 683 0 531 550 192 457 835 551 107 822 517 942 308 299 574 135 829 906 345 565 598 33 72 406 584 285 509 960 1134 645 172 1042 464 940 609 848 37 1042 408 599 583 707 488 763 412 741 915 652 586 897 322 809 711 942 958 805 592 283 1113 483 900 1001 172 359 386 573 336 712 855 589 557 838 618 534 878 612 802 609 753 363 39 402 969 636 638 913 750 635 371 195 741 539 828 699 556 724 684 458 224 659 83 976 901 1054 125 1021 461 598 269 297 610 566 418 875 441 764 312 714 941 287 502 545 528 701 604 474 769 411 325 845 789 389 469 687 497 1091 405 364 893 1127 439 519 751 1027 326
743 838 389 117 561 917 464 506 423 729 431 181 167 647 438 697 567 151 89 447 457 642 798 874 686 246 531 0 156 525 759 494 68 441 542 630 925 511 527 122 399 628 885 211 86 187 558 547 156 830 655 762 1118 788 899 537 771 77 619 656 965 495 734 735 275 771 697 438 736 183 888 799 410 808 527 213 815 857 756 1025 728 169 278 782 63 1058 1103 458 520 863 43 344 384 949 799 398 954 305 330 948 116 537 190 754 186 554 706 728 499 340 554 731 745 816 338 393 775 489 909 212 814 279 287 710 149 455 661 567 685 653 1157 301 754 305 255 845 101 840 1026 527 739 719 358 707 350 400 744 545 638 296 842 833 498 817 460 704 757 273 701 469 766 837 638 527 774 722 745 805 1164 345
637 753 265 143 416 790 317 399 268 638 301 335 109 511 302 578 485 288 244 451 314 612 653 797 599 134 550 156 0 488 676 352 93 482 391 514 775 440 459 276 435 473 734 208 238 342 581 546 151 727 603 666 986 655 794 506 623 202 476 524 830 516 591 662 119 659 553 311 589 308 762 644 254 701 395 243 669 731 601 882 576 323 268 645 200 928 963 432 434 830 170 274 234 811 690 253 819 150 186 807 255 384 60 609 195 565 629 575 348 184 419 585 619 771 363 248 674 346 793 57 681 148 169 691 145 468 518 425 557 662 1021 181 637 286 334 739 66 787 896 419 591 671 213 554 301 268 637 418 490 140 771 694 396 792 331 551 692 152 560 343 628 787 562 393 643 638 644 666 1028 279
350 363 329 409 456 577 443 255 496 286 342 585 387 441 369 376 163 496 576 136 680 125 600 378 247 607 192 525 488 0 289 709 520 245 679 326 752 121 109 604 230 667 716 314 584 645 217 129 372 407 137 329 776 993 472 26 885 476 800 419 659 189 894 247 499 395 520 329 575 469 552 734 517 404 775 322 619 521 772 767 623 634 248 969 495 715 812 71 172 343 567 221 594 664 404 415 648 510 410 687 628 657 540 563 340 170 231 808 475 522 787 563 443 291 230 626 358 701 518 474 532 597 350 208 621 161 834 767 924 229 835 347 408 221 360 431 524 319 689 257 577 197 605 780 187 355 358 347 521 497 339 578 231 305 732 608 248 366 498 330 946 314 180 770 988 263 334 559 842 213
133 80 431 644 433 333 483 291 562 53 412 853 599 349 430 221 194 764 826 424 757 264 449 124 80 765 457 759 676 289 0 775 736 530 712 230 584 249 236 857 519 648 558 558 831 907 470 385 604 133 173 74 511 1005 189 298 862 728 830 315 423 465 895 52 639 171 413 398 460 742 315 637 591 148 843 581 464 291 714 547 529 894 502 974 744 454 569 354 243 296 798 416 690 442 158 496 415 636 530 475 872 687 714 430 584 422 59 781 495 632 845 445 268 220 514 722 105 768 251 642 340 740 509 308 821 447 852 813 964 424 576 499 208 474 641 161 729 186 433 274 460 173 714 753 413 443 142 331 457 627 111 393 286 318 821 525 98 527 381 376 950 202 123 836 1006 40 104 387 582 415
680 835 382 490 355 733 294 498 219 725 380 673 433 465 356 589 624 637 572 729 38 826 523 895 699 254 835 494 352 709 775 0 427 793 97 551 586 612 632 598 745 223 552 528 562 661 867 808 486 765 779 732 888 308 816 734 282 551 125 496 733 806 241 784 250 678 453 395 455 659 710 408 195 730 69 574 532 689 318 734 401 642 567 294 547 841 825 679 577 1014 489 502 127 701 713 298 725 224 303 679 560 115 305 492 525 838 749 255 282 199 78 461 593 942 673 105 724 8 781 312 611 216 378 912 385 754 168 74 220 925 900 375 640 574 676 763 394 937 811 511 457 844 139 244 550 358 675 445 377 239 885 596 513 996 71 380 832 368 480 407 277 944 695 62 297 739 700 571 906 512
709 814 344 120 505 872 407 470 360 702 384 249 138 597 387 656 543 214 153 459 390 642 743 854 661 181 551 68 93 520 736 427 0 469 475 590 867 492 509 184 424 563 826 212 147 250 580 558 150 798 645 732 1071 723 866 535 704 131 552 609 916 515 667 716 210 734 643 392 679 241 844 736 346 774 461 229 760 813 690 971 668 231 279 716 123 1012 1051 457 494 863 79 322 316 898 763 342 905 240 275 896 164 470 123 699 190 570 685 660 440 274 488 676 701 810 357 325 743 422 870 149 766 212 243 715 109 471 594 500 620 669 1108 257 714 304 295 811 34 831 980 491 682 711 290 640 338 351 709 500 581 231 824 782 464 820 395 643 742 227 648 424 700 829 617 461 709 698 713 753 1115 325
594 600 457 351 632 819 585 450 610 531 488 424 376 648 514 609 398 347 456 113 757 296 816 605 491 616 107 441 482 245 530 793 469 0 791 551 968 340 337 474 49 814 929 275 468 494 125 161 332 651 364 574 1020 1097 716 233 1019 370 904 634 898 77 1011 485 548 637 726 480 780 309 793 920 620 648 850 242 835 762 934 1001 814 489 226 1079 389 959 1051 195 387 491 482 312 667 900 648 534 887 570 499 919 515 774 542 776 288 142 473 950 624 594 869 769 675 471 122 693 602 785 763 497 764 623 419 328 577 85 943 861 1011 229 1078 424 647 221 196 676 488 515 932 461 782 403 664 923 264 485 600 541 709 555 563 806 427 431 794 796 474 426 709 496 1058 504 425 847 1088 507 579 784 1085 303
608 767 352 519 281 644 241 449 185 660 339 723 454 385 312 514 575 677 626 716 113 790 429 828 638 319 822 542 391 679 712 97 475 791 0 483 489 573 592 654 744 126 456 540 618 719 854 787 507 689 734 663 794 315 737 704 236 591 123 418 640 795 221 726 276 601 365 353 362 695 622 313 172 654 150 590 437 602 230 637 305 700 569 292 590 747 729 658 533 966 545 487 160 606 637 266 632 246 293 584 621 26 354 400 542 820 691 186 219 213 141 369 511 891 674 157 652 94 696 342 522 276 374 875 452 744 156 103 254 902 804 368 562 571 696 686 443 881 717 458 364 796 189 167 536 325 602 383 290 259 822 504 466 953 168 285 775 368 393 359 269 890 642 142 310 677 630 479 810 497
133 285 250 525 204 293 263 127 345 178 217 762 464 129 226 69 164 677 710 440 536 386 275 346 162 577 517 630 514 326 230 551 590 551 483 0 427 212 219 743 520 420 391 461 711 802 542 454 488 223 301 181 499 776 285 348 636 620 600 100 358 509 666 252 448 146 205 205 259 667 265 431 375 192 619 500 294 232 494 452 318 786 426 745 633 438 509 357 164 507 663 308 477 354 179 291 346 439 341 370 745 458 538 241 483 495 219 554 269 428 619 245 129 429 484 508 176 544 281 468 215 545 348 461 657 470 622 585 735 539 548 335 125 403 589 229 576 408 407 107 260 347 505 526 333 251 130 110 233 433 340 256 142 510 601 309 305 364 178 175 721 421 191 611 777 198 150 235 555 312
453 588 561 851 370 301 462 519 510 540 518 1092 778 320 502 385 590 1020 1014 860 598 805 153 649 553 765 942 925 775 752 584 586 867 968 489 427 0 636 644 1047 933 364 42 818 1010 1112 968 880 821 476 714 511 347 628 477 775 459 944 541 335 234 932 528 627 664 413 246 518 196 1021 300 187 531 446 629 866 134 308 303 164 201 1094 805 592 952 322 254 778 585 878 945 684 604 194 432 529 234 638 596 153 1030 474 767 193 834 921 606 399 428 608 610 204 323 803 885 620 480 583 399 718 244 721 654 872 887 891 533 565 651 962 335 641 378 789 970 454 840 764 302 508 193 745 642 386 723 540 444 432 290 643 670 192 542 900 657 226 680 663 259 492 572 782 605 621 640 571 481 200 340 692
266 329 232 395 338 484 333 136 394 225 235 607 354 321 261 269 64 518 578 229 585 218 483 363 182 544 308 511 440 121 249 612 492 340 573 212 636 0 21 608 312 551 599 310 582 659 334 248 356 339 171 264 689 886 409 146 771 479 695 302 560 297 784 225 425 306 401 220 456 499 458 614 418 327 679 335 502 426 653 661 502 645 255 860 495 627 713 146 52 407 551 170 504 561 323 315 549 430 324 580 623 550 484 445 335 288 195 693 362 436 688 444 336 340 286 537 285 604 440 413 425 526 281 303 583 259 726 665 822 347 744 273 310 227 404 360 488 349 598 137 458 239 520 664 165 254 271 227 401 419 333 467 113 385 642 488 253 298 380 217 836 351 128 674 882 214 257 447 751 168
262 315 252 410 353 483 352 152 414 215 254 618 371 332 280 272 61 529 592 225 605 199 492 347 172 564 299 527 459 109 236 632 509 337 592 219 644 21 0 622 312 568 608 323 597 672 325 237 371 332 151 255 687 905 400 133 788 492 714 311 561 291 802 209 445 303 412 240 467 509 457 627 438 321 699 346 511 425 668 665 515 658 266 878 509 625 714 143 65 387 567 188 524 564 319 334 550 450 344 584 638 568 503 455 349 278 181 710 380 456 708 454 340 320 290 557 278 624 435 433 429 546 300 285 601 255 745 685 842 333 743 293 310 238 412 353 506 329 597 151 469 219 540 681 178 274 267 242 415 439 316 472 130 365 662 501 235 318 389 235 855 332 114 693 901 201 251 453 750 184
851 936 507 219 682 1032 586 618 543 830 549 89 282 766 557 811 667 129 34 507 562 713 919 967 787 344 574 122 276 604 857 598 184 474 654 743 1047 608 622 0 440 746 1006 299 38 67 597 603 258 936 738 865 1235 882 1006 612 879 130 722 774 1083 539 836 829 393 881 817 555 857 168 1004 919 529 916 624 283 936 972 873 1145 849 48 359 879 113 1175 1222 534 623 932 110 446 495 1068 908 519 1072 423 452 1068 54 651 301 875 274 603 802 839 620 457 652 852 861 892 392 501 881 594 1020 332 932 383 405 773 221 507 764 669 776 698 1276 419 867 388 278 953 215 922 1143 638 860 800 467 820 444 520 853 662 759 414 933 952 607 881 557 825 845 392 821 587 865 917 735 625 866 821 851 924 1283 446
572 592 413 305 592 795 541 415 563 515 445 397 328 613 470 581 373 315 420 95 709 301 781 601 474 568 135 399 435 230 519 745 424 49 744 520 933 312 312 440 0 769 894 228 431 466 160 172 285 635 359 557 998 1049 701 223 973 331 857 600 872 99 964 476 500 615 689 438 743 279 769 880 573 629 802 196 801 737 890 972 775 459 178 1031 350 937 1025 171 357 507 441 268 619 873 628 488 861 522 452 890 478 727 494 740 241 165 461 905 580 546 821 732 647 480 73 645 584 737 744 449 735 575 371 344 532 78 895 814 963 259 1055 377 622 174 164 659 442 521 909 426 745 404 615 878 220 441 578 503 669 507 560 775 392 450 745 756 470 379 674 455 1010 511 408 799 1040 493 559 753 1061 259
532 694 359 585 221 535 231 418 218 596 331 807 514 303 304 436 540 751 716 727 237 766 313 758 581 426 829 628 473 667 648 223 563 814 126 420 364 551 568 746 769 0 330 588 709 812 860 785 566 606 698 591 674 358 646 693 221 667 201 338 523 807 248 670 354 518 263 342 249 763 515 190 222 570 269 639 318 499 130 513 185 792 603 326 669 630 605 659 505 921 637 503 260 488 552 283 515 323 333 462 718 112 447 289 594 821 637 142 194 289 254 258 420 844 704 268 575 220 598 418 415 381 412 850 556 756 212 210 332 895 681 402 476 599 748 599 532 827 601 422 251 755 295 113 552 330 525 335 197 334 757 392 439 917 293 168 723 412 295 337 302 839 597 261 360 617 557 369 687 512
426 566 520 810 329 292 421 480 470 512 477 1050 737 282 461 353 554 979 973 822 563 772 117 629 523 726 906 885 734 716 558 552 826 929 456 391 42 599 608 1006 894 330 0 777 969 1071 932 844 780 455 682 485 362 611 461 739 441 903 514 298 235 895 508 600 624 388 206 477 155 980 287 164 491 424 598 825 98 291 281 186 162 1053 765 575 910 331 279 741 548 853 904 644 567 195 409 488 233 598 555 157 989 439 727 154 793 885 577 377 387 568 579 164 293 777 846 583 455 549 387 678 220 682 613 841 848 853 508 535 627 929 357 600 350 749 929 435 800 740 308 469 152 716 604 362 683 499 416 392 248 603 647 168 503 873 623 187 653 622 221 451 553 757 572 590 621 543 454 172 363 651
559 637 258 95 451 754 374 335 371 533 300 303 101 510 318 529 369 217 269 249 491 433 675 669 489 341 345 211 208 314 558 528 212 275 540 461 818 310 323 299 228 588 777 0 275 351 375 347 62 641 445 569 960 835 711 327 774 170 645 510 814 310 757 531 279 592 575 301 623 208 725 727 373 623 581 52 694 693 715 892 635 336 69 820 187 898 960 249 327 655 253 154 402 804 616 310 802 304 256 811 317 526 267 631 26 362 503 713 413 332 602 615 585 605 155 426 586 521 731 223 664 349 177 504 318 263 686 599 744 460 1006 188 582 95 161 659 223 631 867 354 625 509 394 688 146 281 561 398 532 289 635 693 320 610 522 612 549 177 570 328 800 627 436 579 825 523 557 666 1013 151
822 910 473 189 646 1000 549 587 506 803 515 116 249 732 522 779 640 132 15 493 526 696 883 943 760 309 565 86 238 584 831 562 147 468 618 711 1010 582 597 38 431 709 969 275 0 104 590 590 229 907 717 838 1202 848 977 593 843 108 687 740 1049 530 801 805 356 851 782 522 821 171 971 882 492 887 590 263 900 940 836 1110 813 85 338 845 89 1142 1188 515 595 917 74 418 459 1033 878 483 1038 386 415 1033 48 614 265 839 249 593 777 803 583 420 618 817 828 873 378 465 852 558 989 295 898 347 371 759 189 496 728 634 743 689 1242 385 836 366 273 923 177 902 1110 607 824 780 430 784 419 485 823 629 723 377 910 918 577 866 523 788 823 358 786 553 831 897 709 591 833 795 822 889 1249 418
907 986 570 277 746 1093 651 677 609 883 612 72 343 829 621 870 719 152 99 540 625 750 983 1014 839 407 598 187 342 645 907 661 250 494 719 802 1112 659 672 67 466 812 1071 351 104 0 619 633 315 991 782 919 1297 941 1061 652 942 184 784 836 1145 564 898 877 460 939 882 618 922 187 1064 985 595 972 684 327 1001 1032 939 1210 915 20 407 938 170 1236 1286 575 677 967 175 501 560 1130 964 584 1134 489 517 1132 104 716 367 939 326 630 851 904 686 523 713 917 922 930 425 565 936 657 1078 398 994 447 468 806 280 537 826 732 834 722 1338 482 926 435 303 1008 281 963 1204 697 925 841 531 885 495 583 910 724 824 480 979 1015 665 912 617 890 890 456 884 649 926 956 785 686 925 872 906 987 1345 500
557 531 506 460 660 784 631 463 669 482 529 548 473 655 556 591 379 471 578 139 834 211 816 524 448 714 33 558 581 217 470 867 580 125 854 542 968 334 325 597 160 860 932 375 590 619 0 90 436 600 297 525 977 1166 658 195 1073 490 972 635 868 66 1073 420 631 602 734 519 790 433 760 944 684 603 929 351 835 731 973 980 834 614 315 1145 509 917 1021 202 385 378 600 368 744 877 607 589 858 650 566 901 637 834 640 779 392 49 417 1000 667 670 945 777 658 369 223 773 556 860 716 588 747 716 490 218 688 115 1008 933 1086 105 1039 493 619 300 319 626 595 419 893 469 792 319 746 972 319 534 565 557 730 636 481 793 439 315 877 818 397 502 713 528 1123 405 383 925 1159 455 537 775 1045 358
468 450 436 439 580 695 557 380 602 395 455 566 438 569 483 502 291 482 580 100 776 136 728 449 360 675 72 547 546 129 385 808 558 161 787 454 880 248 237 603 172 785 844 347 590 633 90 0 409 513 214 438 889 1101 573 106 1001 485 907 547 779 86 1005 337 581 513 648 444 704 448 671 861 620 515 871 334 747 641 894 891 750 626 281 1078 504 829 932 130 299 336 589 306 687 787 518 521 769 597 505 811 637 766 603 691 368 42 331 926 592 614 886 691 569 311 212 718 469 800 628 544 657 672 435 173 665 97 942 870 1026 119 951 435 530 260 332 539 569 355 804 384 705 245 693 898 261 464 475 473 647 583 406 704 356 279 823 734 319 448 626 450 1056 344 294 867 1095 368 448 686 957 297
594 683 263 40 451 779 365 362 349 575 306 277 54 522 320 556 412 200 226 311 449 493 683 718 532 285 406 156 151 372 604 486 150 332 507 488 821 356 371 258 285 566 780 62 229 315 436 409 0 679 500 609 983 793 749 386 743 133 607 526 834 371 720 580 237 624 581 310 626 202 750 717 347 659 536 93 701 718 695 905 632 299 130 780 146 922 977 308 367 714 197 190 361 821 651 298 822 265 237 825 268 496 210 639 44 423 551 686 404 296 558 620 608 663 214 382 624 480 763 176 683 296 167 565 257 325 648 559 699 522 1027 181 611 154 191 696 161 686 891 382 629 566 349 661 195 281 596 413 532 251 686 708 351 670 475 608 601 161 580 340 761 684 483 534 782 567 594 680 1034 190
91 112 466 719 410 203 483 329 566 121 437 943 664 305 448 176 276 854 904 542 752 396 358 174 162 798 584 830 727 407 133 765 798 651 689 223 476 339 332 936 635 606 455 641 907 991 600 513 679 0 304 78 379 962 70 419 808 809 800 272 295 590 850 185 669 89 349 424 385 837 189 559 596 37 831 672 369 170 650 420 459 976 592 929 824 321 437 466 315 409 866 490 698 317 54 513 287 660 561 354 945 664 756 349 666 551 183 727 484 650 828 371 190 337 621 729 56 758 118 685 237 767 559 440 872 567 816 791 934 557 443 546 130 565 743 28 786 293 300 309 385 305 727 701 499 471 94 332 410 654 195 288 334 441 818 461 227 576 316 396 904 311 228 823 965 146 85 289 449 491
272 238 401 538 478 495 493 286 560 190 400 722 508 429 424 329 160 632 710 264 753 95 567 243 164 712 285 655 603 137 173 779 645 364 734 301 714 171 151 738 359 698 682 445 717 782 297 214 500 304 0 232 682 1044 361 137 919 610 856 400 583 295 938 124 595 317 506 385 559 606 473 731 585 310 847 456 584 446 787 701 618 770 380 1016 629 623 733 208 202 237 696 329 674 596 316 482 573 600 495 625 761 710 650 538 471 250 122 838 517 606 854 545 392 170 366 707 264 771 420 580 477 696 449 161 742 283 885 829 986 257 745 443 343 352 496 330 645 187 600 278 560 69 691 810 308 422 281 364 527 589 203 527 268 220 811 608 113 466 477 375 992 185 111 841 1041 160 248 514 751 324
63 104 410 649 382 264 443 269 525 44 385 869 597 289 399 157 201 781 834 464 716 326 378 167 85 744 509 762 666 329 74 732 732 574 663 181 511 264 255 865 557 591 485 569 838 919 525 438 609 78 232 0 452 949 146 342 802 737 778 255 354 513 838 121 616 98 348 371 392 762 245 569 554 79 800 597 392 220 650 476 462 904 517 917 753 393 502 388 243 368 799 420 655 371 87 465 345 610 507 403 876 638 698 360 594 477 110 720 450 602 799 377 197 292 544 687 34 725 191 626 267 716 497 377 811 490 798 765 913 488 514 485 136 491 667 102 723 256 369 250 392 243 682 693 425 418 72 289 397 603 170 320 270 391 782 460 171 515 314 345 893 273 150 792 951 72 35 314 521 420
427 468 730 1020 581 207 680 625 753 495 689 1259 954 477 685 432 626 1176 1202 908 892 775 366 507 531 1016 960 1118 986 776 511 888 1071 1020 794 499 347 689 687 1235 998 674 362 960 1202 1297 977 889 983 379 682 452 0 972 328 791 803 1115 868 463 159 963 869 563 896 384 449 681 435 1165 235 525 780 374 942 999 357 268 642 187 490 1279 924 936 1127 63 117 828 650 756 1147 807 873 188 372 737 170 876 801 212 1232 773 997 400 981 928 560 738 659 853 927 431 375 695 973 896 421 884 262 934 306 975 832 815 1120 935 866 883 987 935 70 818 381 900 1086 352 1052 643 93 606 432 681 909 722 830 721 420 574 524 876 545 300 641 800 956 509 600 846 433 650 915 663 597 933 983 523 442 328 75 811
890 1052 666 796 574 870 553 759 499 953 653 963 740 661 626 794 884 936 860 1028 345 1103 641 1116 936 543 1134 788 655 993 1005 308 723 1097 315 776 628 886 905 882 1049 358 611 835 848 941 1166 1101 793 962 1044 949 972 0 999 1019 170 851 195 695 838 1106 112 1025 557 874 615 666 589 961 854 449 482 925 262 882 640 843 334 791 515 923 872 37 845 940 881 972 844 1272 777 799 434 799 908 581 833 531 601 765 838 337 604 628 832 1133 991 241 527 504 237 601 774 1196 978 411 933 314 944 618 757 512 680 1189 662 1054 160 236 109 1216 962 675 832 877 983 953 690 1182 915 767 590 1104 445 264 847 639 882 685 554 546 1115 724 778 1263 328 507 1077 671 648 670 59 1193 947 263 20 973 915 706 967 808
158 140 532 788 462 182 541 397 624 187 501 1012 733 352 510 231 345 924 974 607 806 452 375 187 230 862 645 899 794 472 189 816 866 716 737 285 477 409 400 1006 701 646 461 711 977 1061 658 573 749 70 361 146 328 999 0 483 840 878 844 320 271 652 887 239 733 142 385 488 413 906 177 581 654 94 881 741 384 171 679 397 488 1046 661 965 893 275 401 533 384 435 935 560 756 300 107 575 265 723 625 340 1014 712 822 375 735 611 243 761 539 710 877 401 228 370 689 786 125 810 81 751 251 829 626 487 938 632 858 839 977 609 396 613 177 635 812 56 854 319 259 376 413 354 786 736 569 535 158 392 452 717 220 298 402 475 872 493 272 643 352 460 941 339 294 874 1003 209 155 306 401 561
367 369 354 422 482 594 469 281 521 299 367 590 404 465 394 397 186 501 585 129 704 107 623 379 261 627 172 537 506 26 298 734 535 233 704 348 775 146 133 612 223 693 739 327 593 652 195 106 386 419 137 342 791 1019 483 0 911 486 826 443 677 172 920 253 522 412 545 354 600 473 570 760 542 418 799 331 642 539 797 787 648 641 260 995 505 731 830 79 197 328 579 243 618 684 420 440 666 533 434 707 639 682 559 587 352 147 240 834 501 546 812 587 464 280 232 650 372 726 533 494 553 618 372 186 638 150 859 793 949 203 852 369 427 233 362 444 541 311 705 283 601 190 628 805 206 380 374 373 547 520 339 599 257 287 756 633 249 388 522 356 971 305 195 794 1014 275 350 581 858 235
741 903 568 754 441 704 444 638 410 810 546 951 689 514 519 645 760 910 852 938 317 986 475 968 798 536 1042 771 623 885 862 282 704 1019 236 636 459 771 788 879 973 221 441 774 843 942 1073 1001 743 808 919 802 803 170 840 911 0 824 163 548 670 1017 77 887 510 721 459 558 428 929 690 280 402 771 274 824 473 680 166 622 353 923 800 134 822 771 712 874 725 1140 769 710 390 630 754 487 665 480 523 595 841 249 581 467 776 1036 854 82 410 448 245 440 618 1063 905 379 783 286 782 576 595 496 605 1070 666 966 126 215 209 1112 793 598 679 800 931 797 671 1043 746 643 428 975 414 110 759 540 733 555 406 494 970 559 659 1137 335 348 940 601 493 555 114 1056 816 270 182 832 767 542 798 720
724 807 392 96 575 911 484 494 454 702 435 148 167 652 446 688 538 87 101 387 514 589 810 838 658 312 464 77 202 476 728 551 131 370 591 620 944 479 492 130 331 667 903 170 108 184 490 485 133 809 610 737 1115 851 878 486 824 0 676 657 965 428 791 700 317 755 708 439 751 111 882 830 446 789 590 156 828 850 796 1034 751 168 231 843 20 1054 1108 407 495 810 114 319 435 952 781 417 954 348 351 955 154 584 248 766 144 490 673 775 521 382 616 745 740 766 274 448 753 546 894 251 814 339 292 653 225 391 718 625 750 587 1158 306 743 259 180 825 162 794 1023 514 754 673 413 753 315 408 727 544 655 336 804 838 482 760 524 727 716 282 708 470 826 790 606 589 838 692 724 810 1165 318
