340
0 488 636 616 709 313 515 99 121 668 294 275 197 641 234 61 311 304 494 613 98 333 91 76 504 139 317 309 254 221 319 213 284 102 605 323 309 368 668 282 696 273 638 605 282 412 492 522 238 284 534 787 540 441 689 415 675 466 680 828 669 428 509 551 628 164 242 904 612 714 744 334 287 406 647 528 554 536 375 507 530 690 355 369 711 675 499 570 814 647 192 407 507 53 585 406 175 478 678 168 269 399 675 666 527 84 595 26 354 146 354 242 521 745 409 618 221 496 206 634 515 759 898 660 621 496 687 360 825 657 617 245 700 488 332 257 395 203 400 167 666 138 757 420 499 223 297 539 390 230 411 681 326 685 263 707 448 780 205 318 517 389 691 193 305 777 393 157 606 167 710 432 604 669 539 657 392 222 204 718 674 485 234 257 421 696 487 231 325 678 692 312 487 436 581 605 505 784 716 716 443 587 695 263 481 547 792 505 147 221 639 338 722 385 111 772 129 239 709 381 569 684 729 610 525 273 469 289 363 551 389 526 846 458 814 73 227 755 158 407 214 714 216 481 495 622 908 438 915 531 502 704 507 226 143 247 181 490 757 482 679 501 661 789 465 632 719 767 338 537 140 286 408 416 735 497 701 855 244 440 287 140 87 357 305 525 190 145 586 488 610 530 829 745 510 807 587 147 700 515 125 192 750 693 668 28 387 749 388 318 843 139 687 237 41 336 484 945 608 582 444 558 592 369 307 46 626 277 963 704 98 564 484 328 153 80 357 59 333 293
488 0 703 632 449 800 592 459 384 187 282 378 663 156 475 508 432 655 475 186 569 618 399 519 453 358 172 508 734 697 227 450 240 568 325 540 215 294 277 207 437 701 469 532 769 460 523 398 315 258 526 299 217 365 743 390 310 274 595 357 249 547 141 187 413 629 690 442 339 339 334 155 765 317 363 704 105 72 256 176 151 427 558 333 225 244 51 623 466 315 493 456 518 481 99 440 597 470 448 598 694 96 191 237 228 406 110 505 326 633 648 450 176 282 299 463 406 20 661 320 240 346 439 468 368 473 651 259 338 290 288 584 240 532 267 233 276 687 119 654 381 464 286 131 143 687 784 364 391 587 211 387 587 234 738 545 654 441 446 482 518 115 274 648 617 319 557 581 275 565 291 279 176 390 402 366 383 698 340 705 254 201 317 259 197 484 218 383 389 204 241 369 130 656 371 265 392 342 764 441 146 250 341 747 386 501 466 635 429 692 406 818 440 435 484 397 528 429 252 156 109 304 309 278 236 529 127 398 644 421 197 40 449 46 429 539 648 571 574 88 638 751 599 234 81 531 426 319 447 69 105 518 570 703 381 685 343 300 270 80 519 32 174 345 355 621 443 280 333 131 558 203 333 353 567 190 215 403 452 316 649 623 463 160 344 377 672 613 382 239 463 128 368 259 27 410 109 360 632 78 476 445 553 769 389 482 144 350 421 573 429 608 257 479 514 216 528 465 404 225 190 542 544 276 786 463 218 763 494 478 391 235 289 632 392 540 546 475 200 574
636 703 0 84 1134 758 128 539 566 848 776 407 607 763 403 584 889 417 1041 641 605 343 608 712 252 659 648 328 668 787 752 428 536 596 1007 941 725 850 979 621 433 535 321 208 772 978 1063 1016 491 742 1092 888 901 338 54 319 1012 904 205 814 642 210 829 568 1079 767 570 841 1020 591 651 637 828 893 1049 159 807 772 828 548 845 1111 285 876 808 660 750 81 585 524 815 973 1071 583 771 281 804 1028 395 795 884 694 843 936 904 612 736 659 861 665 341 840 862 749 883 1106 800 691 809 1012 908 662 829 349 1044 1041 141 818 890 568 982 425 720 1064 464 637 430 669 597 710 465 499 946 764 576 811 758 1004 927 446 494 1078 330 698 655 308 221 558 436 323 1077 612 973 581 377 991 244 788 522 505 990 424 641 1077 1028 1055 924 643 503 122 954 513 494 707 819 373 876 441 877 744 929 385 810 238 1030 960 1003 724 80 456 795 533 1042 697 984 1088 546 135 499 625 402 859 1131 295 527 609 764 828 934 561 679 589 1006 972 909 896 797 383 325 1046 794 711 675 659 641 598 521 1236 524 694 527 80 850 477 774 1148 915 384 863 676 798 339 144 646 536 551 529 936 877 628 304 733 812 732 956 114 459 886 853 830 774 634 904 922 319 861 800 781 397 915 435 642 550 722 410 1005 656 750 1039 893 301 612 789 874 700 657 795 558 184 649 512 449 1222 68 1076 609 742 637 941 332 701 604 953 849 612 759 182 929 1063 921 514 1115 183 838 838 595 618 785 901 1153 614 527 422 361 723 709 971 687 541 361
616 632 84 0 1069 771 107 517 533 771 726 365 612 685 384 568 848 433 992 561 597 354 577 692 179 622 591 312 680 785 698 403 482 588 942 909 671 798 908 566 350 552 238 125 780 933 1017 961 446 691 1044 807 835 270 112 258 941 846 132 731 560 192 762 490 1018 757 583 758 955 508 568 578 831 840 984 207 735 701 773 472 777 1047 280 826 728 578 680 56 504 441 786 928 1024 564 696 230 788 980 313 780 873 630 765 863 840 582 659 639 811 663 359 805 796 667 829 1049 762 619 800 946 844 579 746 266 981 992 85 764 808 485 914 428 639 1019 406 586 365 674 530 708 382 478 868 701 501 805 769 945 879 448 425 1012 334 617 668 230 246 476 411 299 1030 547 900 586 387 914 236 771 441 501 916 354 562 1012 972 989 875 651 462 103 881 438 449 658 759 292 814 404 832 664 854 339 744 264 969 892 948 641 133 374 732 452 972 708 931 1037 465 152 473 633 319 865 1065 248 509 526 742 791 858 496 602 507 932 905 845 865 732 343 344 990 735 638 593 589 558 586 529 1176 521 629 534 120 831 403 705 1094 832 315 780 601 729 259 110 654 502 564 490 877 797 556 224 663 734 649 901 36 377 806 804 760 755 580 852 871 245 797 720 698 372 860 449 640 529 663 361 948 660 739 979 831 218 536 706 794 627 574 721 522 120 575 493 425 1161 143 1010 588 682 554 895 333 619 602 879 816 596 704 135 846 1003 853 443 1066 100 785 842 572 538 791 819 1091 582 448 347 375 688 692 936 663 481 362
709 449 1134 1069 0 980 1014 742 667 402 420 756 904 483 824 759 437 980 292 598 806 971 650 689 891 582 494 882 951 838 413 794 609 810 128 516 436 341 214 529 877 979 918 977 935 361 341 204 672 440 301 499 235 800 1178 816 171 249 1043 644 648 954 310 629 85 770 951 723 115 748 719 501 895 303 87 1106 358 390 342 624 299 23 938 343 502 634 399 1054 871 747 579 363 321 735 424 858 707 303 893 714 767 441 416 277 230 653 475 711 356 839 1001 507 276 613 301 138 502 465 780 131 228 725 727 915 93 287 1096 356 550 713 164 908 594 354 672 525 705 897 540 835 820 769 381 371 591 810 961 173 340 902 645 66 947 603 963 993 1043 854 787 865 311 523 252 901 958 346 950 700 714 855 251 717 590 60 186 85 334 923 678 1149 260 649 672 475 323 929 260 741 401 543 318 764 327 1040 129 187 220 689 1201 878 339 690 146 950 243 260 882 1047 740 926 851 943 31 847 770 795 659 497 333 574 522 717 252 173 225 547 338 781 1002 183 353 457 821 486 815 780 930 140 854 441 917 1189 673 682 370 213 643 756 714 500 345 965 995 927 684 954 663 222 472 528 967 419 442 687 249 1062 879 473 373 320 685 516 304 299 1014 273 500 718 810 269 967 841 739 420 737 191 887 764 125 246 911 570 675 461 462 790 396 655 1079 521 771 779 118 1201 61 721 395 740 358 934 790 846 277 532 748 400 953 683 106 226 633 294 987 343 915 713 633 920 743 48 640 678 734 979 557 712 493 662 595 924
313 800 758 771 980 0 665 358 422 980 588 524 167 952 432 298 547 342 721 915 238 418 402 300 721 448 629 479 92 149 623 433 584 242 891 496 616 652 970 594 951 224 871 805 50 637 699 780 524 586 747 1098 840 687 807 651 972 754 871 1134 967 587 817 848 896 212 189 1207 895 1000 1037 645 120 683 930 609 865 848 667 803 838 964 494 641 1022 975 811 716 1087 928 403 634 718 324 897 619 278 706 926 270 260 711 987 973 825 395 906 297 630 168 418 474 825 1050 690 869 481 808 211 924 810 1052 1200 899 900 725 854 653 1136 945 912 348 1005 690 615 569 670 119 707 151 932 372 1069 730 799 185 20 809 642 328 701 963 438 989 103 927 538 1052 430 505 730 698 997 193 385 1087 539 283 890 293 1015 704 907 949 798 941 648 126 490 868 980 776 520 564 722 936 784 487 579 987 1001 560 795 520 853 903 763 1083 831 974 750 875 989 65 740 773 1060 626 404 141 893 116 998 599 341 1055 322 483 1019 684 877 973 1033 905 821 451 777 526 433 806 692 838 1132 769 1098 266 243 999 274 719 240 836 323 765 806 850 1217 699 1219 840 812 933 667 121 433 208 474 772 1069 790 902 814 973 1089 732 798 978 1079 612 846 296 598 679 682 953 799 1012 1155 457 717 324 181 350 668 564 790 135 217 856 783 840 834 1132 1057 822 1095 899 447 880 823 355 421 999 796 948 319 697 1040 629 441 1134 205 994 452 288 640 663 1253 875 884 737 769 785 657 113 339 925 71 1267 966 409 853 755 398 441 276 530 337 634 411
515 592 128 107 1014 665 0 417 440 748 649 280 506 667 282 465 762 328 914 552 492 249 482 591 160 532 525 208 574 679 626 304 412 483 888 816 600 725 868 496 392 447 280 173 673 851 936 891 365 615 966 800 783 229 179 203 898 781 217 744 564 87 713 475 957 653 477 782 900 529 587 515 724 768 931 140 697 663 703 448 730 992 174 750 718 581 638 55 550 455 691 846 944 463 666 158 686 902 355 677 769 575 744 828 785 487 636 538 734 557 257 714 745 672 758 982 673 582 695 895 787 599 770 311 924 915 189 693 809 496 865 321 639 937 343 511 316 567 481 602 409 377 848 644 474 700 663 880 800 342 382 960 228 617 562 300 152 518 312 198 950 495 864 480 281 891 130 669 444 395 882 316 551 958 903 937 797 544 376 208 845 411 367 581 696 344 756 314 750 656 824 259 693 168 907 844 877 658 206 417 676 450 928 602 859 961 512 65 375 527 347 759 1012 170 407 558 643 701 831 444 580 521 899 856 790 771 680 256 241 921 671 604 631 547 595 482 423 1114 415 576 427 201 730 377 660 1022 845 277 802 572 683 321 23 548 410 458 402 812 787 521 284 622 714 665 831 134 421 796 726 716 654 510 778 796 320 742 710 721 273 791 344 534 429 599 285 881 553 635 917 771 251 512 722 782 592 607 689 432 218 545 391 326 1100 193 957 488 621 576 814 226 652 496 846 724 494 635 65 863 941 806 406 988 145 713 736 472 535 684 844 1032 488 440 324 271 597 590 845 564 420 256
99 459 539 517 742 358 417 0 80 645 323 183 206 606 136 64 380 240 556 559 121 250 94 175 408 163 296 212 281 299 333 114 230 116 629 410 316 404 673 257 611 248 546 508 339 479 562 569 167 303 601 755 551 351 592 322 685 494 583 779 610 330 507 491 666 253 232 851 638 645 680 307 361 446 672 437 539 516 401 446 529 722 261 413 675 618 479 472 738 574 280 474 575 49 558 309 273 542 591 265 364 380 650 661 541 94 560 123 398 195 276 318 525 695 444 666 287 464 296 653 532 696 844 570 652 558 589 387 788 589 632 171 650 560 259 241 317 240 356 231 586 41 740 417 443 309 345 577 446 162 344 706 238 633 283 613 358 702 107 219 584 350 691 190 228 766 296 255 535 115 709 353 551 697 585 682 447 243 133 620 672 419 163 270 433 606 502 140 384 635 681 221 484 348 617 618 552 726 619 632 444 519 709 298 529 609 713 409 52 235 554 408 751 288 29 701 226 310 697 330 526 617 729 624 541 362 466 194 282 599 401 494 777 423 744 94 195 804 118 387 184 616 314 410 482 681 865 353 863 491 494 612 408 248 79 228 120 521 727 438 586 478 632 732 509 534 636 737 384 530 238 265 451 463 641 506 664 798 146 478 226 178 13 354 217 568 223 234 623 507 518 479 776 716 478 739 564 101 602 472 33 93 797 597 696 72 384 684 450 228 777 154 683 320 87 349 386 899 646 590 380 625 495 400 378 56 568 339 912 743 104 497 404 250 209 177 442 149 279 207
121 384 566 533 667 422 440 80 0 568 251 172 280 533 174 125 328 313 496 495 186 311 45 184 401 98 218 247 351 342 256 145 165 184 552 377 237 332 593 180 578 327 527 505 397 423 508 500 119 228 544 681 472 330 618 309 607 419 581 713 550 356 428 432 593 284 310 788 561 594 624 230 407 375 596 482 461 439 326 388 449 646 303 345 603 557 402 493 694 526 254 418 519 98 482 310 284 482 562 279 383 302 574 582 463 52 487 145 329 255 339 275 446 630 372 597 237 390 325 575 455 639 781 548 576 498 597 312 717 536 554 242 584 508 212 162 276 306 286 283 547 102 663 338 380 343 407 505 383 235 291 630 293 569 355 599 406 660 136 245 527 278 611 266 294 687 331 265 485 194 630 313 487 621 515 606 383 315 86 634 593 364 115 193 355 582 423 130 324 566 603 206 405 398 543 539 484 666 645 598 365 467 630 365 461 548 673 443 77 308 522 458 675 289 108 652 224 264 619 264 456 563 649 545 463 333 387 191 343 530 323 420 726 349 694 157 275 735 198 309 263 640 315 361 403 617 796 322 799 420 415 593 427 319 31 307 61 446 653 369 570 401 557 671 439 545 601 663 317 451 244 186 381 395 627 427 592 737 172 406 301 242 81 274 194 497 290 265 550 430 500 414 712 642 404 687 488 27 605 402 105 125 726 627 619 105 305 629 391 281 723 225 604 285 135 271 398 832 573 511 324 568 496 327 426 84 508 394 847 670 50 444 365 315 159 195 406 144 214 265
668 187 848 771 402 980 748 645 568 0 425 559 848 93 660 692 556 840 540 223 752 800 580 691 597 533 352 688 917 870 375 635 426 751 308 666 373 405 189 389 506 888 573 658 947 553 595 441 501 411 583 134 232 519 883 550 232 338 710 252 258 714 194 283 403 799 876 337 320 357 321 338 936 409 327 870 121 132 370 301 181 384 736 440 102 242 169 772 474 374 645 550 585 664 89 604 761 540 530 762 853 269 15 126 254 586 113 683 439 813 829 591 211 212 391 471 554 186 828 280 275 326 339 562 350 536 775 380 184 333 251 770 194 606 446 412 441 869 301 831 449 650 103 262 274 856 964 393 489 773 375 336 768 206 922 639 826 461 632 661 581 301 157 833 801 144 729 745 350 751 167 434 218 348 437 323 479 881 526 830 145 337 503 423 300 566 274 568 509 144 94 547 208 830 379 232 442 287 901 501 253 331 260 928 446 548 489 797 615 876 495 989 381 602 670 398 693 572 90 337 170 330 177 245 264 666 222 578 824 453 319 156 420 228 415 722 834 540 760 261 825 886 754 372 179 553 283 472 334 179 180 607 726 886 567 871 529 351 100 234 618 168 43 285 420 754 501 108 452 159 723 384 424 440 656 243 99 322 636 393 835 805 648 317 523 416 854 785 389 292 576 236 279 87 172 389 81 545 748 205 662 631 518 912 347 664 291 342 520 754 388 791 132 622 696 360 683 326 403 204 345 592 676 390 958 646 256 939 372 443 572 329 426 815 556 713 664 649 384 757
294 282 776 726 420 588 649 323 251 425 0 372 490 431 418 341 156 562 266 458 391 560 231 289 563 163 157 483 544 460 55 387 247 394 312 260 74 82 383 166 655 561 645 664 548 213 294 251 286 37 319 556 253 473 826 472 384 174 740 637 523 575 239 430 343 389 534 722 319 601 608 179 525 125 354 717 304 299 82 398 258 400 540 101 495 521 266 697 724 557 221 208 299 316 358 498 341 255 653 345 430 190 436 391 237 234 388 300 85 432 589 169 241 564 122 347 130 298 412 341 223 621 720 656 330 266 775 67 603 546 325 492 522 298 326 142 383 491 266 438 607 352 499 165 372 441 570 255 153 484 349 388 539 514 554 725 646 694 379 472 304 245 411 485 544 509 561 328 513 435 429 411 448 377 266 365 149 513 280 820 396 398 283 69 136 683 197 345 119 484 424 391 221 640 294 315 235 623 851 667 174 488 403 548 214 312 715 668 326 514 608 578 431 482 351 661 277 149 444 277 388 566 447 318 234 248 204 396 592 281 109 321 722 277 698 364 510 485 435 198 498 843 331 416 248 375 698 441 727 346 245 707 633 517 271 536 259 199 523 323 695 279 432 626 190 729 669 532 79 272 307 154 133 149 751 212 486 685 408 155 549 431 319 124 366 247 479 378 300 196 627 383 649 510 309 682 349 243 770 344 353 370 476 841 376 303 140 621 173 527 706 432 412 200 332 67 596 738 323 297 361 341 664 77 547 294 486 537 772 421 221 467 451 565 148 312 269 254 262 514
275 378 407 365 756 524 280 183 172 559 372 0 360 499 108 246 484 286 636 422 297 241 217 348 231 257 263 132 438 481 353 95 149 290 632 545 327 449 637 228 430 360 364 333 513 571 656 617 87 339 687 648 534 169 458 140 660 514 410 643 464 204 472 346 692 435 364 707 643 482 524 259 541 493 676 351 477 446 430 303 491 734 185 472 564 475 414 330 564 406 425 566 664 230 470 138 448 623 409 442 544 330 560 609 532 223 457 301 457 372 271 440 499 560 484 711 397 375 478 645 530 539 698 388 664 636 427 419 673 428 618 222 517 658 115 237 151 407 260 411 409 156 661 391 311 491 514 611 521 231 200 708 210 498 435 432 288 528 96 110 671 264 643 337 243 696 195 430 371 237 662 183 416 703 631 683 518 401 98 465 624 269 89 303 434 424 498 45 470 513 617 38 450 286 642 599 603 579 484 452 422 360 688 461 583 683 537 297 132 389 373 587 758 119 190 534 393 426 629 223 411 457 680 609 535 503 434 25 267 648 405 403 612 334 576 274 311 845 254 333 305 477 484 250 428 746 737 175 722 386 447 430 265 406 142 352 125 545 625 329 404 404 536 585 556 375 456 636 448 484 411 241 502 520 460 490 554 650 82 517 285 352 195 337 43 609 391 416 650 511 336 351 634 617 388 575 486 158 433 361 173 104 833 471 702 251 363 524 535 196 616 321 629 453 269 363 231 767 675 564 237 709 324 438 558 230 423 516 770 769 221 339 232 257 323 354 572 312 179 199
197 663 607 612 904 167 506 206 280 848 490 360 0 811 265 157 491 197 675 763 100 265 273 224 554 332 497 314 79 190 514 267 435 99 801 475 501 564 862 459 785 101 704 640 168 591 665 713 369 479 711 960 735 521 657 484 870 663 708 983 812 425 700 692 822 200 58 1054 808 839 878 510 222 601 842 465 739 718 571 647 721 885 333 562 880 821 681 559 923 766 354 587 682 185 762 452 263 659 760 253 306 581 853 856 723 267 765 193 549 83 271 418 714 900 604 808 408 669 231 830 711 894 1046 732 817 678 694 556 994 785 813 185 855 659 457 438 508 63 562 120 767 212 942 610 647 222 161 733 578 165 544 877 279 838 78 760 389 887 265 339 693 555 883 27 231 965 378 256 729 126 902 542 755 865 731 854 582 42 336 711 866 618 365 451 615 769 682 324 513 840 880 395 678 373 776 801 696 928 683 808 635 715 890 102 672 728 895 473 246 30 727 253 917 433 184 893 269 420 896 535 731 813 921 805 721 424 659 360 285 742 584 699 970 628 936 129 88 944 108 588 81 686 318 605 680 805 1071 534 1067 697 690 766 506 47 285 72 325 686 932 644 735 681 836 934 658 638 812 942 532 726 257 465 601 609 787 691 870 1000 290 635 176 69 201 547 401 718 52 190 780 684 673 683 979 921 683 934 767 304 718 677 197 257 941 650 864 190 577 880 572 280 974 59 878 405 160 530 499 1104 802 777 581 734 621 564 232 205 770 179 1115 897 282 694 591 248 347 204 510 243 484 250
641 156 763 685 483 952 667 606 533 93 431 499 811 0 604 658 575 784 587 131 719 738 551 675 513 514 327 624 884 853 377 582 379 717 378 684 368 428 274 360 414 842 482 570 923 587 639 495 451 410 633 150 287 440 796 474 316 380 620 208 168 639 229 196 474 784 834 295 391 268 237 309 920 441 403 793 150 137 390 220 223 463 669 465 70 153 166 689 389 281 646 584 631 631 77 529 753 585 438 753 849 251 83 212 307 558 47 660 462 785 767 599 256 144 423 537 558 146 817 356 326 244 293 470 422 583 686 397 184 241 324 717 114 650 384 387 370 838 251 808 357 606 183 269 198 842 937 451 520 722 306 417 705 120 887 547 755 373 579 595 629 256 246 795 742 230 659 736 259 707 257 357 127 426 494 401 511 847 480 741 232 257 454 414 323 474 316 514 529 64 185 482 233 760 443 303 493 217 813 409 271 240 346 898 493 602 401 719 571 840 403 973 464 530 629 313 684 579 182 282 91 240 269 317 317 678 242 516 761 511 334 117 344 184 334 689 789 619 718 243 780 798 753 291 189 616 271 394 297 116 202 515 645 852 527 827 487 399 126 172 526 152 51 217 465 666 410 137 472 197 713 357 457 475 564 283 60 265 579 431 781 774 610 312 460 471 823 768 454 336 486 157 225 119 132 309 99 508 657 139 619 580 598 827 425 634 291 258 551 691 315 757 221 630 665 364 603 310 471 270 272 645 588 411 941 614 163 917 342 522 544 239 344 755 547 695 687 631 332 698
234 475 403 384 824 432 282 136 174 660 418 108 265 604 0 185 502 181 670 530 221 148 212 310 293 272 341 77 343 411 412 31 238 212 704 542 389 499 724 302 520 253 440 386 426 597 682 668 163 390 718 753 612 257 457 219 743 577 458 751 571 195 556 453 754 377 261 814 714 586 630 342 465 542 748 308 571 542 487 411 577 803 129 515 670 582 508 337 661 510 414 592 693 181 571 190 405 656 495 397 491 417 662 701 607 215 561 257 499 293 178 445 581 668 537 764 409 475 420 722 603 645 806 467 732 671 457 474 779 533 697 115 625 682 222 300 258 319 359 336 505 96 760 471 418 427 424 669 556 124 308 781 123 606 338 500 232 626 39 86 701 361 734 240 142 793 162 388 476 140 753 288 524 774 683 756 555 307 148 486 715 376 162 353 503 505 571 93 498 620 713 137 534 225 704 679 652 686 483 544 501 466 770 367 631 721 632 275 100 292 463 506 829 170 126 636 362 435 725 324 516 562 772 688 609 495 516 100 178 698 473 504 714 433 679 206 206 901 159 421 202 481 449 357 518 789 845 274 830 489 535 504 274 311 149 248 162 606 730 433 474 500 639 692 607 402 548 740 488 572 372 313 550 565 527 567 660 757 28 571 178 271 148 411 150 663 303 358 712 581 410 458 742 721 488 679 584 176 474 465 110 50 891 462 773 206 440 629 564 111 721 235 722 451 213 425 255 875 736 646 345 741 369 491 479 192 531 433 877 832 220 446 334 159 331 309 573 284 277 102
61 508 584 568 759 298 465 64 125 692 341 246 157 658 185 0 370 244 552 617 62 273 116 131 468 180 340 258 226 236 360 170 286 60 651 384 346 418 706 303 674 220 609 566 277 471 552 577 228 327 594 806 581 414 637 384 716 514 640 836 670 379 544 551 680 193 195 910 659 707 741 354 297 458 694 470 582 562 421 506 565 740 301 422 727 677 524 520 801 637 253 467 566 28 606 367 221 537 654 212 307 424 698 700 569 111 611 78 407 133 294 302 558 753 459 673 280 514 236 679 559 757 903 633 670 555 642 406 841 651 660 185 708 549 321 282 380 181 411 168 649 94 785 454 502 247 285 591 447 169 406 728 267 691 231 674 390 766 163 271 576 402 727 147 245 808 340 205 597 107 746 416 609 717 594 705 449 190 194 671 709 480 224 296 462 669 529 203 382 690 723 284 521 378 632 647 560 786 664 696 479 581 737 241 536 606 777 451 115 185 617 345 771 346 60 764 185 299 739 386 581 678 765 652 568 333 503 255 303 606 430 545 840 474 806 32 171 811 99 432 158 663 267 472 524 680 921 417 921 544 533 674 459 195 136 196 177 539 777 493 647 524 681 792 519 587 700 787 392 569 191 308 461 470 702 536 717 858 201 491 226 118 54 390 281 578 166 174 638 533 580 536 834 766 529 801 611 151 658 526 78 150 805 639 716 40 420 745 446 261 839 100 721 298 29 376 439 955 660 622 441 618 552 417 315 49 628 276 970 757 126 558 468 268 208 126 418 120 336 235
311 432 889 848 437 547 762 380 328 556 156 484 491 575 502 370 0 612 184 612 402 630 291 268 695 231 310 575 526 402 209 472 384 408 363 110 229 152 472 311 807 580 790 798 500 102 183 235 403 189 224 689 348 609 940 601 461 240 875 783 677 681 362 585 352 336 544 869 364 756 762 332 458 160 396 809 437 439 187 552 378 422 630 121 636 674 410 813 879 711 145 97 197 353 500 619 271 169 803 278 335 344 569 498 327 289 535 304 118 417 655 74 352 712 174 324 93 450 343 402 307 775 867 803 363 187 904 179 739 701 398 548 672 181 463 281 525 473 420 406 760 417 616 307 527 373 528 268 98 536 498 428 616 666 540 869 732 849 464 571 206 399 509 495 607 617 658 265 667 476 524 555 602 412 253 409 105 503 387 946 497 551 400 209 257 831 293 448 48 631 537 510 349 724 313 397 218 774 966 819 306 643 470 522 195 238 870 770 402 509 758 507 457 601 404 816 229 73 558 429 540 721 541 394 320 118 337 507 661 260 242 470 876 431 852 382 537 456 469 352 523 960 238 567 387 315 836 581 872 498 378 854 747 506 356 552 360 247 656 477 839 425 570 777 192 855 822 664 105 398 252 301 150 145 896 320 628 834 499 189 596 424 372 277 489 247 465 332 315 282 770 538 797 642 459 836 486 332 904 498 412 452 454 952 411 331 289 775 83 605 860 438 516 96 351 217 714 878 331 392 513 248 796 167 479 333 640 484 916 421 283 621 599 629 172 289 115 255 408 586
304 655 417 433 980 342 328 240 313 840 562 286 197 784 181 244 612 0 793 707 230 80 334 366 413 402 512 178 253 385 568 205 415 221 864 625 548 643 896 472 661 120 565 482 357 713 795 808 340 540 836 933 779 409 466 367 913 731 541 927 745 257 728 629 905 383 155 986 873 750 797 517 418 686 908 270 748 720 639 587 749 959 167 653 850 757 685 377 812 672 494 708 809 260 751 320 436 778 631 426 496 592 842 877 772 333 741 317 638 268 77 545 750 844 684 906 520 654 420 886 765 813 977 595 889 795 517 625 959 700 863 73 802 791 401 465 431 258 539 311 656 212 940 640 596 415 342 817 684 79 485 942 108 782 239 609 197 777 209 210 818 540 909 173 52 972 209 425 643 138 928 458 701 933 825 917 685 229 320 527 890 552 339 505 665 632 734 272 621 799 890 309 705 180 855 847 792 857 491 686 669 635 938 282 769 846 779 285 242 211 606 444 988 305 213 796 420 541 904 504 696 729 947 854 773 574 688 273 92 839 634 684 874 612 838 239 109 1044 148 597 119 495 489 529 694 919 1022 437 1003 670 710 622 333 231 298 135 325 759 910 613 587 679 819 864 749 462 690 920 623 747 418 482 690 702 634 734 840 928 206 717 21 247 246 579 327 807 248 368 862 741 534 637 915 901 668 841 763 326 546 646 210 212 1036 456 932 282 608 795 686 117 884 211 898 541 267 583 337 1051 885 816 523 860 459 639 425 281 705 371 1050 982 344 617 499 58 445 354 659 362 456 95
494 475 1041 992 292 721 914 556 496 540 266 636 675 587 670 552 184 793 0 659 585 805 464 451 828 399 412 740 707 574 300 640 512 591 265 233 327 200 401 429 897 763 901 928 673 85 57 107 550 302 54 668 308 736 1091 737 374 207 1002 788 722 838 359 655 212 511 728 874 260 813 806 431 624 164 282 975 437 453 233 631 365 283 797 168 636 715 437 963 941 784 324 89 45 533 511 764 444 16 900 452 488 409 554 447 286 464 556 487 182 600 831 257 333 731 180 159 273 494 513 307 265 817 875 908 244 5 1040 237 721 764 319 727 697 70 590 407 645 654 507 586 844 591 571 347 600 542 702 157 115 715 603 306 788 696 722 980 901 915 631 732 44 486 444 678 784 557 821 440 742 657 455 669 650 287 119 294 118 685 541 1086 439 640 548 335 280 932 272 606 173 649 492 656 357 894 193 327 100 801 1116 905 329 717 372 701 94 54 939 930 573 692 855 669 318 747 582 871 410 256 512 528 580 779 467 319 276 273 353 660 836 113 286 505 920 491 902 565 720 279 651 415 706 1109 402 664 407 131 820 702 872 543 388 960 898 689 522 736 517 190 635 541 952 457 566 802 123 995 907 641 189 391 430 416 149 128 1006 304 629 851 664 160 776 608 549 352 632 132 647 510 189 251 885 599 810 622 499 882 489 495 1034 551 588 621 280 1106 287 513 347 823 107 777 896 622 459 273 534 297 862 863 194 341 608 75 929 216 643 512 692 656 912 263 455 698 705 806 348 472 205 438 522 760
613 186 641 561 598 915 552 559 495 223 458 422 763 131 530 617 612 707 659 0 678 652 523 659 395 500 321 537 839 832 404 513 332 674 484 718 387 479 396 343 286 779 352 443 892 644 708 578 394 430 710 249 382 331 671 369 437 456 490 222 65 534 311 81 578 768 777 293 498 156 150 298 899 502 514 684 244 216 440 120 313 577 575 517 167 64 224 569 284 153 656 641 703 592 174 425 747 655 307 746 847 269 214 337 398 531 124 634 509 749 680 621 344 139 484 635 576 167 804 468 414 163 286 339 528 657 557 443 260 116 435 644 96 717 311 375 278 798 216 778 228 551 311 316 117 827 902 540 576 653 223 532 618 76 840 417 652 262 512 506 703 232 373 743 661 360 559 729 128 648 385 256 11 540 581 514 568 801 427 612 357 156 398 423 382 344 396 446 571 104 314 398 307 659 541 413 574 173 688 283 331 111 468 856 569 683 288 608 517 792 272 950 582 429 579 212 678 601 313 232 81 123 398 427 407 702 308 435 672 599 382 156 265 182 244 649 728 730 662 261 721 672 757 184 255 708 316 288 305 118 277 384 530 806 482 768 441 480 237 139 396 204 181 177 538 541 283 246 516 288 706 345 518 538 434 365 160 242 503 500 707 735 566 336 381 556 781 750 552 417 357 83 218 234 161 225 203 469 528 115 566 516 710 703 538 600 326 165 605 605 248 713 348 650 630 396 489 345 571 375 186 724 463 461 919 579 36 889 353 633 518 114 231 671 547 677 726 614 282 615
98 569 605 597 806 238 492 121 186 752 391 297 100 719 221 62 402 230 585 678 0 276 174 140 512 233 400 287 166 191 414 212 347 10 702 399 402 465 762 363 726 179 656 606 218 502 580 618 287 379 624 867 635 464 658 431 770 564 678 897 730 406 601 611 725 163 146 970 709 765 801 415 246 504 744 480 642 622 472 566 622 787 321 465 789 738 584 547 857 694 271 498 595 89 667 409 208 570 705 198 279 484 758 758 623 168 673 99 451 76 292 330 614 814 506 714 315 575 204 730 611 816 963 681 719 588 675 457 902 709 713 186 769 575 379 341 436 120 472 116 703 141 845 512 562 209 225 636 485 166 465 778 279 752 171 719 400 821 207 305 606 464 784 96 245 867 364 195 655 103 803 472 670 766 636 755 488 130 253 699 766 539 284 351 516 718 582 256 419 751 781 334 579 386 678 701 601 846 684 748 535 640 791 179 577 639 831 471 169 126 669 291 819 388 107 821 192 330 798 447 642 737 822 706 621 347 560 302 304 647 484 606 897 535 864 30 137 851 85 492 124 684 260 530 583 715 982 470 982 606 592 720 488 135 196 151 237 587 838 554 692 585 742 852 562 619 752 848 435 627 188 369 505 513 746 591 778 918 241 537 210 58 113 448 334 622 104 145 683 585 626 597 895 827 590 860 671 212 693 587 124 195 846 656 765 91 478 804 481 275 898 42 779 320 60 431 473 1017 705 677 501 647 590 466 262 107 688 220 1031 801 183 617 523 266 250 125 434 148 397 246
333 618 343 354 971 418 249 250 311 800 560 241 265 738 148 273 630 80 805 652 276 0 341 402 337 407 488 116 327 448 558 178 383 267 851 655 536 642 871 450 587 198 488 403 430 729 812 810 309 534 851 886 760 341 393 299 891 723 462 869 686 178 704 573 900 437 230 925 861 684 734 490 487 685 895 205 715 686 633 533 724 950 90 656 801 699 652 299 740 606 524 724 825 282 711 249 483 790 556 473 552 564 801 847 755 342 696 350 640 327 31 567 729 788 681 907 537 615 476 870 751 748 916 519 879 806 438 619 908 637 845 91 747 810 355 448 375 327 500 372 585 214 901 618 545 475 417 813 693 110 434 928 35 726 315 530 126 705 185 147 834 504 880 239 35 936 130 469 579 174 899 398 647 921 826 904 693 301 296 450 861 496 309 498 651 556 718 238 632 748 857 257 681 111 850 827 794 796 418 612 649 574 918 356 772 857 706 209 235 283 533 517 977 236 228 728 457 560 869 463 649 665 918 836 757 605 664 223 32 841 620 644 805 574 769 277 179 1045 191 568 185 422 534 471 664 928 966 374 942 625 682 544 254 304 290 211 309 752 864 569 509 644 776 803 749 383 616 874 627 719 459 461 692 706 554 715 791 866 167 715 96 305 259 559 278 806 315 420 857 728 457 587 856 856 628 774 726 319 466 600 218 192 1036 386 920 307 588 729 698 48 817 267 867 567 299 572 258 993 881 794 471 875 380 635 496 300 647 443 989 978 350 556 436 23 459 394 688 390 418 47
91 399 608 577 650 402 482 94 45 580 231 217 273 551 212 116 291 334 464 523 174 341 0 144 446 69 228 286 338 310 246 183 196 174 539 334 231 311 591 192 619 333 570 549 373 389 473 475 160 213 510 697 465 374 661 353 601 403 626 737 579 398 428 463 573 248 310 814 547 628 655 244 377 353 582 519 468 449 310 419 449 630 340 320 621 585 411 536 731 562 210 384 485 89 496 354 243 450 604 238 343 311 586 584 455 9 505 112 304 235 367 235 443 655 352 572 199 406 288 565 445 671 808 590 560 466 642 295 735 570 546 265 609 472 251 168 316 289 310 257 586 128 671 338 409 308 387 484 353 255 326 616 325 595 345 643 442 697 175 286 493 298 611 263 321 693 371 224 520 205 630 353 514 606 492 593 353 303 129 678 594 398 156 182 347 624 415 174 292 587 608 251 406 433 524 532 459 694 687 638 363 501 623 349 436 516 711 484 112 300 563 428 660 334 121 686 181 224 624 291 478 596 649 538 453 289 387 236 373 505 315 436 760 368 728 144 281 711 205 319 269 683 271 397 409 588 818 363 824 440 418 636 471 308 75 310 102 429 667 392 614 413 571 699 415 589 642 678 290 454 202 197 357 369 671 421 611 765 212 385 320 225 89 275 238 474 275 230 530 419 544 440 738 656 420 720 499 64 649 424 125 163 703 669 605 85 305 662 358 315 755 215 606 242 116 262 442 854 553 506 357 534 540 308 397 68 537 368 872 651 11 478 404 343 120 158 364 101 244 296
76 519 712 692 689 300 591 175 184 691 289 348 224 675 310 131 268 366 451 659 140 402 144 0 578 162 349 384 263 179 326 289 337 148 593 260 322 354 671 319 762 315 709 679 260 367 442 493 302 289 487 816 541 512 765 487 673 456 754 868 718 504 520 603 606 110 278 948 599 770 795 368 246 387 633 601 574 560 368 560 541 671 430 347 744 722 523 646 875 705 132 363 459 129 613 480 101 436 746 95 200 426 700 676 526 136 628 54 334 151 422 194 527 787 393 587 188 530 146 626 511 811 942 730 605 454 763 353 857 712 613 313 742 437 394 289 459 209 444 150 729 214 776 435 547 169 282 516 357 296 468 667 398 729 275 779 521 840 281 394 469 430 698 229 373 791 468 83 663 231 716 496 650 653 511 645 361 237 270 794 682 540 298 270 423 765 485 304 291 716 706 384 500 508 561 604 476 831 791 781 453 643 690 262 452 505 854 580 221 242 705 299 704 459 186 829 55 197 724 429 608 738 735 606 522 208 482 363 432 521 394 559 901 494 870 128 276 722 218 434 263 790 140 540 515 582 944 505 957 568 519 775 583 240 210 287 244 475 785 524 751 529 689 836 441 708 784 794 317 551 64 319 386 391 807 500 734 900 320 421 347 157 163 375 375 500 199 94 565 484 681 576 872 773 543 862 611 207 775 555 201 268 719 768 653 104 403 803 349 391 896 173 697 182 103 342 560 982 585 585 499 511 667 358 267 120 676 250 1005 679 146 620 547 396 142 24 295 45 384 365
504 453 252 179 891 721 160 408 401 597 563 231 554 513 293 468 695 413 828 395 512 337 446 578 0 479 420 244 630 701 530 301 316 504 765 767 503 630 729 399 252 521 153 105 718 774 857 789 296 527 880 643 657 93 291 95 763 671 182 585 405 169 584 319 841 661 540 625 778 372 429 405 757 671 806 297 557 522 603 296 598 869 247 660 561 422 501 176 408 297 653 769 862 456 519 103 678 817 219 671 772 453 592 685 662 452 485 529 646 584 356 661 617 513 659 875 615 441 704 767 667 443 614 183 804 827 213 595 650 337 736 378 480 860 238 422 189 610 352 627 258 375 696 525 325 715 714 771 716 396 247 834 306 458 623 208 285 374 306 216 867 369 722 528 361 740 211 660 285 430 738 176 394 834 800 811 711 596 320 261 703 261 300 496 584 220 637 275 674 499 677 196 565 297 793 714 777 500 311 277 555 291 793 656 761 870 372 220 358 580 200 798 886 124 409 406 623 645 682 319 428 363 755 726 668 728 554 216 343 818 562 460 482 410 445 493 484 1000 450 452 484 299 714 226 527 924 686 136 645 424 551 213 138 600 372 524 349 702 630 378 182 484 561 507 731 172 281 640 641 582 641 412 684 703 235 619 553 564 271 690 423 563 420 490 211 775 594 641 803 655 121 361 564 627 449 454 543 385 209 398 392 319 985 318 832 479 507 420 734 297 499 527 702 676 494 535 101 705 827 675 264 902 102 616 771 459 376 725 688 913 449 282 171 360 546 583 792 542 309 322
139 358 659 622 582 448 532 163 98 533 163 257 332 514 272 180 231 402 399 500 233 407 69 162 479 0 187 345 393 340 182 242 192 235 472 289 171 243 530 159 628 399 591 583 414 326 411 407 183 148 446 656 403 399 711 384 538 336 660 707 560 451 371 448 505 271 374 787 480 618 640 207 407 284 515 579 418 402 243 406 392 562 400 251 583 564 364 584 729 558 179 321 421 154 453 394 248 385 617 246 348 266 541 528 391 71 467 151 236 284 434 184 383 627 283 504 142 369 306 500 380 655 782 609 493 400 682 228 696 560 481 333 582 410 262 128 328 341 285 299 590 194 621 282 391 330 432 416 286 324 323 549 390 569 401 667 504 695 234 340 430 270 553 325 388 639 427 230 514 273 572 363 491 539 423 526 286 360 160 721 536 391 179 119 283 641 350 219 227 555 554 286 349 496 456 469 390 672 737 645 304 493 559 401 367 450 712 539 174 358 574 460 593 375 190 678 179 170 571 274 448 585 591 474 389 250 331 279 439 437 252 397 748 333 719 204 348 642 272 274 335 732 263 396 358 521 783 381 796 407 365 657 519 364 125 375 132 361 625 364 637 369 529 677 347 631 649 635 222 399 207 158 289 301 694 359 573 741 268 316 388 279 158 220 268 406 328 255 462 354 567 418 712 613 382 708 452 101 686 395 193 223 635 722 538 143 249 649 293 379 741 274 549 198 173 198 487 821 485 445 350 470 576 240 428 132 519 407 844 582 59 470 413 410 68 182 316 118 233 362
317 172 648 591 494 629 525 296 218 352 157 263 497 327 341 340 310 512 412 321 400 488 228 349 420 187 0 391 565 526 113 312 115 400 370 407 87 213 384 41 498 543 491 517 598 368 446 370 181 122 465 470 273 327 696 333 403 257 591 522 384 461 217 281 433 458 528 603 381 453 467 24 594 252 414 612 244 222 184 245 238 472 446 246 396 385 184 568 573 404 336 363 449 313 268 369 430 402 497 430 529 85 359 367 270 235 280 334 233 462 518 305 241 442 240 459 258 182 492 384 268 481 598 500 403 411 632 177 510 397 358 440 398 452 185 61 234 517 112 482 451 308 445 131 222 517 613 356 304 439 194 446 461 386 571 570 550 542 306 372 453 93 398 484 481 470 457 413 359 407 417 258 311 441 381 421 299 530 194 680 379 242 181 105 172 526 236 252 276 369 385 270 194 548 383 339 358 492 720 510 161 335 430 577 342 452 562 554 274 525 451 646 496 356 323 514 361 285 401 121 262 419 436 348 273 385 177 287 518 399 146 211 579 147 552 371 490 589 414 92 479 710 437 259 186 505 596 291 611 221 199 552 506 535 221 524 188 288 440 183 541 185 344 496 312 589 513 450 231 236 390 32 266 286 596 229 386 559 322 270 504 453 298 75 243 358 502 442 392 249 474 240 528 429 196 539 271 196 623 211 317 301 576 715 439 312 101 478 327 447 567 440 388 332 344 116 466 634 417 306 205 486 520 198 614 294 344 592 658 509 220 313 296 499 227 369 421 304 112 442
309 508 328 312 882 479 208 212 247 688 483 132 314 624 77 258 575 178 740 537 287 116 286 384 244 345 391 0 388 475 473 104 280 278 759 618 448 564 768 354 486 279 396 327 480 670 755 733 210 453 789 771 663 231 381 189 791 636 395 754 571 121 602 457 815 446 297 811 770 572 621 389 525 607 803 235 608 577 549 418 622 860 58 583 687 584 545 263 635 494 490 665 765 256 600 145 478 726 457 470 562 461 689 740 660 290 583 331 567 354 144 520 629 673 601 829 483 505 489 774 657 636 802 425 790 741 389 537 793 524 748 135 632 754 243 358 260 372 390 399 479 172 790 520 431 495 474 731 626 153 320 835 82 611 380 448 163 600 112 32 773 395 775 288 128 826 85 462 466 193 793 284 532 830 747 811 625 355 206 414 755 381 211 417 559 462 625 141 570 633 748 143 580 159 764 729 718 682 408 511 551 460 819 415 697 790 603 199 175 339 430 563 885 129 200 618 437 510 759 353 535 552 812 738 662 571 564 111 137 763 529 533 696 464 660 275 241 965 214 464 241 406 523 356 559 857 851 260 828 512 578 456 202 359 220 281 225 667 750 456 424 535 663 689 672 332 515 760 556 615 447 367 616 632 474 619 677 753 77 635 184 331 223 464 166 727 357 428 772 637 364 472 741 742 517 663 616 246 408 487 184 124 954 386 828 281 491 617 636 69 707 294 761 527 286 485 188 878 797 694 356 812 308 554 538 267 532 489 875 892 294 442 322 135 405 383 649 360 310 83
254 734 668 680 951 92 574 281 351 917 544 438 79 884 343 226 526 253 707 839 166 327 338 263 630 393 565 388 0 167 573 345 510 167 853 494 563 614 922 528 862 137 780 714 107 623 692 755 445 537 739 1032 793 598 718 561 927 715 779 1059 889 495 763 769 868 204 99 1130 859 917 956 580 175 649 894 521 806 787 625 724 784 933 403 609 953 897 749 625 1001 844 384 619 710 254 832 528 273 692 837 263 289 649 923 920 780 332 837 245 596 113 329 452 775 975 653 848 450 740 222 884 767 971 1123 808 866 711 762 610 1067 863 869 256 930 684 534 506 586 55 635 123 846 290 1009 674 723 204 90 779 618 236 621 927 346 913 19 835 449 966 343 414 721 628 945 103 294 1030 447 272 807 204 964 620 831 915 773 905 622 38 412 777 928 695 442 511 674 846 739 402 553 914 945 474 741 432 823 858 738 1005 743 886 697 793 946 30 714 760 973 536 323 51 805 193 966 509 260 971 298 458 962 610 805 891 983 862 777 444 723 438 344 782 643 771 1049 700 1014 195 151 982 186 656 149 747 326 683 747 838 1145 612 1143 770 755 842 575 33 359 118 399 736 1003 718 811 750 907 1011 703 707 890 1013 579 790 278 533 648 653 862 750 943 1077 368 683 234 115 275 611 479 762 66 201 827 740 750 759 1055 992 754 1012 836 376 788 751 274 335 980 708 914 254 641 958 608 349 1051 127 941 434 222 590 571 1179 847 836 658 762 693 617 178 272 847 124 1191 941 347 771 669 308 398 240 529 291 559 320
