160
0 213 945 239 309 1032 703 821 298 468 857 928 301 671 623 566 181 525 737 571 645 896 611 853 463 444 229 125 394 799 679 240 310 1166 462 919 756 1100 226 864 854 538 509 614 247 965 557 489 988 1049 903 449 245 782 666 496 371 79 133 386 903 314 70 798 597 680 738 532 787 645 493 433 225 147 701 655 422 619 681 951 945 506 671 1059 258 457 483 981 496 330 902 943 980 235 504 386 586 886 341 630 593 765 900 296 1096 781 932 605 778 964 685 803 839 952 986 516 692 131 523 562 361 529 141 295 933 51 803 494 644 516 1082 880 405 841 947 1014 536 182 516 359 857 387 679 427 843 606 340 1018 217 279 242 913 644 186 289 627 99 497 804 228
213 0 757 248 330 867 492 705 496 503 780 877 196 495 611 428 324 471 651 464 433 715 414 651 423 433 265 91 211 732 473 31 100 972 279 811 549 906 321 683 714 342 356 409 413 897 574 280 796 877 770 236 116 579 536 318 253 264 160 208 694 149 180 597 386 487 532 485 680 439 281 387 18 340 509 531 347 529 641 815 737 358 507 875 74 260 356 806 516 175 856 744 792 338 294 383 447 843 131 455 457 553 761 325 910 657 827 411 567 839 504 613 655 775 808 335 672 335 335 544 153 482 111 185 842 171 609 286 463 329 889 777 401 811 756 814 325 93 305 194 673 442 620 250 762 410 153 843 17 172 170 747 635 146 473 415 215 433 594 231
945 757 0 784 792 205 365 415 1153 839 585 722 861 282 753 434 951 634 531 498 449 71 643 166 672 733 815 827 553 611 561 726 692 229 484 468 271 164 892 95 307 658 813 582 1032 665 817 500 52 174 344 575 702 220 394 734 600 960 827 560 256 632 886 198 511 271 555 650 454 347 529 666 755 1022 249 417 622 526 679 339 242 825 302 122 761 498 508 113 809 617 726 99 35 907 564 751 417 736 634 320 419 389 312 805 154 384 489 658 476 402 262 145 110 88 95 430 747 1033 424 726 666 649 867 853 553 917 152 487 304 699 142 483 749 767 33 138 536 840 485 587 91 864 617 519 563 650 731 135 762 678 722 166 768 888 1106 451 890 618 282 781
239 248 784 0 85 836 624 596 369 259 620 690 434 503 391 365 167 287 502 348 591 726 633 725 225 209 32 204 282 561 670 247 324 1012 331 688 649 946 113 695 641 566 602 613 249 727 337 420 831 861 685 420 158 661 453 557 185 206 120 268 801 210 172 672 564 541 726 294 558 542 447 196 265 248 558 439 193 387 443 734 837 604 488 887 321 354 283 799 277 204 665 802 818 130 484 152 385 649 308 466 389 699 686 79 926 560 700 633 739 740 525 650 675 774 808 372 458 267 389 327 372 291 286 424 698 249 657 415 485 561 925 648 171 606 793 876 506 305 448 234 694 195 441 297 607 630 395 835 263 133 95 721 414 345 323 572 144 261 706 17
309 330 792 85 0 823 669 560 375 174 563 622 518 514 314 360 190 233 452 323 645 730 703 750 169 136 82 288 333 501 733 328 402 1021 370 645 683 955 118 700 618 639 683 679 250 665 254 475 841 853 655 485 232 690 434 635 213 261 201 318 834 272 247 699 625 565 788 235 518 582 508 149 347 284 580 416 173 346 375 705 868 685 491 888 403 403 284 795 194 260 596 820 825 127 549 79 379 579 379 481 381 747 661 17 928 530 655 704 795 704 539 665 683 772 806 402 383 309 423 253 447 232 370 508 645 327 675 468 502 637 934 603 97 532 804 893 569 389 503 285 702 116 381 339 552 702 475 829 346 194 168 712 335 429 322 626 210 216 744 101
1032 867 205 836 823 0 550 322 1197 828 468 590 1000 373 704 473 1001 623 459 502 629 187 825 365 675 734 865 923 656 512 750 836 819 301 588 329 457 262 935 211 221 830 981 763 1072 520 784 643 225 54 219 722 790 407 390 901 664 1031 903 660 460 726 966 386 686 411 751 634 371 510 680 680 868 1084 388 409 651 501 615 188 444 993 362 153 886 618 556 93 791 706 602 301 197 947 724 766 452 616 756 413 448 586 194 839 180 318 346 839 675 245 370 300 244 124 111 533 679 1100 537 695 803 635 976 990 411 1012 320 627 408 868 244 359 759 660 235 317 700 956 634 679 233 871 557 618 451 831 871 76 875 753 793 120 712 1007 1145 627 961 620 480 837
703 492 365 624 669 550 0 596 966 786 753 891 537 284 781 410 771 620 646 502 86 364 278 207 624 676 655 578 342 745 201 464 402 528 300 692 95 471 734 341 527 297 452 217 862 864 806 215 382 533 587 262 488 146 463 376 458 742 614 356 207 420 659 168 151 188 211 640 608 97 214 600 482 816 199 479 539 569 745 610 251 465 337 483 468 270 432 462 772 420 884 305 392 752 225 664 409 884 362 277 420 82 561 676 507 543 715 293 159 664 257 253 310 428 451 278 807 817 254 728 359 638 590 530 765 662 231 214 255 339 460 684 672 889 347 360 192 554 188 390 318 773 690 331 729 285 412 493 490 492 535 456 803 593 932 93 680 586 110 613
821 705 415 596 560 322 596 0 930 526 173 313 878 316 386 280 748 334 139 251 646 348 822 500 395 447 619 735 515 198 780 679 693 603 462 109 530 549 676 338 110 799 928 765 805 270 470 573 463 369 108 646 602 494 173 851 460 801 689 511 617 557 752 483 681 409 804 340 50 512 621 411 712 839 398 175 403 214 295 154 624 938 266 447 748 512 350 345 486 531 314 499 434 685 677 490 263 322 630 335 252 663 128 576 484 56 129 833 752 145 340 385 350 343 366 420 358 861 439 385 698 341 805 867 170 814 411 555 350 827 527 89 479 353 444 552 667 797 579 515 360 581 239 476 150 826 764 365 718 552 582 257 393 850 875 635 735 344 583 602
298 496 1153 369 375 1197 966 930 0 438 910 937 595 871 618 729 203 597 813 698 919 1094 905 1088 536 486 338 406 631 843 968 517 596 1381 690 1009 1005 1314 263 1063 992 833 805 905 126 996 527 753 1200 1225 1028 727 480 1022 809 793 553 233 353 619 1156 549 316 1035 878 906 1027 594 886 895 766 522 511 156 924 791 546 717 705 1078 1195 802 855 1255 552 702 649 1165 479 554 909 1169 1187 250 787 440 749 888 613 834 752 1036 1035 359 1294 904 1016 900 1060 1074 893 1018 1043 1141 1174 736 686 167 750 578 649 592 439 590 998 348 1024 753 853 812 1294 965 452 829 1161 1242 817 480 781 586 1062 361 728 654 903 901 635 1200 504 485 440 1085 631 480 58 901 288 587 1059 373
468 503 839 259 174 828 786 526 438 0 477 501 692 581 181 414 311 208 395 342 777 772 859 830 171 113 251 461 472 409 878 499 569 1064 491 589 783 1000 245 745 609 798 852 828 325 559 94 613 891 866 631 637 400 780 450 801 339 406 373 457 928 426 412 784 766 652 929 195 478 693 652 188 520 403 662 428 248 327 269 680 957 856 544 919 575 534 361 819 43 408 473 886 870 242 699 130 428 453 539 556 424 867 645 182 959 513 593 861 925 663 611 730 735 802 834 509 250 433 533 146 611 194 542 682 567 492 746 603 580 800 978 544 118 396 857 957 715 563 639 428 753 85 301 466 473 858 644 850 519 354 337 730 196 602 380 758 370 222 846 275
857 780 585 620 563 468 753 173 910 477 0 142 966 470 304 387 750 334 130 320 795 519 960 671 397 431 636 791 615 69 928 758 788 762 575 145 694 712 677 510 278 928 1046 906 790 120 399 700 631 519 252 767 668 661 298 971 527 822 729 607 788 638 789 651 823 566 957 329 146 665 749 424 790 845 558 287 442 252 209 282 796 1054 417 606 833 629 433 507 435 611 142 671 602 682 806 486 376 152 729 481 363 825 282 579 641 217 136 970 911 234 498 555 522 510 529 543 251 871 566 333 803 332 869 955 91 860 581 682 500 952 691 110 469 193 614 723 801 868 711 603 532 550 184 580 25 963 864 523 794 613 633 424 300 920 852 783 763 361 749 630
928 877 722 690 622 590 891 313 937 501 142 0 1069 608 321 512 800 410 251 435 931 658 1090 812 467 486 700 876 730 153 1062 858 897 889 697 262 835 843 728 650 416 1054 1164 1038 825 85 411 826 767 643 382 889 762 802 432 1092 628 883 806 721 929 742 862 793 955 705 1093 399 287 801 875 500 889 895 698 418 531 361 248 403 936 1172 555 735 936 752 547 639 461 715 30 810 737 730 932 544 504 52 841 617 491 964 413 637 768 358 245 1098 1050 347 637 696 663 644 661 670 252 923 694 372 917 402 957 1057 180 938 722 809 637 1075 822 240 525 118 752 860 929 962 839 711 672 583 258 698 166 1092 975 651 892 706 720 559 307 1011 880 917 830 445 890 702
301 196 861 434 518 1000 537 878 595 692 966 1069 0 630 806 598 467 665 837 647 458 831 352 729 618 627 445 236 364 921 441 211 186 1056 424 985 616 995 486 800 872 284 212 378 545 1084 766 362 892 1002 931 287 311 657 706 219 441 377 327 367 742 329 313 678 395 595 497 680 858 518 335 582 181 447 618 704 540 715 835 973 787 208 653 983 133 385 535 929 707 356 1048 828 894 501 312 576 615 1036 250 591 627 575 919 511 1014 827 1003 342 558 1004 630 719 769 895 926 475 867 429 467 739 197 676 166 12 1024 252 710 376 593 249 980 955 594 1006 853 891 346 133 377 366 785 625 812 404 947 346 131 965 180 366 364 883 830 116 589 446 358 627 646 417
671 495 282 503 514 373 284 316 871 581 470 608 630 0 531 167 669 385 366 250 331 227 511 252 410 470 534 556 285 464 465 465 447 510 216 417 233 444 611 195 263 495 636 453 750 581 575 282 329 383 326 361 426 212 183 556 318 680 548 290 358 359 608 211 369 98 489 403 325 197 326 398 496 741 94 202 347 304 478 360 381 647 54 390 513 246 230 312 555 341 602 308 316 627 377 479 155 603 384 41 162 356 305 527 427 262 439 523 442 404 33 152 173 282 316 161 545 753 164 488 435 402 605 620 485 646 166 264 39 528 423 404 480 611 291 381 362 584 280 312 192 594 420 247 446 516 503 349 503 398 441 255 550 635 825 320 611 360 293 499
623 611 753 391 314 704 781 386 618 181 304 321 806 531 0 374 483 166 248 283 792 683 909 779 192 183 396 591 518 236 909 599 656 967 512 429 756 907 413 662 484 858 939 869 505 379 96 646 805 748 493 690 497 742 364 877 390 571 510 505 888 500 560 741 795 618 953 146 336 684 692 228 626 577 622 341 281 231 97 538 910 945 484 815 679 565 357 712 141 476 293 816 780 412 745 240 379 273 611 517 371 862 512 328 854 388 429 915 933 511 563 668 659 701 729 511 70 606 537 68 689 149 674 795 395 639 688 633 542 869 885 385 221 220 776 882 753 686 668 484 675 263 148 499 304 910 735 738 628 443 443 621 25 731 561 774 524 204 819 406
566 428 434 365 360 473 410 280 729 414 387 512 598 167 374 0 531 220 262 92 431 370 579 418 244 304 394 466 236 359 558 401 414 663 189 387 384 597 467 341 290 543 660 528 605 506 410 315 484 497 343 380 332 372 108 585 195 560 435 231 520 280 498 374 448 247 595 239 263 314 364 233 434 612 252 107 188 162 336 389 546 669 133 528 468 243 84 436 389 255 498 473 467 480 421 317 21 494 352 146 30 490 337 375 568 230 406 587 566 411 197 317 326 413 446 159 397 628 183 326 422 238 532 587 431 551 332 297 171 566 576 358 316 488 448 544 418 520 328 236 345 431 284 198 365 581 486 471 440 288 325 357 394 573 679 416 490 194 447 365
181 324 951 167 190 1001 771 748 203 311 750 800 467 669 483 531 0 422 642 507 729 893 737 887 359 320 138 242 432 687 790 339 421 1179 488 835 805 1112 74 862 802 666 665 728 93 849 404 559 998 1028 842 542 284 821 616 639 351 105 166 419 957 352 155 833 692 703 848 424 707 696 578 338 341 95 721 599 352 536 556 892 995 664 655 1054 390 504 449 966 346 354 773 967 985 71 605 266 550 754 427 632 554 843 846 174 1093 717 844 734 873 893 691 815 841 941 974 534 553 124 549 429 473 421 301 459 834 222 821 558 650 652 1092 793 282 702 959 1040 632 336 588 386 860 226 567 453 741 733 474 1001 335 284 239 887 501 356 162 710 111 405 860 170
525 471 634 287 233 623 620 334 597 208 334 410 665 385 166 220 422 0 220 138 627 565 745 636 64 113 303 466 355 275 744 454 502 857 347 414 602 794 349 540 407 695 782 703 473 441 191 481 685 660 435 526 355 592 243 718 232 489 398 342 740 345 457 593 630 465 788 21 289 523 527 92 484 516 471 221 125 124 171 485 765 788 343 712 533 399 192 612 175 319 387 684 664 356 581 158 230 374 453 365 224 701 446 249 752 313 423 750 770 477 416 531 531 595 626 346 211 540 373 108 531 19 547 653 414 530 548 467 390 707 772 371 145 342 652 754 588 553 502 324 549 250 156 334 322 745 582 643 486 299 310 523 189 602 541 610 429 40 665 297
737 651 531 502 452 459 646 139 813 395 130 251 837 366 248 262 642 220 0 191 681 462 839 590 284 328 520 665 486 100 812 629 659 732 448 196 596 676 569 446 242 804 918 787 690 249 334 576 581 505 246 640 540 569 184 845 399 706 607 478 706 509 668 562 705 463 845 220 89 554 625 308 661 736 458 169 317 123 157 291 719 926 312 578 704 503 304 475 354 481 240 607 554 576 682 378 253 238 600 370 240 721 266 469 616 150 203 848 805 269 396 473 451 468 494 420 222 760 443 251 674 222 742 826 197 737 497 559 391 826 654 152 363 247 558 666 679 740 588 473 463 457 101 452 111 841 735 498 666 486 508 384 254 792 757 668 645 242 655 511
571 464 498 348 323 502 502 251 698 342 320 435 647 250 283 92 507 138 191 0 521 430 662 500 177 238 373 486 296 282 646 441 468 722 264 351 474 659 437 404 296 622 730 614 572 439 327 396 549 535 337 455 356 460 113 658 213 553 439 288 607 320 502 460 535 336 685 155 219 406 445 179 474 595 340 94 156 75 244 386 630 738 206 580 515 319 114 482 312 292 419 547 528 449 501 265 97 412 409 235 89 582 339 339 620 212 366 670 657 393 282 394 394 463 495 244 306 615 270 239 484 154 560 636 378 565 412 380 260 641 636 315 259 401 515 617 502 555 412 283 412 372 195 264 300 664 544 514 478 305 333 395 303 607 645 505 486 122 536 353
645 433 449 591 645 629 86 646 919 777 795 931 458 331 792 431 729 627 681 521 0 443 197 292 622 669 621 522 313 781 134 407 337 613 287 747 180 556 699 419 587 212 367 135 821 910 806 172 467 614 649 197 445 229 499 290 441 691 567 328 285 383 606 251 66 242 165 648 653 135 153 595 421 766 259 513 533 592 765 675 330 379 381 568 400 245 436 542 767 389 921 391 477 717 149 651 434 919 307 315 446 122 624 651 592 592 769 211 150 726 309 330 386 508 532 282 825 765 255 734 290 645 525 452 815 602 309 178 297 254 545 735 660 918 432 445 115 487 144 361 396 755 714 312 772 203 338 574 429 459 499 530 814 522 889 20 632 591 192 580
896 715 71 726 730 187 364 348 1094 772 519 658 831 227 683 370 893 565 462 430 443 0 639 186 605 666 756 780 507 543 564 684 656 294 438 408 271 229 832 33 242 646 799 577 972 603 747 470 122 175 285 547 652 221 325 719 543 907 774 513 294 584 835 200 501 236 565 581 386 327 503 600 713 967 213 348 558 456 609 286 289 811 240 163 724 457 447 101 740 567 661 153 99 847 544 686 353 669 596 266 353 401 253 743 201 315 430 653 492 348 212 116 62 67 96 382 677 979 380 657 634 581 825 822 493 870 134 455 254 685 207 420 683 699 97 206 518 800 458 537 48 798 547 471 497 645 701 136 721 624 667 111 697 850 1046 442 837 551 298 724
611 414 643 633 703 825 278 822 905 859 960 1090 352 511 909 579 737 745 839 662 197 639 0 482 725 761 658 501 394 937 100 399 317 792 402 927 373 740 726 615 773 73 193 63 827 1078 906 267 658 810 836 223 475 424 664 137 527 673 571 407 451 434 592 445 144 431 149 765 823 324 219 692 398 750 450 674 633 736 900 865 494 205 557 760 354 347 560 738 858 451 1077 579 670 744 165 729 586 1072 325 488 599 274 813 704 782 767 949 16 223 914 494 526 583 704 728 420 953 740 396 846 265 762 473 351 990 562 505 283 474 104 731 910 743 1062 624 626 161 431 251 433 593 819 856 411 937 8 271 770 404 510 538 725 933 448 886 199 629 706 373 618
853 651 166 725 750 365 207 500 1088 830 671 812 729 252 779 418 887 636 590 500 292 186 482 0 660 719 757 729 462 682 397 621 573 328 400 577 115 268 837 176 406 503 658 422 973 767 826 376 176 339 458 443 616 73 420 581 542 879 745 473 118 545 799 55 356 185 389 654 528 214 395 645 645 947 171 441 591 549 720 466 132 671 296 279 642 396 473 273 806 536 811 100 189 853 421 724 407 816 521 275 413 223 427 761 301 456 600 497 311 527 221 117 154 242 258 354 788 954 339 739 539 653 757 721 659 818 93 367 251 545 255 581 726 836 143 164 390 726 356 504 151 838 659 435 647 489 600 299 653 604 649 294 797 770 1047 297 811 611 117 719
463 423 672 225 169 675 624 395 536 171 397 467 618 410 192 244 359 64 284 177 622 605 725 660 0 62 240 411 332 336 732 409 464 898 336 477 615 834 286 578 462 671 748 688 411 502 184 467 723 710 494 503 308 610 289 687 200 426 339 318 758 309 396 614 618 483 780 69 351 528 510 37 437 452 491 268 93 182 222 544 787 753 374 756 489 385 194 658 149 285 443 715 703 293 561 96 257 428 420 385 255 705 503 185 796 370 486 729 768 539 440 560 566 639 671 346 250 477 371 125 498 66 493 607 477 471 575 454 410 680 812 434 85 390 688 787 572 502 490 295 584 196 216 317 385 725 543 690 439 253 257 571 216 549 480 604 367 56 678 236
444 433 733 209 136 734 676 447 486 113 431 486 627 470 183 304 320 113 328 238 669 666 761 719 62 0 216 408 369 367 775 423 485 959 383 523 671 895 247 639 519 704 771 727 363 530 146 509 784 769 548 539 321 668 349 714 236 397 328 355 816 334 379 673 661 540 824 109 401 581 550 77 448 415 550 328 138 237 239 598 845 775 435 817 502 428 249 719 98 313 460 776 764 251 599 58 318 443 448 444 315 757 558 152 857 426 531 764 817 589 499 620 627 700 732 398 250 442 423 119 523 107 491 616 516 458 635 498 468 709 873 480 40 398 749 847 613 504 534 328 645 137 248 360 422 761 563 750 449 269 263 631 206 549 430 651 345 116 734 223
229 265 815 32 82 865 655 619 338 251 636 700 445 534 396 394 138 303 520 373 621 756 658 757 240 216 0 211 313 575 697 268 347 1044 362 709 680 977 81 725 667 590 620 640 218 740 335 450 863 891 709 447 184 693 480 579 217 187 122 299 833 239 166 704 593 573 754 308 579 574 476 213 282 222 590 465 218 408 453 759 869 622 518 918 338 385 312 829 274 235 675 834 849 98 511 158 413 658 335 497 418 730 712 70 957 585 720 657 769 763 556 681 706 804 837 404 464 243 421 333 396 305 292 435 715 245 688 446 517 584 957 668 177 613 824 907 535 314 478 265 725 181 455 328 624 655 414 864 280 163 124 750 417 351 292 602 130 279 738 42
125 91 827 204 288 923 578 735 406 461 791 876 236 556 591 466 242 466 665 486 522 780 501 729 411 408 211 0 275 737 562 115 190 1046 343 837 631 980 251 748 756 429 425 499 329 904 541 364 868 937 808 326 135 659 571 398 276 174 91 267 778 198 91 675 475 559 622 478 705 520 369 377 105 251 581 563 350 543 633 855 820 425 561 942 150 334 387 868 480 218 853 821 861 267 384 353 486 839 217 516 495 641 803 279 978 690 852 497 657 873 568 683 721 838 871 398 656 245 403 525 243 475 83 227 860 91 682 369 527 412 962 800 372 801 827 891 415 104 391 245 740 391 621 310 775 497 234 905 98 183 158 803 614 142 385 504 131 433 679 188
394 211 553 282 333 656 342 515 631 472 615 730 364 285 518 236 432 355 486 296 313 507 394 462 332 369 313 275 0 578 407 181 179 773 70 623 374 707 392 475 510 341 436 358 522 734 513 144 594 668 568 172 155 394 342 366 134 417 284 15 526 83 338 408 295 286 459 374 497 264 181 299 212 486 307 342 239 369 517 612 565 443 298 668 237 73 184 597 467 79 712 550 587 410 230 343 252 704 116 245 264 418 557 339 704 463 641 398 462 641 295 409 448 566 599 125 565 492 129 454 189 371 321 354 665 365 409 136 254 354 688 594 355 685 554 622 244 300 171 49 466 443 480 40 594 394 251 634 219 151 194 537 542 352 594 294 350 315 429 272
799 732 611 561 501 512 745 198 843 409 69 153 921 464 236 359 687 275 100 282 781 543 937 682 336 367 575 737 578 0 912 712 747 799 544 202 694 747 613 530 308 901 1012 886 724 167 331 673 659 562 293 736 618 665 284 940 481 760 672 569 798 594 731 657 804 561 944 267 158 653 722 366 743 781 555 268 389 209 141 330 810 1020 411 644 788 599 395 542 367 566 140 691 631 617 779 423 352 139 690 469 339 820 320 516 680 229 198 946 904 290 493 565 538 541 563 518 185 808 542 266 765 271 817 910 159 804 590 656 491 922 725 161 406 157 639 748 777 819 686 561 549 483 121 546 71 940 824 561 747 563 580 455 233 869 785 767 703 305 751 571
679 473 561 670 733 750 201 780 968 878 928 1062 441 465 909 558 790 744 812 646 134 564 100 397 732 775 697 562 407 912 0 453 373 698 398 881 294 648 770 542 720 157 293 65 881 1043 916 266 571 731 782 251 515 344 631 233 540 736 624 422 355 463 652 366 114 375 60 764 786 269 227 702 458 813 391 644 641 719 889 807 397 305 515 675 422 347 554 661 872 475 1052 490 585 788 187 749 562 1049 365 448 574 180 756 737 694 725 903 115 124 859 443 454 511 628 649 403 946 806 377 849 320 761 546 438 949 632 432 278 430 197 640 868 761 1045 539 533 165 505 243 452 519 847 840 416 904 108 344 691 465 541 575 657 932 528 944 146 685 706 283 656
240 31 726 247 328 836 464 679 517 499 758 858 211 465 599 401 339 454 629 441 407 684 399 621 409 423 268 115 181 712 453 0 83 941 249 785 520 876 329 652 686 329 355 390 430 875 566 251 765 847 742 212 102 549 509 311 231 286 173 178 665 123 201 566 362 456 512 470 656 409 254 373 34 362 479 505 329 507 625 787 708 358 477 844 81 229 331 776 509 149 837 714 761 347 271 376 420 825 103 424 430 526 733 325 879 630 802 397 544 812 473 582 624 744 777 304 658 359 305 532 135 466 142 200 819 200 579 257 432 318 858 752 393 795 725 784 301 121 277 166 642 442 601 220 739 396 148 813 40 157 163 717 623 174 492 389 233 416 566 231
310 100 692 324 402 819 402 693 596 569 788 897 186 447 656 414 421 502 659 468 337 656 317 573 464 485 347 190 179 747 373 83 0 899 238 801 466 835 411 625 687 247 286 310 511 907 631 197 727 825 746 141 170 501 521 234 272 364 255 183 607 158 280 520 287 422 432 520 675 359 188 429 86 440 445 520 378 539 672 788 650 290 469 812 70 202 355 752 576 184 878 670 726 428 195 443 430 868 65 408 442 458 733 400 845 642 819 314 468 819 450 548 595 719 751 291 711 435 284 589 54 516 189 176 842 266 541 208 412 238 819 771 459 842 687 737 227 154 219 186 612 517 642 218 768 314 80 788 94 217 234 701 680 198 572 320 314 463 507 309
1166 972 229 1012 1021 301 528 603 1381 1064 762 889 1056 510 967 663 1179 857 732 722 613 294 792 328 898 959 1044 1046 773 799 698 941 899 0 706 627 441 67 1121 322 493 823 977 735 1260 820 1036 702 182 248 511 771 925 400 615 903 828 1185 1051 782 345 854 1109 380 678 487 675 872 648 541 723 894 967 1248 466 638 850 745 886 486 305 989 531 156 968 713 737 258 1032 841 899 230 196 1136 748 979 645 911 844 547 646 520 481 1034 122 584 645 808 589 545 489 366 339 266 239 653 953 1259 645 945 866 872 1080 1049 711 1136 364 691 530 866 88 653 976 952 221 168 716 1050 683 810 320 1091 825 741 743 800 928 240 975 903 948 349 979 1096 1334 620 1115 844 423 1009
462 279 484 331 370 588 300 462 690 491 575 697 424 216 512 189 488 347 448 264 287 438 402 400 336 383 362 343 70 544 398 249 238 706 0 570 319 640 442 406 449 359 472 357 577 694 520 135 526 599 508 193 219 333 290 397 158 481 347 77 471 149 403 346 284 220 444 367 450 213 183 308 280 548 240 294 246 338 499 550 508 480 232 599 301 56 159 528 480 137 682 485 519 460 239 366 202 675 174 176 214 380 495 378 635 409 590 408 435 582 226 341 379 497 530 56 552 556 62 452 237 364 390 413 619 434 342 121 185 379 621 544 375 662 486 557 243 368 156 105 397 474 456 36 553 403 303 565 287 205 250 469 536 420 649 269 413 309 377 322
919 811 468 688 645 329 692 109 1009 589 145 262 985 417 429 387 835 414 196 351 747 408 927 577 477 523 709 837 623 202 881 785 801 627 570 0 621 582 762 406 172 905 1036 869 885 197 521 680 511 382 124 754 706 581 281 958 563 894 787 618 693 663 850 567 785 507 902 415 132 613 728 498 818 927 493 282 498 302 332 142 695 1046 370 474 855 620 455 379 547 636 273 561 481 769 783 572 371 287 738 439 359 756 157 661 506 163 23 938 846 90 439 467 424 387 401 528 385 951 546 443 807 417 909 974 86 914 493 662 453 934 561 45 558 335 500 605 773 902 685 621 430 653 289 584 133 931 872 390 823 655 683 303 430 955 952 737 830 431 669 696
756 549 271 649 683 457 95 530 1005 783 694 835 616 233 756 384 805 602 596 474 180 271 373 115 615 671 680 631 374 694 294 520 466 441 319 621 0 382 760 251 451 390 545 312 894 800 791 271 288 439 510 333 527 51 415 468 471 788 656 386 153 456 706 73 243 139 296 622 548 112 284 595 542 859 140 434 537 533 709 528 191 557 285 389 535 304 422 368 764 451 830 215 298 778 307 668 378 832 419 240 387 137 481 693 413 479 643 388 229 585 202 165 220 335 356 282 775 863 261 709 430 620 653 609 697 719 140 263 215 432 369 617 673 843 253 275 276 620 248 419 226 781 652 353 670 380 489 399 550 522 566 368 776 662 966 183 722 572 64 640
1100 906 164 946 955 262 471 549 1314 1000 712 843 995 444 907 597 1112 794 676 659 556 229 740 268 834 895 977 980 707 747 648 876 835 67 640 582 382 0 1055 257 439 767 922 681 1194 776 974 639 115 210 462 709 858 338 552 846 761 1118 985 715 298 788 1042 318 621 421 628 809 593 478 661 829 902 1182 400 575 785 683 828 442 262 934 465 110 904 648 671 205 969 774 851 168 131 1070 688 914 580 863 780 481 581 469 431 968 88 527 600 755 543 502 422 299 273 208 184 587 896 1192 578 883 804 809 1015 987 666 1070 298 628 463 809 23 605 911 900 154 116 657 986 620 743 254 1026 767 674 692 747 866 193 910 837 881 293 920 1032 1268 563 1049 780 368 942
226 321 892 113 118 935 734 676 263 245 677 728 486 611 413 467 74 349 569 437 699 832 726 837 286 247 81 251 392 613 770 329 411 1121 442 762 760 1055 0 802 733 656 673 711 140 776 337 527 940 963 771 520 256 773 547 638 296 161 163 378 913 316 179 784 668 652 827 350 635 654 551 266 338 169 669 530 284 463 483 821 949 674 594 993 392 464 387 903 278 314 701 913 926 19 584 192 486 683 406 575 489 808 776 101 1032 646 771 724 846 821 634 760 783 878 912 484 482 196 501 357 462 348 323 477 761 257 767 524 595 647 1034 719 208 632 902 986 609 353 556 344 802 163 494 408 667 723 473 937 335 242 200 822 431 382 214 679 134 333 818 121
864 683 95 695 700 211 341 338 1063 745 510 650 800 195 662 341 862 540 446 404 419 33 615 176 578 639 725 748 475 530 542 652 625 322 406 406 251 257 802 0 236 619 771 553 941 599 723 439 146 204 284 517 620 201 301 691 512 875 742 481 289 552 802 182 475 206 546 556 373 299 474 572 681 935 182 324 529 433 590 291 289 783 210 195 693 426 416 130 715 535 652 162 126 817 515 657 324 659 564 234 325 384 253 713 233 301 428 629 475 352 180 90 33 96 127 350 658 947 348 633 603 555 793 791 489 838 111 424 221 658 235 414 655 686 115 222 490 768 428 505 26 770 528 438 487 621 670 165 689 592 636 120 677 818 1015 416 805 524 283 692
854 714 307 641 618 221 527 110 992 609 278 416 872 263 484 290 802 407 242 296 587 242 773 406 462 519 667 756 510 308 720 686 687 493 449 172 451 439 733 236 0 758 898 713 867 363 563 541 354 264 63 619 621 410 189 818 484 843 722 510 522 566 786 396 630 345 737 417 155 453 587 471 719 889 329 203 450 284 397 102 525 908 224 338 747 492 371 236 572 542 420 395 325 744 639 555 270 429 622 293 262 587 48 634 375 98 195 785 678 141 280 295 253 233 256 399 463 908 412 474 683 417 820 862 254 841 322 523 302 791 417 178 547 463 337 445 625 806 542 521 259 656 338 470 257 778 751 257 725 577 612 147 493 859 939 578 775 408 498 645
538 342 658 566 639 830 297 799 833 798 928 1054 284 495 858 543 666 695 804 622 212 646 73 503 671 704 590 429 341 901 157 329 247 823 359 905 390 767 656 619 758 0 156 97 755 1047 849 229 677 819 821 169 409 439 634 81 471 601 501 354 488 372 520 461 148 425 213 714 795 321 179 637 326 677 446 642 579 696 855 854 532 168 537 778 282 303 515 746 799 391 1039 602 687 674 123 669 552 1033 261 468 565 311 800 639 802 743 926 69 278 899 482 531 587 712 738 385 904 668 363 794 195 711 400 282 963 489 513 246 457 44 756 885 683 1020 642 655 134 359 220 377 599 755 813 363 905 69 198 780 332 446 473 724 882 377 814 208 557 655 401 551
509 356 813 602 683 981 452 928 805 852 1046 1164 212 636 939 660 665 782 918 730 367 799 193 658 748 771 620 425 436 1012 293 355 286 977 472 1036 545 922 673 771 898 156 0 244 748 1165 916 358 833 973 960 283 453 594 759 81 551 582 511 445 639 440 511 616 303 573 338 801 920 473 311 712 338 655 595 764 660 804 949 995 683 13 674 933 283 419 618 899 861 464 1147 757 842 690 261 727 673 1139 330 605 685 462 941 679 958 874 1057 178 416 1037 626 684 739 865 891 509 993 639 491 873 252 797 369 216 1089 459 667 376 598 115 911 1013 744 1119 797 809 282 331 357 459 752 797 915 467 1024 185 209 933 341 502 516 873 963 326 796 363 554 743 555 585
614 409 582 613 679 763 217 765 905 828 906 1038 378 453 869 528 728 703 787 614 135 577 63 422 688 727 640 499 358 886 65 390 310 735 357 869 312 681 711 553 713 97 244 0 819 1023 870 223 597 748 776 194 457 362 609 176 492 672 562 373 396 408 589 384 85 370 124 724 768 263 178 656 394 749 389 620 595 687 854 805 439 256 500 699 357 304 516 676 824 422 1026 519 609 729 131 699 535 1022 306 431 547 218 752 681 722 710 891 77 182 854 434 464 520 642 666 370 909 742 345 807 257 721 481 374 933 567 443 237 416 139 672 853 711 1014 563 568 116 440 203 401 530 794 808 371 883 69 279 708 401 485 518 663 892 463 882 138 622 665 314 599
247 413 1032 249 250 1072 862 805 126 325 790 825 545 750 505 605 93 473 690 572 821 972 827 973 411 363 218 329 522 724 881 430 511 1260 577 885 894 1194 140 941 867 755 748 819 0 880 417 651 1079 1101 903 634 376 909 683 726 434 169 258 509 1046 443 239 920 784 790 939 471 761 786 670 397 430 112 807 666 421 592 587 953 1084 747 733 1132 478 594 526 1041 365 444 797 1051 1065 126 696 316 625 777 519 714 627 934 909 234 1171 778 893 823 965 949 773 899 922 1017 1051 620 574 141 636 460 564 469 380 538 877 294 906 650 734 740 1173 842 328 720 1041 1125 724 418 679 475 941 243 607 542 783 823 562 1076 424 373 329 960 520 431 75 802 199 462 950 255
965 897 665 727 665 520 864 270 996 559 120 85 1084 581 379 506 849 441 249 439 910 603 1078 767 502 530 740 904 734 167 1043 875 907 820 694 197 800 776 776 599 363 1047 1165 1023 880 0 473 818 708 573 321 886 784 764 414 1091 645 925 839 727 884 756 898 752 940 677 1070 433 257 777 868 533 907 944 666 405 555 370 294 335 888 1174 530 667 951 748 553 575 518 729 110 756 677 779 924 586 495 132 848 595 482 933 353 680 699 322 177 1087 1021 275 607 653 615 583 597 662 315 971 684 421 923 437 983 1073 112 971 680 801 613 1071 756 186 569 197 696 801 919 984 829 721 622 638 287 700 142 1081 983 584 911 728 746 500 369 1035 939 897 869 472 853 738
557 574 817 337 254 784 806 470 527 94 399 411 766 575 96 410 404 191 334 327 806 747 906 826 184 146 335 541 513 331 916 566 631 1036 520 521 791 974 337 723 563 849 916 870 417 473 0 650 868 825 577 683 465 782 423 860 380 498 455 499 930 480 499 784 802 656 964 172 421 710 692 215 590 496 662 400 276 292 191 623 956 920 532 886 645 569 374 784 62 459 382 872 845 335 743 191 420 361 593 556 414 887 595 265 926 466 522 909 952 600 606 720 717 771 801 529 159 526 554 91 669 174 623 756 490 579 738 638 581 855 952 476 173 304 837 941 755 640 674 473 734 179 234 501 398 905 708 812 590 414 404 693 105 682 470 788 459 220 854 353
489 280 500 420 475 643 215 573 753 613 700 826 362 282 646 315 559 481 576 396 172 470 267 376 467 509 450 364 144 673 266 251 197 702 135 680 271 639 527 439 541 229 358 223 651 818 650 0 533 642 603 80 276 304 406 279 275 528 400 159 415 211 444 323 153 234 316 501 567 162 50 436 272 602 257 414 375 470 633 639 457 368 317 621 266 82 294 568 607 217 812 473 533 545 107 485 324 806 149 248 337 284 585 480 653 518 701 275 321 680 276 358 408 535 565 157 687 603 135 585 166 498 383 353 736 450 349 18 243 255 623 659 496 796 493 540 108 350 29 191 424 587 589 150 677 269 232 604 280 288 327 528 670 394 720 153 466 442 315 408
988 796 52 831 841 225 382 463 1200 891 631 767 892 329 805 484 998 685 581 549 467 122 658 176 723 784 863 868 594 659 571 765 727 182 526 511 288 115 940 146 354 677 833 597 1079 708 868 533 0 185 387 605 745 240 445 755 647 1004 871 602 244 675 929 218 530 309 560 701 503 375 558 716 793 1068 288 468 671 578 730 378 222 845 352 105 797 537 557 140 860 661 773 84 31 955 589 801 468 782 671 366 469 395 355 854 126 433 531 672 478 441 308 186 159 125 118 473 798 1078 466 778 698 701 905 884 596 958 187 521 349 719 95 528 799 815 41 95 560 877 516 630 140 914 668 561 610 664 762 150 800 723 767 209 819 924 1154 471 935 669 289 828
1049 877 174 861 853 54 533 369 1225 866 519 643 1002 383 748 497 1028 660 505 535 614 175 810 339 710 769 891 937 668 562 731 847 825 248 599 382 439 210 963 204 264 819 973 748 1101 573 825 642 185 0 269 720 806 388 422 893 685 1052 923 672 426 740 985 367 674 409 728 672 417 501 677 713 878 1108 385 442 680 539 661 240 406 984 379 102 892 624 579 75 830 721 654 265 159 976 718 799 478 667 763 423 474 562 242 868 127 360 398 825 649 298 375 290 236 109 83 543 726 1123 544 735 805 672 988 993 464 1027 307 627 415 859 192 410 793 711 201 272 692 965 631 693 222 906 602 629 501 817 872 41 885 772 814 141 757 1016 1174 614 983 655 455 862
903 770 344 685 655 219 587 108 1028 631 252 382 931 326 493 343 842 435 246 337 649 285 836 458 494 548 709 808 568 293 782 742 746 511 508 124 510 462 771 284 63 821 960 776 903 321 577 603 387 269 0 680 674 467 238 880 534 888 771 567 573 622 834 452 692 407 798 442 157 515 649 507 775 931 391 248 492 313 401 50 572 970 286 355 805 553 422 258 592 597 390 437 357 781 702 589 324 402 681 355 314 646 33 671 390 126 146 848 737 78 342 351 305 263 280 460 463 951 474 491 744 444 874 921 210 892 377 585 364 853 441 144 579 442 376 481 687 862 604 577 308 684 346 529 233 840 811 271 781 628 662 179 499 915 974 641 821 442 555 689
449 236 575 420 485 722 262 646 727 637 767 889 287 361 690 380 542 526 640 455 197 547 223 443 503 539 447 326 172 736 251 212 141 771 193 754 333 709 520 517 619 169 283 194 634 886 683 80 605 720 680 0 265 372 477 206 304 497 377 186 468 214 412 392 151 312 308 546 638 231 49 470 225 573 335 483 411 529 686 718 512 292 395 697 206 138 347 646 635 229 873 542 608 538 65 507 392 867 116 327 404 318 663 488 727 592 775 227 333 757 355 434 486 613 642 227 736 570 209 626 98 542 329 279 807 405 424 97 322 187 694 731 521 852 566 607 91 293 91 211 501 600 646 195 744 223 157 682 232 292 325 608 713 332 699 180 441 486 369 406
245 116 702 158 232 790 488 602 480 400 668 762 311 426 497 332 284 355 540 356 445 652 475 616 308 321 184 135 155 618 515 102 170 925 219 706 527 858 256 620 621 409 453 457 376 784 465 276 745 806 674 265 0 548 437 404 144 263 130 144 678 72 185 562 412 439 572 370 574 416 296 272 130 333 459 430 232 417 526 720 718 457 428 815 182 224 254 737 408 85 741 703 737 274 328 275 351 728 152 386 360 559 668 231 851 557 721 475 591 740 441 560 595 708 742 272 557 338 281 430 216 366 204 300 733 223 561 275 399 406 839 670 292 696 705 775 353 201 304 116 614 348 505 185 650 473 245 774 132 56 65 670 521 253 445 426 196 318 580 143
782 579 220 661 690 407 146 494 1022 780 661 802 657 212 742 372 821 592 569 460 229 221 424 73 610 668 693 659 394 665 344 549 501 400 333 581 51 338 773 201 410 439 594 362 909 764 782 304 240 388 467 372 548 0 391 515 480 810 677 405 149 477 730 23 292 128 345 611 516 142 323 593 573 879 121 411 537 515 689 483 179 606 262 339 570 326 420 317 758 469 799 171 249 790 351 669 364 802 450 227 372 183 438 701 365 445 603 438 275 541 180 118 172 284 306 290 756 885 273 697 467 609 686 650 659 747 92 295 202 480 324 579 672 816 204 237 321 654 284 437 177 783 630 369 637 430 528 348 581 538 583 319 761 698 982 232 743 564 89 654
666 536 394 453 434 390 463 173 809 450 298 432 706 183 364 108 616 243 184 113 499 325 664 420 289 349 480 571 342 284 631 509 521 615 290 281 415 552 547 301 189 634 759 609 683 414 423 406 445 422 238 477 437 391 0 682 297 654 534 339 532 388 598 386 526 279 662 258 161 370 456 291 542 701 276 24 264 134 301 285 551 768 130 469 576 341 185 370 417 362 423 453 423 559 512 377 91 422 458 186 80 538 235 450 509 122 300 673 621 304 214 306 296 352 384 251 369 720 272 333 526 257 639 695 330 655 328 389 208 660 530 255 371 429 414 519 505 628 415 344 312 484 240 304 274 667 591 402 548 391 425 283 380 681 756 486 586 233 475 456
496 318 734 557 635 901 376 851 793 801 971 1092 219 556 877 585 639 718 845 658 290 719 137 581 687 714 579 398 366 940 233 311 234 903 397 958 468 846 638 691 818 81 81 176 726 1091 860 279 755 893 880 206 404 515 682 0 488 565 478 377 568 380 488 537 226 492 285 736 843 392 232 652 301 640 514 688 597 732 883 915 612 93 595 854 249 343 547 819 807 403 1076 681 763 656 180 674 597 1069 267 525 610 392 861 634 880 796 979 125 355 957 546 603 659 785 812 432 928 627 413 811 191 733 356 219 1012 446 587 297 518 38 835 936 690 1051 719 735 201 314 277 394 672 751 846 395 949 130 166 853 305 448 468 792 902 323 780 285 528 678 481 541
371 253 600 185 213 664 458 460 553 339 527 628 441 318 390 195 351 232 399 213 441 543 527 542 200 236 217 276 134 481 540 231 272 828 158 563 471 761 296 512 484 471 551 492 434 645 380 275 647 685 534 304 144 480 297 488 0 368 241 120 623 115 304 490 428 357 591 250 431 369 315 166 263 424 373 288 109 276 401 582 657 557 308 705 308 197 113 620 333 88 608 618 634 312 364 211 215 597 222 281 223 537 530 222 744 415 578 530 590 598 340 465 491 593 627 191 442 438 211 324 300 246 347 430 591 358 472 265 300 480 741 527 221 571 608 691 378 342 301 95 510 317 372 130 509 526 351 656 267 94 130 547 414 395 508 422 298 192 531 182
79 264 960 206 261 1031 742 801 233 406 822 883 377 680 571 560 105 489 706 553 691 907 673 879 426 397 187 174 417 760 736 286 364 1185 481 894 788 1118 161 875 843 601 582 672 169 925 498 528 1004 1052 888 497 263 810 654 565 368 0 134 406 938 334 85 824 647 701 795 494 763 677 538 399 278 77 720 641 398 592 636 937 978 580 674 1069 320 485 477 987 438 345 856 965 995 167 556 340 580 839 384 641 586 809 889 246 1107 764 905 669 829 945 698 819 851 959 993 532 640 76 543 512 416 491 213 370 901 126 822 530 657 582 1099 853 358 790 964 1038 586 253 555 376 870 323 640 446 810 669 404 1023 272 283 240 914 590 262 216 673 70 465 839 200
133 160 827 120 201 903 614 689 353 373 729 806 327 548 510 435 166 398 607 439 567 774 571 745 339 328 122 91 284 672 624 173 255 1051 347 787 656 985 163 742 722 501 511 562 258 839 455 400 871 923 771 377 130 677 534 478 241 134 0 273 806 201 64 691 528 567 682 408 655 545 415 307 178 204 587 523 291 488 560 819 846 512 544 937 230 352 352 857 394 211 781 831 861 179 439 271 455 766 262 509 462 683 769 191 975 649 801 569 709 831 565 686 719 828 862 398 577 209 409 446 308 404 170 317 803 132 688 401 524 488 965 749 290 724 831 904 467 194 428 243 738 301 553 312 715 568 312 893 173 151 111 785 533 230 323 548 67 368 708 105
386 208 560 268 318 660 356 511 619 457 607 721 367 290 505 231 419 342 478 288 328 513 407 473 318 355 299 267 15 569 422 178 183 782 77 618 386 715 378 481 510 354 445 373 509 727 499 159 602 672 567 186 144 405 339 377 120 406 273 0 538 73 328 419 310 296 474 362 492 277 196 285 210 475 316 337 226 360 506 611 577 452 300 675 238 87 175 602 452 65 703 560 595 396 244 328 248 694 122 249 260 432 557 324 711 460 637 412 477 639 302 417 455 571 605 131 553 481 138 440 197 358 317 357 660 358 418 151 260 365 697 589 340 674 562 632 258 298 186 34 473 428 470 43 587 407 257 639 217 137 180 541 529 351 581 309 339 303 442 258
903 694 256 801 834 460 207 617 1156 928 788 929 742 358 888 520 957 740 706 607 285 294 451 118 758 816 833 778 526 798 355 665 607 345 471 693 153 298 913 289 522 488 639 396 1046 884 930 415 244 426 573 468 678 149 532 568 623 938 806 538 0 607 855 148 349 276 331 759 645 262 420 741 686 1010 269 554 684 660 832 579 45 651 406 347 673 455 568 368 906 603 928 161 268 930 431 816 511 933 563 375 519 178 541 844 357 573 716 466 245 640 326 234 270 341 350 433 900 1013 413 845 565 757 795 736 775 865 209 410 350 531 294 698 820 952 226 183 397 760 389 571 265 929 772 505 765 458 619 388 694 674 718 404 907 799 1118 297 873 712 100 793
314 149 632 210 272 726 420 557 549 426 638 742 329 359 500 280 352 345 509 320 383 584 434 545 309 334 239 198 83 594 463 123 158 854 149 663 456 788 316 552 566 372 440 408 443 756 480 211 675 740 622 214 72 477 388 380 115 334 201 73 607 0 255 491 355 368 518 363 533 346 238 273 156 404 389 383 221 387 515 667 647 445 365 746 196 153 209 671 428 28 722 632 667 335 278 297 299 712 114 319 309 493 613 275 783 509 680 436 530 690 372 490 526 641 674 202 554 409 210 433 190 359 254 318 697 287 490 208 331 376 769 630 312 685 634 704 299 241 240 48 544 387 486 114 619 432 237 708 161 79 116 607 524 294 513 364 267 306 510 197
