110
0 313 136 681 711 815 587 691 567 317 852 385 223 804 513 301 621 284 377 732 1064 751 260 480 248 751 478 360 595 224 203 182 679 150 778 199 219 178 469 511 185 784 301 405 259 788 416 221 1065 138 427 405 57 693 455 286 279 656 193 641 727 426 637 781 711 864 775 730 370 477 219 518 320 699 143 833 477 734 155 514 898 137 712 723 669 696 659 236 367 479 384 829 624 683 218 854 175 736 209 302 226 375 199 486 448 644 839 593 470 722
313 0 448 822 614 612 443 809 793 17 786 485 92 562 614 371 880 496 575 624 1064 648 351 198 461 788 549 204 366 496 178 199 415 314 865 300 392 221 741 430 462 936 322 169 340 697 532 273 1069 431 635 656 360 587 209 158 560 706 121 755 926 256 692 859 626 953 672 900 666 410 182 740 622 608 335 589 764 753 158 249 934 371 814 935 480 443 399 247 329 404 169 900 616 817 166 772 374 861 212 24 88 673 275 306 526 775 733 423 585 777
136 448 0 668 796 928 692 691 510 452 922 424 358 927 535 354 536 275 360 821 1103 837 331 613 250 784 518 483 718 172 329 306 808 217 789 288 242 287 381 603 143 761 389 535 319 868 443 308 1101 98 395 340 94 782 585 412 200 690 328 646 679 545 670 795 793 870 860 699 262 568 336 468 207 784 196 956 373 776 291 645 926 159 718 666 781 823 788 332 463 573 513 845 684 674 346 930 201 729 327 438 361 264 285 604 488 639 923 703 489 750
681 822 668 0 546 811 617 63 248 811 527 337 776 900 213 982 375 400 310 575 523 570 477 832 434 263 287 660 773 497 653 639 885 830 165 539 890 838 412 514 527 114 501 746 939 555 291 895 515 578 278 364 703 561 765 669 487 230 752 89 189 661 223 183 522 218 578 104 520 502 860 248 550 532 821 921 477 301 739 814 335 802 104 231 718 869 866 902 517 514 722 225 359 20 660 565 845 66 617 799 773 528 875 671 302 50 609 663 237 218
711 614 796 546 0 270 180 491 711 598 178 413 633 378 399 944 851 584 570 31 485 41 466 493 585 328 348 415 337 688 539 548 420 824 461 515 910 770 799 202 687 634 411 455 904 84 427 837 495 708 605 702 763 31 435 483 730 317 632 459 730 359 324 442 28 525 65 650 830 234 757 674 823 16 832 393 859 276 648 445 422 842 463 768 222 390 408 823 344 234 447 456 190 529 531 158 872 534 516 595 628 840 827 316 366 504 129 218 424 354
815 612 928 811 270 0 244 758 954 597 387 619 667 131 644 980 1091 773 783 244 696 258 618 431 763 596 580 459 248 859 616 634 251 893 730 644 979 816 1017 356 848 902 550 447 946 297 647 877 709 855 829 916 871 251 404 537 913 584 678 722 992 392 589 711 296 791 262 915 1023 387 787 912 1004 282 907 135 1072 544 706 374 676 930 732 1027 147 211 252 855 474 379 456 722 452 794 602 344 949 803 607 601 661 1032 874 331 589 767 277 225 659 624
587 443 692 617 180 244 0 574 727 427 357 380 474 293 426 790 860 530 544 184 660 208 375 314 519 455 356 252 171 616 396 410 273 683 575 405 769 617 777 116 605 721 308 279 751 261 412 683 669 615 593 676 643 150 256 327 669 410 477 529 786 190 408 559 199 652 232 719 779 145 598 682 760 178 693 318 830 406 499 267 575 711 556 816 109 253 256 666 232 136 275 585 277 603 385 335 735 624 381 426 468 789 676 139 359 570 291 48 433 467
691 809 691 63 491 758 574 0 304 797 466 328 769 852 195 991 435 418 332 520 468 513 471 805 449 201 263 638 733 522 645 633 844 841 111 536 905 841 461 475 549 148 487 722 949 496 285 901 461 597 310 405 719 508 737 653 519 175 747 54 250 632 170 126 466 180 520 161 562 467 860 298 588 478 833 871 527 240 737 783 279 817 43 293 671 826 826 905 494 479 699 172 308 44 651 504 860 54 608 785 766 571 881 638 283 56 549 620 229 156
567 793 510 248 711 954 727 304 0 786 738 359 724 1020 313 856 141 300 220 742 771 744 452 861 336 491 375 681 854 348 615 594 968 708 412 494 749 742 174 612 386 291 506 768 817 743 319 787 763 437 159 170 571 718 801 661 310 428 695 295 172 705 412 430 692 462 758 219 301 588 777 54 343 696 692 1044 234 518 671 859 582 663 346 158 836 962 947 802 554 600 741 472 525 265 628 770 706 311 583 771 724 307 765 736 369 256 801 767 296 445
317 17 452 811 598 597 427 797 786 0 770 474 97 548 602 386 876 490 567 608 1048 631 341 185 456 774 536 188 350 494 172 193 402 324 851 293 403 233 738 415 460 925 311 153 354 681 521 286 1053 431 628 651 364 571 194 145 558 693 125 743 917 239 679 845 610 940 656 890 666 394 195 733 621 592 344 575 762 738 162 235 920 380 801 927 464 429 386 261 315 388 152 887 601 806 159 755 384 849 204 16 92 672 288 289 514 764 717 407 574 764
852 786 922 527 178 387 357 466 738 770 0 508 799 513 447 1104 878 681 644 179 316 155 596 671 690 268 423 585 510 792 696 702 584 976 398 653 1060 930 857 361 799 590 552 631 1062 101 507 997 327 828 665 769 901 208 612 648 825 310 795 451 715 533 327 376 161 436 137 624 913 389 922 711 915 181 981 520 921 227 807 622 300 987 428 758 387 550 574 986 495 392 622 370 244 508 691 46 1020 495 670 766 794 923 985 493 449 497 112 394 485 310
385 485 424 337 413 619 380 328 359 474 508 0 441 670 135 678 484 175 165 442 683 451 144 513 183 367 95 334 496 285 317 305 610 530 401 210 604 519 399 265 293 451 166 422 634 471 48 581 682 328 215 298 423 408 449 334 321 272 420 275 456 350 252 400 401 489 472 418 418 236 534 309 413 398 527 695 455 353 411 505 513 520 340 475 488 605 589 583 198 247 396 448 265 333 324 523 559 379 281 462 439 428 563 378 65 291 529 415 101 338
223 92 358 776 633 667 474 769 724 97 799 441 0 630 574 317 804 425 509 647 1060 670 299 276 389 770 515 222 425 413 125 137 489 234 834 239 317 149 661 438 378 888 288 222 280 716 485 211 1064 344 569 580 269 609 271 152 476 683 32 715 866 286 667 830 642 923 695 846 580 412 125 672 534 625 252 658 680 740 68 320 919 286 778 871 528 513 471 192 315 408 212 874 608 772 121 789 293 819 161 84 7 586 207 344 490 731 758 462 541 754
804 562 927 900 378 131 293 852 1020 548 513 670 630 0 717 932 1152 809 833 356 824 374 641 367 793 704 648 445 210 882 602 623 155 862 835 654 945 777 1063 409 865 999 571 409 901 419 704 833 837 864 884 962 860 354 360 519 940 681 646 812 1075 383 683 817 405 902 383 1004 1053 435 742 974 1028 388 878 29 1114 652 678 313 795 907 829 1107 186 121 166 808 499 424 424 833 545 885 586 472 920 899 601 555 623 1062 834 326 652 854 405 256 725 727
513 614 535 213 399 644 426 195 313 602 447 135 574 717 0 809 453 263 203 430 570 432 278 620 286 252 75 447 570 377 450 439 684 661 267 344 731 653 411 315 396 327 292 533 766 436 97 715 568 438 218 323 547 405 553 459 395 160 554 142 363 449 139 268 380 354 448 306 470 297 669 276 480 384 656 740 475 252 545 603 392 645 205 391 532 672 664 717 304 310 509 316 216 206 456 472 686 247 414 591 572 480 696 463 89 165 495 469 46 216
301 371 354 982 944 980 790 991 856 386 1104 678 317 932 809 0 889 584 677 960 1344 982 541 566 549 1038 767 538 735 509 408 403 783 152 1076 474 118 175 734 745 471 1085 561 534 44 1026 713 108 1346 419 724 688 286 921 578 464 550 945 314 941 1021 603 926 1077 951 1162 1007 1029 612 716 194 810 557 935 164 959 724 1015 297 619 1187 196 1011 1013 843 812 768 126 610 714 526 1125 894 984 414 1098 154 1037 436 380 323 613 119 661 738 944 1070 779 768 1013
621 880 536 375 851 1091 860 435 141 876 878 484 804 1152 453 889 0 388 329 882 895 884 558 969 421 628 511 791 979 399 706 683 1092 749 539 588 776 799 156 744 438 389 618 876 853 884 448 835 886 484 271 225 613 857 913 762 344 568 774 432 237 823 553 558 832 577 898 318 285 718 839 180 338 836 730 1177 181 656 746 973 709 694 477 197 969 1088 1071 854 673 729 849 597 665 393 720 910 736 432 677 861 805 287 812 858 502 390 942 897 432 581
284 496 275 400 584 773 530 418 300 490 681 175 425 809 263 584 388 0 94 613 833 624 176 585 38 515 260 409 617 115 319 297 726 432 514 200 490 452 264 420 134 501 243 491 542 645 178 503 831 180 147 167 304 578 531 374 147 421 396 372 449 449 401 520 574 596 645 446 250 387 482 247 239 570 422 836 307 511 373 593 653 402 444 450 635 728 704 514 310 395 464 570 438 404 333 696 445 459 289 475 425 260 482 493 233 367 703 557 218 478
377 575 360 310 570 783 544 332 220 567 644 165 509 833 203 677 329 94 0 600 766 607 234 644 130 450 225 465 653 190 397 377 765 526 433 275 582 544 234 429 218 408 291 551 635 620 143 596 762 268 62 134 396 568 586 442 195 361 482 290 358 495 340 441 556 511 626 353 270 400 573 167 278 554 515 859 291 454 461 645 581 494 361 362 653 763 744 607 346 410 524 491 403 315 409 664 537 370 364 553 509 280 575 531 204 279 679 578 160 410
732 624 821 575 31 244 184 520 742 608 179 442 647 356 430 960 882 613 600 0 492 25 490 495 613 352 379 427 331 715 557 567 408 843 487 538 929 786 829 222 714 662 434 462 920 79 457 853 503 734 635 733 785 40 439 497 759 346 647 488 760 369 353 467 54 548 49 679 860 256 772 705 852 47 851 370 890 301 665 445 440 863 491 798 210 376 397 838 365 254 457 479 221 558 548 152 892 563 535 606 642 870 844 322 396 534 111 217 455 381
1064 1064 1103 523 485 696 660 468 771 1048 316 683 1060 824 570 1344 895 833 766 492 0 469 807 972 854 319 588 861 821 947 945 944 899 1204 359 873 1282 1175 928 635 965 522 784 920 1301 416 661 1241 17 1006 762 864 1105 516 909 914 960 413 1049 490 678 820 434 342 463 325 453 585 1021 654 1176 765 1040 484 1203 830 994 331 1054 926 190 1200 427 725 702 865 889 1235 745 661 907 299 453 506 943 354 1238 464 913 1042 1055 1030 1226 789 618 520 420 702 616 357
751 648 837 570 41 258 208 513 744 631 155 451 670 374 432 982 884 624 607 25 469 0 506 520 625 340 385 450 356 728 577 587 431 863 475 555 949 808 835 241 727 654 451 486 942 55 465 874 479 749 641 739 803 62 464 519 770 340 669 484 756 393 348 455 52 534 26 673 869 274 794 707 863 54 871 386 896 289 686 469 422 882 483 795 233 398 420 860 384 273 480 465 220 552 569 128 911 554 555 629 664 879 865 347 403 529 90 242 459 371
260 351 331 477 466 618 375 471 452 341 596 144 299 641 278 541 558 176 234 490 807 506 0 412 154 498 228 235 444 243 177 163 551 397 543 68 476 378 439 276 231 589 70 319 497 538 187 441 808 245 294 341 306 452 357 209 300 405 277 418 577 274 387 541 462 631 530 550 413 241 391 399 389 453 397 669 481 477 267 418 646 396 483 588 475 555 530 441 144 246 292 588 365 474 186 601 433 521 141 328 297 422 424 320 199 432 592 396 243 474
480 198 613 832 493 431 314 805 861 185 671 513 276 367 620 566 969 585 644 495 972 520 412 0 556 736 546 181 186 619 292 316 218 508 837 390 588 417 847 352 591 945 355 94 537 573 559 470 980 574 704 751 533 463 69 216 684 669 298 753 968 174 660 826 512 922 542 923 797 347 379 808 759 491 527 394 881 692 334 58 871 561 800 987 315 247 202 443 318 336 121 860 553 823 275 647 567 858 308 195 270 805 472 185 532 783 598 279 604 737
248 461 250 434 585 763 519 449 336 456 690 183 389 793 286 549 421 38 130 613 854 625 154 556 0 536 274 383 597 104 285 263 704 397 542 169 458 415 291 412 112 536 223 463 507 648 195 467 853 153 184 197 271 577 505 344 150 441 360 401 486 427 421 547 577 625 647 482 261 378 445 284 243 571 388 820 329 529 336 567 677 369 473 487 623 708 683 477 294 386 437 597 447 437 300 703 412 491 257 441 389 271 445 473 245 399 706 544 240 501
751 788 784 263 328 596 455 201 491 774 268 367 770 704 252 1038 628 515 450 352 319 340 498 736 536 0 273 593 624 628 649 645 726 894 137 565 969 872 631 385 646 324 485 667 994 312 342 937 318 687 452 557 789 351 669 632 644 95 756 197 450 567 115 116 301 199 341 358 711 391 879 474 726 317 892 720 698 52 756 701 150 886 162 494 535 701 710 935 460 401 648 131 184 244 650 308 925 228 615 765 766 721 921 554 303 239 359 502 298 47
478 549 518 287 348 580 356 263 375 536 423 95 515 648 75 767 511 260 225 379 588 385 228 546 274 273 0 376 496 373 391 383 610 622 319 295 697 605 451 242 385 400 229 460 724 396 85 669 588 421 257 356 518 350 479 392 403 179 497 210 437 374 160 316 333 408 403 380 492 223 616 332 493 333 619 672 512 259 492 528 421 613 266 464 463 599 590 668 232 235 437 361 181 278 395 442 652 316 356 525 512 502 651 388 30 238 455 397 79 247
360 204 483 660 415 459 252 638 681 188 585 334 222 445 447 538 791 409 465 427 861 450 235 181 383 593 376 0 236 456 158 178 330 436 680 222 523 366 672 227 433 774 175 88 500 498 381 431 867 424 525 575 416 389 123 78 519 517 226 584 790 68 505 672 425 768 475 748 633 208 347 628 601 408 449 474 711 555 250 184 737 471 637 807 315 342 310 414 145 201 62 711 417 652 144 572 491 691 157 183 216 642 424 129 359 612 537 244 428 587
595 366 718 773 337 248 171 733 854 350 510 496 425 210 570 735 979 617 653 331 821 356 444 186 597 624 496 236 0 681 392 414 115 656 742 450 741 574 877 259 661 880 375 204 702 410 537 633 831 658 708 777 650 306 157 309 741 576 440 686 932 176 572 727 359 820 375 872 855 273 543 805 827 339 672 239 923 576 471 129 745 699 719 958 133 112 95 610 308 261 217 754 445 760 377 480 714 785 392 355 419 864 632 124 492 724 425 124 568 635
224 496 172 497 688 859 616 522 348 494 792 285 413 882 377 509 399 115 190 715 947 728 243 619 104 628 373 456 681 0 332 308 784 360 622 234 405 401 250 511 40 590 312 529 469 752 292 442 944 90 223 182 224 679 575 404 65 536 382 479 513 507 515 629 680 701 750 528 178 477 440 302 147 674 345 910 269 626 351 637 766 317 551 505 717 791 763 459 386 484 503 679 549 504 349 806 361 559 312 478 415 186 419 558 346 469 809 638 331 591
203 178 329 653 539 616 396 645 615 172 696 317 125 602 450 408 706 319 397 557 945 577 177 292 285 649 391 158 392 332 0 25 479 288 710 122 374 234 570 339 302 765 165 208 366 620 362 301 948 282 457 481 259 517 257 84 397 561 107 591 749 225 545 706 544 799 603 726 508 308 232 562 469 529 297 631 599 621 111 318 798 316 654 758 470 495 459 292 203 307 185 751 492 649 18 691 339 695 37 157 122 516 290 286 366 607 667 396 417 632
182 199 306 639 548 634 410 633 594 193 702 305 137 623 439 403 683 297 377 567 944 587 163 316 263 645 383 178 414 308 25 0 502 277 701 104 363 231 547 347 277 751 161 232 361 628 349 298 947 258 437 459 239 527 281 107 372 555 115 580 731 244 539 699 552 790 612 710 484 315 235 541 444 538 285 652 574 618 111 342 794 301 644 739 488 518 482 291 207 315 208 744 493 636 42 698 326 683 33 178 135 491 285 304 357 595 676 412 405 626
679 415 808 885 420 251 273 844 968 402 584 610 489 155 684 783 1092 726 765 408 899 431 551 218 704 726 610 330 115 784 479 502 0 722 848 551 804 633 988 372 762 991 483 275 754 483 651 687 910 754 821 887 734 390 224 396 846 683 508 798 1046 278 680 832 445 923 447 985 960 387 596 919 930 425 740 180 1032 676 543 169 839 771 828 1073 199 40 22 660 420 375 295 856 549 871 463 549 781 895 485 410 483 969 689 235 607 836 487 226 682 740
150 314 217 830 824 893 683 841 708 324 976 530 234 862 661 152 749 432 526 843 1204 863 397 508 397 894 622 436 656 360 288 277 722 0 926 332 87 97 594 623 322 933 426 454 111 905 564 92 1205 271 573 541 137 804 503 358 406 800 217 790 871 503 781 928 828 1013 888 878 478 592 147 661 424 814 25 890 590 874 187 553 1042 70 861 864 750 746 705 120 483 592 440 976 758 832 298 974 60 885 309 314 240 481 70 564 592 793 953 679 618 867
778 865 789 165 461 730 575 111 412 851 398 401 834 835 267 1076 539 514 433 487 359 475 543 837 542 137 319 680 742 622 710 701 848 926 0 610 995 919 572 491 647 194 547 760 1032 448 363 981 351 694 417 514 810 483 769 707 624 169 815 144 334 664 177 23 434 89 477 240 671 491 933 408 696 450 921 852 637 187 809 808 171 908 73 381 662 825 831 983 539 502 739 62 299 148 714 441 950 109 674 841 831 680 962 660 345 165 494 622 309 109
199 300 288 539 515 644 405 536 494 293 653 210 239 654 344 474 588 200 275 538 873 555 68 390 169 565 295 222 450 234 122 104 551 332 610 0 412 310 458 318 213 650 104 298 430 590 251 374 874 212 336 365 249 499 342 176 297 472 215 483 628 275 454 608 514 698 579 608 412 283 325 440 379 503 333 682 492 543 202 404 714 335 549 636 498 559 530 374 176 287 271 655 427 536 135 656 369 585 90 278 238 420 357 329 267 495 643 419 307 541
219 392 242 890 910 979 769 905 749 403 1060 604 317 945 731 118 776 490 582 929 1282 949 476 588 458 969 697 523 741 405 374 363 804 87 995 412 0 171 620 709 369 990 509 538 96 990 634 132 1283 317 625 580 187 890 587 445 441 875 302 857 917 590 855 998 914 1080 974 931 496 677 215 705 441 900 80 974 608 951 274 635 1116 89 928 906 836 829 787 164 568 677 525 1047 839 894 385 1059 46 948 395 394 322 497 121 650 667 856 1038 766 687 941
178 221 287 838 770 816 617 841 742 233 930 519 149 777 653 175 799 452 544 786 1175 808 378 417 415 872 605 366 574 401 234 231 633 97 919 310 171 0 646 571 362 945 391 371 135 852 558 68 1177 315 597 582 195 747 419 291 456 781 141 789 899 432 763 918 776 1007 833 895 542 541 52 693 489 761 121 805 651 847 123 466 1021 163 857 897 676 660 617 64 436 539 360 965 723 838 240 923 156 889 263 224 155 545 59 491 577 797 896 609 614 850
469 741 381 412 799 1017 777 461 174 738 857 399 661 1063 411 734 156 264 234 829 928 835 439 847 291 631 451 672 877 250 570 547 988 594 572 458 620 646 0 662 287 465 505 754 698 844 374 681 921 332 195 102 458 799 794 634 191 555 630 440 338 712 536 587 783 629 853 392 136 632 688 164 186 784 575 1090 67 649 600 856 738 539 501 312 885 988 966 700 569 642 727 633 624 426 586 882 581 477 545 722 662 140 657 754 435 408 903 809 378 586
511 430 603 514 202 356 116 475 612 415 361 265 438 409 315 745 744 420 429 222 635 241 276 352 412 385 242 227 259 511 339 347 372 623 491 318 709 571 662 0 505 621 215 288 704 282 297 638 641 520 478 562 564 183 285 287 562 323 434 427 677 187 317 479 206 574 266 614 669 35 561 566 654 191 630 433 717 341 448 318 521 642 463 705 225 358 352 625 144 32 273 511 202 501 332 353 671 527 315 409 433 679 627 170 244 465 330 155 318 388
185 462 143 527 687 848 605 549 386 460 799 293 378 865 396 471 438 134 218 714 965 727 231 591 112 646 385 433 661 40 302 277 762 322 647 213 369 362 287 505 0 623 299 503 432 754 306 403 963 53 257 221 186 677 549 377 99 552 346 504 550 487 532 653 680 727 750 563 207 470 402 339 169 673 307 893 303 641 314 612 786 281 576 543 704 771 741 420 374 476 477 703 557 533 319 811 325 588 284 445 379 214 380 540 356 497 810 625 350 611
784 936 761 114 634 902 721 148 291 925 590 451 888 999 327 1085 389 501 408 662 522 654 589 945 536 324 400 774 880 590 765 751 991 933 194 650 990 945 465 621 623 0 615 860 1043 632 404 1001 511 674 367 438 803 652 878 783 571 319 864 195 158 773 316 216 609 197 659 73 587 612 969 311 624 621 922 1018 525 370 850 925 347 901 172 205 818 974 972 1009 630 624 836 238 454 123 773 631 945 100 729 912 886 594 980 782 416 163 682 767 351 286
301 322 389 501 411 550 308 487 506 311 552 166 288 571 292 561 618 243 291 434 784 451 70 355 223 485 229 175 375 312 165 161 483 426 547 104 509 391 505 215 299 615 0 262 518 487 213 457 787 308 350 406 353 395 296 169 369 396 272 433 619 207 380 542 411 636 476 583 483 180 395 454 458 399 430 599 549 457 272 355 634 435 493 634 406 486 462 452 76 184 236 587 334 495 168 553 468 539 131 299 285 492 443 251 205 454 539 327 265 467
405 169 535 746 455 447 279 722 768 153 631 422 222 409 533 534 876 491 551 462 920 486 319 94 463 667 460 88 204 529 208 232 275 454 760 298 538 371 754 288 503 860 262 0 500 538 469 430 927 488 611 658 459 427 51 127 593 594 238 669 877 102 583 750 470 846 510 835 707 276 341 715 671 450 470 437 790 626 270 111 807 499 719 895 312 295 256 408 230 267 27 788 486 738 191 612 512 775 219 155 216 715 429 141 445 697 570 256 515 663
259 340 319 939 904 946 751 949 817 354 1062 634 280 901 766 44 853 542 635 920 1301 942 497 537 507 994 724 500 702 469 366 361 754 111 1032 430 96 135 698 704 432 1043 518 500 0 986 669 70 1303 380 683 649 246 881 545 425 513 901 275 898 981 565 883 1033 910 1119 967 988 578 674 160 770 523 894 125 929 690 972 256 588 1143 161 968 974 808 782 739 94 568 673 491 1081 851 941 373 1057 122 994 394 348 287 580 77 624 695 902 1030 742 724 970
788 697 868 555 84 297 261 496 743 681 101 471 716 419 436 1026 884 645 620 79 416 55 538 573 648 312 396 498 410 752 620 628 483 905 448 590 990 852 844 282 754 632 487 538 986 0 479 919 427 778 650 751 839 112 517 566 791 326 714 472 743 443 338 427 77 500 38 657 886 314 840 710 883 92 911 429 907 263 730 523 379 921 463 783 286 450 473 906 423 314 531 432 221 537 613 75 951 534 596 678 711 896 909 398 418 518 60 295 467 347
416 532 443 291 427 647 412 285 319 521 507 48 485 704 97 713 448 178 143 457 661 465 187 559 195 342 85 381 537 292 362 349 651 564 363 251 634 558 374 297 306 404 213 469 669 479 0 619 659 346 183 276 451 426 495 381 319 248 463 232 410 395 227 365 413 450 484 370 408 271 575 271 409 412 559 729 433 335 453 550 486 549 300 429 521 644 630 622 243 282 443 413 265 287 369 526 589 335 326 508 483 418 600 420 62 246 538 450 57 309
221 273 308 895 837 877 683 901 787 286 997 581 211 833 715 108 835 503 596 853 1241 874 441 470 467 937 669 431 633 442 301 298 687 92 981 374 132 68 681 638 403 1001 457 430 70 919 619 0 1243 353 647 623 223 813 477 356 492 845 206 849 948 496 827 981 843 1068 899 949 568 609 92 739 514 828 116 860 679 913 190 520 1086 160 918 944 738 714 671 33 503 607 422 1028 790 896 307 991 135 947 330 279 217 571 24 555 640 856 963 673 674 915
1065 1069 1101 515 495 709 669 461 763 1053 327 682 1064 837 568 1346 886 831 762 503 17 479 808 980 853 318 588 867 831 944 948 947 910 1205 351 874 1283 1177 921 641 963 511 787 927 1303 427 659 1243 0 1004 757 858 1105 525 917 918 956 412 1053 484 667 826 432 335 472 314 464 575 1015 660 1179 758 1035 493 1204 843 987 332 1057 935 184 1200 421 714 712 876 899 1238 749 666 914 291 457 498 947 366 1239 455 916 1047 1059 1025 1228 796 618 514 433 711 614 354
138 431 98 578 708 855 615 597 437 431 828 328 344 864 438 419 484 180 268 734 1006 749 245 574 153 687 421 424 658 90 282 258 754 271 694 212 317 315 332 520 53 674 308 488 380 778 346 353 1004 0 309 271 134 696 536 362 141 593 312 551 602 483 573 699 704 775 772 615 237 485 356 391 191 695 255 892 341 679 278 598 829 229 624 594 709 766 733 371 383 490 464 749 589 583 300 838 273 637 270 416 346 243 330 539 392 546 834 630 393 653
427 635 395 278 605 829 593 310 159 628 665 215 569 884 218 724 271 147 62 635 762 641 294 704 184 452 257 525 708 223 457 437 821 573 417 336 625 597 195 478 257 367 350 611 683 650 183 647 757 309 0 106 440 606 645 503 210 369 541 275 302 553 349 428 589 489 658 306 260 450 628 105 280 590 561 909 258 463 519 704 574 537 344 304 702 818 800 659 403 461 584 477 430 286 470 689 580 341 425 614 568 269 626 587 242 255 709 629 183 409
405 656 340 364 702 916 676 405 170 651 769 298 580 962 323 688 225 167 134 733 864 739 341 751 197 557 356 575 777 182 481 459 887 541 514 365 580 582 102 562 221 438 406 658 649 751 276 623 858 271 106 0 404 702 697 540 141 474 549 374 340 612 454 526 688 581 758 370 158 531 619 131 187 687 525 989 158 568 522 758 675 494 441 327 784 888 866 640 469 541 631 574 532 376 496 792 538 430 454 636 580 167 600 654 337 350 810 708 285 513
57 360 94 703 763 871 643 719 571 364 901 423 269 860 547 286 613 304 396 785 1105 803 306 533 271 789 518 416 650 224 259 239 734 137 810 249 187 195 458 564 186 803 353 459 246 839 451 223 1105 134 440 404 0 746 510 342 270 695 240 670 736 482 675 813 763 894 828 746 348 530 243 525 295 751 122 889 458 775 203 568 935 99 742 728 725 752 714 244 421 533 439 862 670 707 274 904 142 761 265 351 273 351 200 542 488 669 891 649 503 759
693 587 782 561 31 251 150 508 718 571 208 408 609 354 405 921 857 578 568 40 516 62 452 463 577 351 350 389 306 679 517 527 390 804 483 499 890 747 799 183 677 652 395 427 881 112 426 813 525 696 606 702 746 0 406 458 724 334 608 473 744 332 339 464 56 549 86 665 826 216 733 679 817 36 812 369 859 299 625 414 450 824 481 780 193 361 378 799 326 214 420 480 203 544 509 186 852 552 495 568 603 836 804 287 365 518 150 187 427 375
455 209 585 765 435 404 256 737 801 194 612 449 271 360 553 578 913 531 586 439 909 464 357 69 505 669 479 123 157 575 257 281 224 503 769 342 587 419 794 285 549 878 296 51 545 517 495 477 917 536 645 697 510 406 0 175 638 601 287 686 904 106 592 758 452 854 487 857 752 279 386 748 718 432 520 388 832 625 320 63 805 549 732 923 274 245 205 453 253 269 73 793 486 756 240 591 561 790 267 199 265 760 476 121 466 716 545 226 539 669
286 158 412 669 483 537 327 653 661 145 648 334 152 519 459 464 762 374 442 497 914 519 209 216 344 632 392 78 309 404 84 107 396 358 707 176 445 291 634 287 377 783 169 127 425 566 381 356 918 362 503 540 342 458 175 0 469 549 151 599 783 146 535 701 491 796 544 750 582 262 275 608 545 474 371 547 667 598 172 237 779 394 657 796 392 411 376 341 172 258 102 743 463 663 68 638 413 706 93 135 146 590 349 207 371 622 608 321 433 620
279 560 200 487 730 913 669 519 310 558 825 321 476 940 395 550 344 147 195 759 960 770 300 684 150 644 403 519 741 65 397 372 846 406 624 297 441 456 191 562 99 571 369 593 513 791 319 492 956 141 210 141 270 724 638 469 0 554 445 480 480 568 533 633 721 698 791 506 115 528 497 270 93 716 389 968 204 646 413 701 775 356 551 467 772 852 825 511 442 536 567 683 582 496 413 842 399 551 376 543 478 124 469 618 377 464 849 693 350 604
656 706 690 230 317 584 410 175 428 693 310 272 683 681 160 945 568 421 361 346 413 340 405 669 441 95 179 517 576 536 561 555 683 800 169 472 875 781 555 323 552 319 396 594 901 326 248 845 412 593 369 474 695 334 601 549 554 0 667 146 417 497 21 157 292 253 348 334 626 323 789 403 638 304 797 699 621 95 665 640 242 791 149 457 503 662 665 844 378 334 574 195 136 213 563 343 830 219 526 683 679 636 828 492 208 192 381 457 205 72
193 121 328 752 632 678 477 747 695 125 795 420 32 646 554 314 774 396 482 647 1049 669 277 298 360 756 497 226 440 382 107 115 508 217 815 215 302 141 630 434 346 864 272 238 275 714 463 206 1053 312 541 549 240 608 287 151 445 667 0 694 839 292 651 812 639 904 694 821 549 406 128 643 503 623 233 674 649 727 38 340 904 264 758 843 537 531 490 192 305 404 224 857 597 750 107 787 275 797 142 111 35 555 199 351 471 708 758 469 519 738
641 755 646 89 459 722 529 54 295 743 451 275 715 812 142 941 432 372 290 488 490 484 418 753 401 197 210 584 686 479 591 580 798 790 144 483 857 789 440 427 504 195 433 669 898 472 232 849 484 551 275 374 670 473 686 599 480 146 694 0 273 580 136 154 435 224 493 193 532 417 807 279 554 445 784 832 507 226 684 732 301 769 73 312 629 781 779 853 441 429 646 203 271 74 597 487 811 107 555 731 712 541 830 588 229 47 526 575 176 150
727 926 679 189 730 992 786 250 172 917 715 456 866 1075 363 1021 237 449 358 760 678 756 577 968 486 450 437 790 932 513 749 731 1046 871 334 628 917 899 338 677 550 158 619 877 981 743 410 948 667 602 302 340 736 744 904 783 480 417 839 273 0 802 408 356 707 354 765 95 470 659 930 212 514 716 857 1097 391 489 818 957 498 830 289 48 891 1034 1026 961 652 672 852 386 541 208 760 753 874 226 715 904 865 475 926 822 442 227 797 830 367 406
426 256 545 661 359 392 190 632 705 239 533 350 286 383 449 603 823 449 495 369 820 393 274 174 427 567 374 68 176 507 225 244 278 503 664 275 590 432 712 187 487 773 207 102 565 443 395 496 826 483 553 612 482 332 106 146 568 497 292 580 802 0 488 654 372 750 417 754 683 176 410 654 653 354 516 411 754 525 317 156 706 538 627 823 247 285 257 478 153 167 89 690 386 651 211 517 558 685 220 237 280 691 490 62 362 612 479 177 436 565
637 692 670 223 324 589 408 170 412 679 327 252 667 683 139 926 553 401 340 353 434 348 387 660 421 115 160 505 572 515 545 539 680 781 177 454 855 763 536 317 532 316 380 583 883 338 227 827 432 573 349 454 675 339 592 535 533 21 651 136 408 488 0 168 300 264 358 326 606 315 773 386 618 310 778 702 602 115 648 632 261 771 149 447 503 661 662 826 365 326 563 208 138 206 547 358 811 217 510 669 664 616 810 484 189 182 394 455 184 88
781 859 795 183 442 711 559 126 430 845 376 400 830 817 268 1077 558 520 441 467 342 455 541 826 547 116 316 672 727 629 706 699 832 928 23 608 998 918 587 479 653 216 542 750 1033 427 365 981 335 699 428 526 813 464 758 701 633 157 812 154 356 654 168 0 415 96 457 261 684 480 931 423 707 431 923 833 653 167 807 796 153 912 86 402 646 809 815 982 532 490 730 50 283 166 710 419 953 130 671 835 827 693 963 648 343 179 473 607 311 93
711 626 793 522 28 296 199 466 692 610 161 401 642 405 380 951 832 574 556 54 463 52 462 512 577 301 333 425 359 680 544 552 445 828 434 514 914 776 783 206 680 609 411 470 910 77 413 843 472 704 589 688 763 56 452 491 721 292 639 435 707 372 300 415 0 498 71 625 819 237 766 655 813 21 835 420 845 249 654 465 396 844 438 745 248 416 433 831 347 238 461 429 169 504 537 148 875 509 520 607 637 829 833 332 352 480 131 239 407 328
864 953 870 218 525 791 652 180 462 940 436 489 923 902 354 1162 577 596 511 548 325 534 631 922 625 199 408 768 820 701 799 790 923 1013 89 698 1080 1007 629 574 727 197 636 846 1119 500 450 1068 314 775 489 581 894 549 854 796 698 253 904 224 354 750 264 96 498 0 533 262 737 575 1021 466 766 515 1006 917 693 251 898 891 157 993 153 401 734 900 907 1071 627 586 826 70 377 206 803 481 1035 153 763 930 920 746 1050 743 434 234 541 699 395 187
775 672 860 578 65 262 232 520 758 656 137 472 695 383 448 1007 898 645 626 49 453 26 530 542 647 341 403 475 375 750 603 612 447 888 477 579 974 833 853 266 750 659 476 510 967 38 484 899 464 772 658 758 828 86 487 544 791 348 694 493 765 417 358 457 71 533 0 681 889 299 819 723 884 77 896 393 914 291 711 491 415 907 489 804 250 413 437 885 409 298 505 464 234 560 594 106 936 560 580 654 689 899 890 370 422 539 65 264 476 374
730 900 699 104 650 915 719 161 219 890 624 418 846 1004 306 1029 318 446 353 679 585 673 550 923 482 358 380 748 872 528 726 710 985 878 240 608 931 895 392 614 563 73 583 835 988 657 370 949 575 615 306 370 746 665 857 750 506 334 821 193 95 754 326 261 625 262 681 0 516 600 922 241 554 636 866 1024 452 399 805 908 404 842 197 142 821 970 965 958 606 612 810 292 463 121 735 663 886 132 690 877 845 523 927 768 392 150 709 764 321 315
370 666 262 520 830 1023 779 562 301 666 913 418 580 1053 470 612 285 250 270 860 1021 869 413 797 261 711 492 633 855 178 508 484 960 478 671 412 496 542 136 669 207 587 483 707 578 886 408 568 1015 237 260 158 348 826 752 582 115 626 549 532 470 683 606 684 819 737 889 516 0 636 587 277 55 816 457 1081 113 720 515 815 832 418 599 446 883 966 939 591 555 645 681 732 672 532 525 933 459 585 489 650 582 11 545 732 469 507 945 805 429 669
477 410 568 502 234 387 145 467 588 394 389 236 412 435 297 716 718 387 400 256 654 274 241 347 378 391 223 208 273 477 308 315 387 592 491 283 677 541 632 35 470 612 180 276 674 314 271 609 660 485 450 531 530 216 279 262 528 323 406 417 659 176 315 480 237 575 299 600 636 0 534 541 620 223 598 460 686 351 419 318 532 609 457 686 253 377 367 597 111 13 258 514 211 490 302 383 638 519 283 388 407 646 597 171 221 453 363 180 297 390
219 182 336 860 757 787 598 860 777 195 922 534 125 742 669 194 839 482 573 772 1176 794 391 379 445 879 616 347 543 440 232 235 596 147 933 325 215 52 688 561 402 969 395 341 160 840 575 92 1179 356 628 619 243 733 386 275 497 789 128 807 930 410 773 931 766 1021 819 922 587 534 0 726 535 749 172 769 695 852 125 429 1028 215 873 930 650 623 580 68 433 531 333 977 724 859 234 913 205 909 265 188 131 591 95 468 589 818 882 586 631 860
518 740 468 248 674 912 682 298 54 733 711 309 672 974 276 810 180 247 167 705 765 707 399 808 284 474 332 628 805 302 562 541 919 661 408 440 705 693 164 566 339 311 454 715 770 710 271 739 758 391 105 131 525 679 748 608 270 403 643 279 212 654 386 423 655 466 723 241 277 541 726 0 314 659 646 999 230 495 619 807 575 618 338 205 790 913 898 753 503 552 688 469 490 263 575 740 662 313 530 718 671 284 717 686 324 245 768 720 253 428
320 622 207 550 823 1004 760 588 343 621 915 413 534 1028 480 557 338 239 278 852 1040 863 389 759 243 726 493 601 827 147 469 444 930 424 696 379 441 489 186 654 169 624 458 671 523 883 409 514 1035 191 280 187 295 817 718 545 93 638 503 554 514 653 618 707 813 766 884 554 55 620 535 314 0 809 403 1056 168 732 468 780 853 363 623 493 862 938 909 537 532 628 646 756 673 561 486 933 404 615 452 606 536 57 491 705 468 533 941 784 437 685
699 608 784 532 16 282 178 478 696 592 181 398 625 388 384 935 836 570 554 47 484 54 453 491 571 317 333 408 339 674 529 538 425 814 450 503 900 761 784 191 673 621 399 450 894 92 412 828 493 695 590 687 751 36 432 474 716 304 623 445 716 354 310 431 21 515 77 636 816 223 749 659 809 0 821 403 844 265 639 444 415 831 450 753 228 396 412 815 333 223 442 446 176 515 522 165 861 521 506 588 620 826 818 312 351 490 140 218 409 342
143 335 196 821 832 907 693 833 692 344 981 527 252 878 656 164 730 422 515 851 1203 871 397 527 388 892 619 449 672 345 297 285 740 25 921 333 80 121 575 630 307 922 430 470 125 911 559 116 1204 255 561 525 122 812 520 371 389 797 233 784 857 516 778 923 835 1006 896 866 457 598 172 646 403 821 0 907 569 873 202 572 1039 46 854 849 763 764 722 144 489 598 455 972 759 824 309 980 43 877 317 333 258 460 94 577 590 785 960 691 613 864
833 589 956 921 393 135 318 871 1044 575 520 695 658 29 740 959 1177 836 859 370 830 386 669 394 820 720 672 474 239 910 631 652 180 890 852 682 974 805 1090 433 893 1018 599 437 929 429 729 860 843 892 909 989 889 369 388 547 968 699 674 832 1097 411 702 833 420 917 393 1024 1081 460 769 999 1056 403 907 0 1140 668 706 341 807 935 848 1129 209 147 192 835 527 449 453 848 564 905 615 478 948 918 630 582 652 1090 861 354 676 875 411 281 749 744
477 764 373 477 859 1072 830 527 234 762 921 455 680 1114 475 724 181 307 291 890 994 896 481 881 329 698 512 711 923 269 599 574 1032 590 637 492 608 651 67 717 303 525 549 790 690 907 433 679 987 341 258 158 458 859 832 667 204 621 649 507 391 754 602 653 845 693 914 452 113 686 695 230 168 844 569 1140 0 715 617 894 805 530 567 360 937 1034 1010 702 616 695 763 698 687 492 615 946 571 541 576 747 682 112 656 800 494 474 966 861 440 652
734 753 776 301 276 544 406 240 518 738 227 353 740 652 252 1015 656 511 454 301 331 289 477 692 529 52 259 555 576 626 621 618 676 874 187 543 951 847 649 341 641 370 457 626 972 263 335 913 332 679 463 568 775 299 625 598 646 95 727 226 489 525 115 167 249 251 291 399 720 351 852 495 732 265 873 668 715 0 729 656 182 869 203 532 485 651 660 909 427 360 608 182 140 282 621 265 908 273 587 730 735 730 898 509 289 271 312 453 297 86
155 158 291 739 648 706 499 737 671 162 807 411 68 678 545 297 746 373 461 665 1054 686 267 334 336 756 492 250 471 351 111 111 543 187 809 202 274 123 600 448 314 850 272 270 256 730 453 190 1057 278 519 522 203 625 320 172 413 665 38 684 818 317 648 807 654 898 711 805 515 419 125 619 468 639 202 706 617 729 0 375 905 230 750 822 563 565 524 182 314 417 255 853 602 738 117 801 244 787 142 148 71 521 180 377 465 696 775 493 509 736
514 249 645 814 445 374 267 783 859 235 622 505 320 313 603 619 973 593 645 445 926 469 418 58 567 701 528 184 129 637 318 342 169 553 808 404 635 466 856 318 612 925 355 111 588 523 550 520 935 598 704 758 568 414 63 237 701 640 340 732 957 156 632 796 465 891 491 908 815 318 429 807 780 444 572 341 894 656 375 0 833 603 775 978 259 195 152 495 307 307 135 828 518 803 301 596 613 835 329 242 314 823 522 149 517 764 545 228 591 705
898 934 926 335 422 676 575 279 582 920 300 513 919 795 392 1187 709 653 581 440 190 422 646 871 677 150 421 737 745 766 798 794 839 1042 171 714 1116 1021 738 521 786 347 634 807 1143 379 486 1086 184 829 574 675 935 450 805 779 775 242 904 301 498 706 261 153 396 157 415 404 832 532 1028 575 853 415 1039 807 805 182 905 833 0 1032 238 545 642 810 825 1084 607 540 790 113 321 318 799 345 1072 278 764 911 915 841 1070 687 450 331 410 621 437 177
137 371 159 802 842 930 711 817 663 380 987 520 286 907 645 196 694 402 494 863 1200 882 396 561 369 886 613 471 699 317 316 301 771 70 908 335 89 163 539 642 281 901 435 499 161 921 549 160 1200 229 537 494 99 824 549 394 356 791 264 769 830 538 771 912 844 993 907 842 418 609 215 618 363 831 46 935 530 869 230 603 1032 0 840 820 785 794 753 189 499 610 483 961 761 806 329 988 45 860 331 368 291 420 139 600 583 768 971 711 601 856
712 814 718 104 463 732 556 43 346 801 428 340 778 829 205 1011 477 444 361 491 427 483 483 800 473 162 266 637 719 551 654 644 828 861 73 549 928 857 501 463 576 172 493 719 968 463 300 918 421 624 344 441 742 481 732 657 551 149 758 73 289 627 149 86 438 153 489 197 599 457 873 338 623 450 854 848 567 203 750 775 238 840 0 333 651 809 810 921 493 469 697 133 285 85 659 467 883 72 618 790 775 608 899 628 289 94 514 603 244 118
723 935 666 231 768 1027 816 293 158 927 758 475 871 1107 391 1013 197 450 362 798 725 795 588 987 487 494 464 807 958 505 758 739 1073 864 381 636 906 897 312 705 543 205 634 895 974 783 429 944 714 594 304 327 728 780 923 796 467 457 843 312 48 823 447 402 745 401 804 142 446 686 930 205 493 753 849 1129 360 532 822 978 545 820 333 0 922 1062 1052 958 672 698 869 433 578 251 769 796 864 272 724 913 871 450 921 846 467 266 838 859 391 449
669 480 781 718 222 147 109 671 836 464 387 488 528 186 532 843 969 635 653 210 702 233 475 315 623 535 463 315 133 717 470 488 199 750 662 498 836 676 885 225 704 818 406 312 808 286 521 738 712 709 702 784 725 193 274 392 772 503 537 629 891 247 503 646 248 734 250 821 883 253 650 790 862 228 763 209 937 485 563 259 642 785 651 922 0 169 188 718 331 243 317 666 367 703 457 354 805 720 461 467 522 893 734 186 467 671 296 80 541 554
696 443 823 869 390 211 253 826 962 429 550 605 513 121 672 812 1088 728 763 376 865 398 555 247 708 701 599 342 112 791 495 518 40 746 825 559 829 660 988 358 771 974 486 295 782 450 644 714 876 766 818 888 752 361 245 411 852 662 531 781 1034 285 661 809 416 900 413 970 966 377 623 913 938 396 764 147 1034 651 565 195 810 794 809 1062 169 0 46 689 420 365 313 832 528 855 479 514 805 876 498 437 507 975 716 235 597 821 451 207 673 717
659 399 788 866 408 252 256 826 947 386 574 589 471 166 664 768 1071 704 744 397 889 420 530 202 683 710 590 310 95 763 459 482 22 705 831 530 787 617 966 352 741 972 462 256 739 473 630 671 899 733 800 866 714 378 205 376 825 665 490 779 1026 257 662 815 433 907 437 965 939 367 580 898 909 412 722 192 1010 660 524 152 825 753 810 1052 188 46 0 645 399 355 276 840 533 853 443 540 764 877 464 394 465 948 673 213 586 817 479 209 662 723
236 247 332 902 823 855 666 905 802 261 986 583 192 808 717 126 854 514 607 838 1235 860 441 443 477 935 668 414 610 459 292 291 660 120 983 374 164 64 700 625 420 1009 452 408 94 906 622 33 1238 371 659 640 244 799 453 341 511 844 192 853 961 478 826 982 831 1071 885 958 591 597 68 753 537 815 144 835 702 909 182 495 1084 189 921 958 718 689 645 0 494 595 401 1029 783 902 296 978 167 953 323 255 198 594 51 535 640 861 949 654 678 913
367 329 463 517 344 474 232 494 554 315 495 198 315 499 304 610 673 310 346 365 745 384 144 318 294 460 232 145 308 386 203 207 420 483 539 176 568 436 569 144 374 630 76 230 568 423 243 503 749 383 403 469 421 326 253 172 442 378 305 441 652 153 365 532 347 627 409 606 555 111 433 503 532 333 489 527 616 427 314 307 607 499 493 672 331 420 399 494 0 112 206 573 293 508 199 492 529 547 175 306 311 564 491 186 215 468 473 252 286 449
479 404 573 514 234 379 136 479 600 388 392 247 408 424 310 714 729 395 410 254 661 273 246 336 386 401 235 201 261 484 307 315 375 592 502 287 677 539 642 32 476 624 184 267 673 314 282 607 666 490 461 541 533 214 269 258 536 334 404 429 672 167 326 490 238 586 298 612 645 13 531 552 628 223 598 449 695 360 417 307 540 610 469 698 243 365 355 595 112 0 250 525 220 502 300 385 639 531 283 382 403 654 596 160 233 465 362 169 309 401
384 169 513 722 447 456 275 699 741 152 622 396 212 424 509 526 849 464 524 457 907 480 292 121 437 648 437 62 217 503 185 208 295 440 739 271 525 360 727 273 477 836 236 27 491 531 443 422 914 464 584 631 439 420 73 102 567 574 224 646 852 89 563 730 461 826 505 810 681 258 333 688 646 442 455 453 763 608 255 135 790 483 697 869 317 313 276 401 206 250 0 768 469 714 168 605 498 752 194 152 206 689 419 138 420 673 566 256 490 643
