210
0 677 750 416 424 753 422 279 471 540 645 552 348 195 971 508 321 199 349 190 774 153 983 641 875 837 553 726 155 415 228 776 181 942 635 535 126 198 761 844 788 788 177 590 824 664 637 353 680 927 770 532 329 206 314 304 457 837 227 388 361 336 859 755 748 816 418 252 213 746 442 818 753 1006 8 828 447 156 226 248 858 806 723 559 570 231 722 697 493 311 694 665 204 274 482 79 201 567 446 804 715 858 756 697 463 610 580 832 673 848 518 760 476 671 760 415 638 487 359 531 271 417 232 686 116 576 373 767 617 685 636 108 939 293 407 390 700 372 877 131 161 625 607 66 289 695 570 781 597 641 129 722 854 826 246 601 639 802 584 914 220 375 244 696 519 871 901 876 273 592 473 626 946 469 282 495 656 862 726 450 451 287 819 626 837 673 687 734 714 930 465 337 608 446 819 344 904 425 308 431 361 423 191 393 709 1015 573 738 756 779
677 0 622 285 962 723 719 665 371 353 696 712 332 868 770 196 906 829 399 815 1079 602 796 1069 669 1002 843 1124 730 263 603 793 852 699 536 570 772 566 879 989 624 507 586 642 1088 21 177 508 772 658 811 1062 372 872 628 418 224 1180 462 770 403 365 753 1153 113 838 901 900 884 85 236 1169 82 774 669 1207 349 544 523 875 1046 601 47 763 1064 691 48 905 585 512 769 804 866 889 971 746 832 980 617 1175 834 696 840 28 690 74 670 873 860 721 159 357 260 25 395 905 1064 515 319 822 830 488 851 286 790 584 314 480 412 655 490 569 688 820 529 326 902 338 565 574 818 1096 853 685 849 606 170 1187 434 51 698 633 1272 521 723 429 347 876 901 790 837 940 519 927 179 813 900 632 836 556 561 209 780 982 399 288 544 614 860 647 852 433 879 842 1026 1107 154 403 766 825 488 350 710 987 889 481 758 260 379 728 982 264 856 438 697 805 686 76 415 902
750 622 0 679 716 119 418 508 345 306 181 287 626 855 223 502 739 755 455 939 578 597 236 670 130 430 430 682 668 604 527 194 903 200 121 218 875 553 311 409 45 163 574 192 556 603 445 399 234 200 218 767 693 934 457 500 619 683 689 498 438 692 137 705 565 230 630 990 926 602 568 679 679 258 747 730 385 737 531 995 478 84 635 332 730 568 654 390 265 441 220 286 823 766 670 767 949 603 325 699 284 109 264 647 354 574 222 267 350 111 587 307 449 643 264 638 666 264 609 424 677 337 751 343 841 179 540 176 219 101 147 684 200 642 343 480 384 701 204 751 787 730 395 703 685 57 473 736 209 643 859 42 814 187 581 210 276 284 478 186 969 732 512 421 516 192 280 149 683 158 279 414 202 699 649 399 102 144 310 337 535 511 280 365 462 702 477 240 201 215 291 546 231 733 293 415 163 637 662 418 826 533 824 379 122 267 243 604 240 330
416 285 679 0 769 746 596 493 338 375 678 646 86 610 877 200 692 594 267 535 988 384 898 926 769 965 739 996 505 76 417 803 582 820 563 535 496 365 852 959 699 625 377 614 1014 278 330 387 746 788 812 877 90 598 476 250 76 1078 191 620 282 83 815 1027 382 850 726 621 614 367 115 1063 352 896 409 1091 298 270 330 594 1002 694 330 686 894 497 324 842 525 367 750 761 617 662 798 492 552 838 527 1061 802 778 824 299 591 236 629 880 802 789 145 520 233 273 542 727 922 468 91 715 621 406 621 431 523 567 151 598 468 670 532 314 811 621 436 209 841 53 706 299 570 937 769 439 641 641 260 1059 471 241 418 673 1142 654 530 470 438 869 792 864 556 735 336 856 195 859 927 747 626 555 496 340 872 800 138 283 580 729 825 553 705 255 878 769 980 963 359 532 757 893 433 166 670 795 884 355 838 44 110 606 756 146 605 345 709 919 638 358 552 875
424 962 716 769 0 653 305 299 625 681 543 431 685 327 904 767 113 238 564 515 425 386 903 244 840 567 314 331 279 734 362 632 417 908 647 528 470 407 552 587 760 832 392 525 492 944 852 466 528 915 612 111 699 442 341 547 779 455 605 226 561 705 767 355 994 653 87 500 415 1008 741 435 1044 949 429 429 630 562 447 535 567 796 1003 393 150 275 1010 447 481 453 547 484 283 173 83 358 512 201 418 413 525 801 574 988 366 888 494 649 450 772 817 885 708 966 863 78 241 531 686 308 156 508 205 843 402 554 659 824 708 619 677 483 911 148 470 637 453 739 906 544 294 208 372 366 136 664 808 376 676 942 535 676 439 869 242 682 765 608 298 814 537 57 447 427 784 743 725 864 152 590 485 828 864 53 636 695 662 858 519 395 184 535 629 405 552 266 908 830 573 814 536 626 492 26 621 487 821 759 666 302 150 704 297 539 617 942 473 1003 848 558
753 723 119 746 653 0 374 490 409 386 115 228 685 833 252 585 692 727 501 939 466 601 252 575 203 311 348 579 651 672 526 75 891 265 191 228 875 562 193 290 148 282 579 164 439 703 547 418 134 283 100 690 748 923 444 540 694 569 729 449 483 748 116 599 675 116 567 982 911 711 641 567 785 297 752 620 449 765 548 992 359 192 740 260 646 549 758 281 263 459 116 186 797 727 597 758 948 517 309 588 172 155 146 749 313 670 178 153 246 121 671 424 526 742 382 576 571 291 668 348 639 366 718 453 834 189 600 295 312 78 234 702 271 601 357 540 275 762 313 775 766 640 303 700 643 118 566 629 293 740 872 92 704 303 555 296 378 166 388 168 970 677 530 313 601 120 183 241 643 193 286 515 213 629 697 476 180 242 197 310 469 549 162 271 343 605 584 356 91 178 325 600 164 667 175 441 169 707 714 371 776 602 800 419 45 290 192 711 358 212
422 719 418 596 305 374 0 144 355 398 259 147 512 465 621 527 322 357 339 594 395 288 624 350 546 418 147 408 292 539 214 375 531 615 343 224 531 269 341 423 462 528 274 227 428 700 583 217 271 617 363 376 553 563 127 346 579 483 488 81 328 557 489 438 729 409 221 624 548 750 530 468 800 663 423 498 371 489 283 640 443 496 755 138 358 194 766 279 178 229 288 247 427 354 276 406 600 261 118 467 297 511 341 747 64 648 200 419 252 488 596 587 461 729 562 229 345 235 505 123 265 233 345 554 480 251 455 520 409 326 373 409 617 228 192 412 281 584 603 487 400 382 191 360 270 364 553 471 377 711 550 380 556 565 190 384 472 386 197 541 623 316 270 282 546 481 492 566 270 286 186 555 585 299 488 434 359 558 306 91 141 342 404 205 421 388 638 530 311 548 248 432 211 325 402 248 541 571 515 11 408 488 431 282 333 661 183 746 547 357
279 665 508 493 299 490 144 0 332 393 377 276 407 347 725 469 263 248 266 456 522 147 732 434 638 561 284 507 162 448 80 504 401 707 409 292 392 137 483 567 551 586 136 329 563 646 555 171 404 701 496 399 437 433 54 255 491 600 360 131 263 442 602 538 696 542 238 493 422 710 450 584 747 764 279 605 333 350 164 505 585 577 705 280 405 60 712 422 244 154 419 387 315 271 310 270 463 347 185 577 437 612 479 691 186 591 312 555 396 595 523 609 409 669 593 242 430 268 405 260 189 224 248 556 346 330 368 571 436 429 425 269 707 165 191 340 425 473 670 346 280 445 333 218 203 452 510 569 408 647 407 475 651 625 77 414 485 525 324 656 486 283 159 423 486 604 626 649 194 356 234 533 694 318 371 398 428 638 448 180 214 245 542 349 564 471 612 562 440 667 261 338 335 324 541 190 650 476 400 153 350 410 316 243 446 767 302 704 582 500
471 371 345 338 625 409 355 332 0 70 349 344 282 626 555 191 594 553 127 655 710 336 573 703 448 649 473 754 450 263 297 468 647 507 227 210 594 288 530 640 371 328 313 288 722 351 230 162 421 482 479 716 348 675 285 175 286 810 355 414 112 348 480 784 375 515 554 723 676 396 233 799 449 580 466 837 41 415 249 716 690 373 404 394 708 376 416 540 217 187 423 446 608 594 619 514 668 615 247 804 481 449 497 399 320 302 310 546 497 456 273 293 124 383 289 559 698 148 264 452 518 122 564 228 581 235 195 304 154 333 201 381 501 497 164 136 538 357 417 434 563 736 483 445 534 304 201 817 144 370 557 336 903 364 404 146 169 539 530 530 684 615 235 560 209 522 591 435 524 219 191 203 544 636 308 84 244 418 506 278 492 191 546 474 669 741 285 263 426 558 118 203 351 649 554 148 507 298 318 363 679 194 603 91 372 598 323 392 286 553
540 353 306 375 681 386 398 393 70 0 345 363 330 695 505 199 656 619 194 723 731 405 525 741 397 651 503 787 517 299 363 452 716 452 197 219 663 357 528 638 325 266 382 290 736 333 191 224 420 424 466 767 398 744 343 242 313 833 416 464 181 396 443 816 338 498 606 792 745 364 262 823 426 526 535 864 98 480 318 784 694 321 380 416 755 440 395 553 240 253 419 452 676 659 669 583 737 655 284 831 482 404 491 381 355 291 317 531 508 416 285 224 144 369 220 612 736 170 311 484 580 173 629 164 650 232 244 240 95 313 160 449 444 557 212 188 550 401 353 500 631 779 505 514 595 274 186 849 98 361 624 305 934 300 466 97 99 530 561 490 752 673 304 576 215 492 568 379 586 206 219 161 498 687 365 93 211 362 508 314 538 258 535 492 674 779 244 195 418 520 150 258 357 704 544 214 464 332 371 405 741 229 671 157 355 547 335 362 217 551
645 696 181 678 543 115 259 377 349 345 0 115 609 719 364 536 578 613 420 829 415 494 366 490 299 306 250 507 538 606 417 134 778 366 173 144 765 457 183 294 224 329 473 65 405 676 526 322 76 376 136 589 668 810 333 454 633 520 638 335 402 670 230 531 665 179 457 869 798 698 580 515 766 408 643 563 386 668 448 881 351 265 720 153 550 435 736 226 164 361 75 118 682 612 492 646 837 423 200 531 138 258 148 724 198 636 65 204 182 231 621 443 472 713 406 466 486 211 595 245 524 279 603 450 722 115 529 333 294 81 221 600 370 486 262 470 221 687 384 675 652 549 215 590 529 140 530 563 267 706 766 140 644 360 441 272 366 191 297 283 859 565 430 254 554 228 263 328 529 141 191 494 327 523 613 426 175 324 165 197 360 460 201 188 331 523 571 375 80 291 246 522 52 559 207 349 283 641 632 257 663 539 686 337 75 403 77 697 384 206
552 712 287 646 431 228 147 276 344 363 115 0 569 611 478 534 464 503 380 731 369 406 480 401 410 320 154 433 434 580 328 229 674 478 240 146 668 375 218 318 331 419 388 102 378 691 553 265 129 485 220 482 622 706 239 405 613 471 577 222 365 625 344 460 698 266 344 766 692 726 560 462 787 522 551 504 374 594 375 781 356 369 741 56 447 332 755 198 128 297 144 120 573 499 383 545 738 325 124 471 168 371 206 739 90 645 67 280 157 345 614 509 466 725 477 353 397 197 558 142 412 242 492 497 620 150 497 417 340 189 282 521 481 373 211 443 197 647 484 597 545 454 143 493 415 237 542 493 308 713 677 246 578 453 334 315 411 252 209 395 761 451 359 217 552 334 351 436 416 188 155 522 441 413 562 427 251 430 185 106 248 407 268 131 334 437 604 444 166 401 227 483 65 447 269 296 397 614 585 144 548 518 577 303 189 518 45 724 457 238
348 332 626 86 685 685 512 407 282 330 609 569 0 541 833 192 610 516 191 486 905 301 853 841 726 889 657 911 424 70 331 737 521 781 508 466 440 279 779 885 651 591 293 545 933 321 332 307 674 752 744 792 69 540 391 168 110 994 131 534 208 67 761 942 414 784 640 569 553 406 107 979 407 855 340 1006 242 214 244 547 925 650 378 606 808 412 376 763 452 284 680 686 544 582 712 421 503 752 448 976 729 730 754 351 510 269 557 812 724 737 175 505 199 325 520 642 836 399 20 632 537 333 541 417 459 500 87 564 425 607 481 241 773 537 359 147 763 79 676 243 496 851 688 364 558 584 259 973 422 294 370 616 1056 623 445 423 407 799 708 811 509 652 250 776 195 800 864 708 543 492 423 334 824 715 68 244 525 691 750 473 619 170 809 690 903 878 372 505 688 838 364 88 597 710 815 275 788 79 52 522 676 111 532 273 645 876 564 398 527 801
195 868 855 610 327 833 465 347 626 695 719 611 541 0 1071 692 216 111 515 193 738 291 1078 569 984 846 561 657 187 607 339 839 91 1053 752 638 163 339 796 859 897 922 314 675 799 854 815 482 735 1046 827 420 523 116 398 475 650 779 421 402 523 530 946 682 933 873 361 176 91 935 632 759 945 1111 202 756 610 347 379 208 857 922 913 599 474 288 913 710 590 446 752 708 46 156 405 122 187 514 531 739 756 958 802 889 522 799 656 881 698 941 709 918 654 863 911 354 567 605 551 544 217 546 134 850 100 676 559 904 759 775 763 300 1052 256 524 568 715 565 1008 319 68 532 622 187 225 799 752 702 735 833 247 821 763 961 279 740 793 845 573 1000 211 271 393 700 704 944 956 993 215 701 578 801 1040 380 476 665 772 981 760 525 432 458 865 648 838 593 868 883 775 1010 591 522 674 343 861 484 996 619 502 470 211 609 35 540 790 1114 643 927 904 809
971 770 223 877 904 252 621 725 555 505 364 478 833 1071 0 688 941 969 672 1160 678 819 28 815 108 489 598 806 886 803 748 286 1122 77 341 438 1096 775 403 460 187 265 795 398 635 753 601 621 381 123 312 940 901 1154 675 718 811 773 906 698 654 900 140 823 689 287 819 1211 1145 730 763 776 812 48 969 830 594 957 752 1217 532 184 772 512 894 784 793 511 484 664 362 430 1038 974 848 987 1171 763 540 802 403 115 361 792 558 737 421 313 483 133 769 416 645 793 376 828 811 486 815 600 885 559 962 486 1062 398 747 292 410 297 355 906 90 848 565 689 504 905 214 971 1004 882 549 924 890 277 646 850 412 801 1081 251 918 251 795 411 445 351 634 104 1191 928 734 541 699 188 267 139 890 380 500 574 48 880 862 595 321 157 422 548 721 730 335 516 524 842 617 369 336 128 512 757 414 918 349 636 85 834 872 619 1026 733 1039 598 289 45 438 734 356 413
508 196 502 200 767 585 527 469 191 199 536 534 192 692 688 0 714 644 204 666 898 415 710 876 580 839 656 934 543 133 409 649 688 627 395 400 615 376 718 828 516 430 397 477 911 178 140 314 610 593 662 867 255 711 433 227 127 996 316 575 207 250 639 964 242 695 705 746 720 247 89 984 278 703 501 1020 161 397 332 728 880 505 237 582 868 497 244 730 406 316 611 636 686 700 775 571 682 787 430 988 671 594 684 223 502 123 500 728 687 610 87 321 68 203 343 709 871 338 173 634 637 300 663 233 623 422 136 402 284 511 357 401 618 626 340 132 728 240 509 423 638 902 671 506 656 472 68 997 295 184 553 503 1082 457 529 293 244 724 713 684 692 746 326 750 19 690 767 554 643 401 379 144 686 786 252 111 409 536 696 460 658 242 730 663 859 914 183 334 612 715 307 172 541 792 739 286 656 157 243 537 792 88 677 246 552 728 514 240 354 742
321 906 739 692 113 692 322 263 594 656 578 464 610 216 941 714 0 128 513 403 527 310 944 354 867 651 377 441 188 665 307 683 305 936 655 534 359 341 618 667 783 838 322 548 590 890 813 433 577 938 666 214 616 331 315 489 710 564 517 243 514 622 807 467 949 710 153 390 305 960 678 544 988 984 327 541 591 466 384 424 657 815 949 438 261 220 954 521 485 411 595 540 171 61 189 251 400 301 421 523 585 833 633 931 386 834 521 711 517 808 755 871 660 908 854 145 351 523 613 364 78 486 94 819 291 567 596 826 697 647 678 392 938 101 452 583 527 657 917 446 182 320 438 268 61 684 762 488 667 882 426 701 551 876 191 673 747 672 376 858 425 57 389 506 730 792 787 886 72 599 483 792 904 165 555 655 673 877 584 404 241 474 692 468 639 378 869 822 621 862 522 561 528 131 687 449 860 687 585 323 88 644 185 504 653 981 504 954 842 628
199 829 755 594 238 727 357 248 553 619 613 503 516 111 969 644 128 0 452 281 633 230 975 474 885 736 450 561 104 577 257 731 192 954 657 539 233 272 685 749 798 832 249 571 692 814 756 399 626 949 718 341 512 221 301 419 621 680 410 291 457 519 841 588 884 764 257 283 200 890 595 661 910 1009 205 662 542 351 316 311 747 825 874 490 387 190 876 600 491 367 643 597 71 75 309 125 280 411 430 642 646 856 692 852 415 758 550 771 587 837 674 841 597 828 830 251 471 513 522 433 107 461 35 779 166 577 516 816 676 672 671 283 954 145 434 514 604 554 916 328 58 445 511 156 118 699 699 610 649 800 299 720 676 871 175 654 716 735 463 895 306 184 325 590 658 837 846 896 106 604 482 739 936 288 456 601 676 885 650 421 322 403 754 537 728 500 811 800 667 903 503 480 566 258 750 406 892 594 484 361 165 566 77 463 685 1011 536 883 821 698
349 399 455 267 564 501 339 266 127 194 420 380 191 515 672 204 513 452 0 530 726 226 689 682 567 699 478 746 350 203 207 550 527 628 335 278 471 181 589 695 486 454 205 356 749 381 304 124 484 606 555 664 249 554 233 49 241 819 235 377 19 250 585 776 437 596 503 600 557 447 192 805 481 700 343 836 99 290 138 591 736 493 440 420 668 294 447 576 262 115 490 496 502 503 574 398 544 593 261 805 539 563 564 425 327 325 367 623 536 564 261 412 147 404 413 507 678 211 178 455 436 143 468 338 461 314 119 430 280 424 318 255 623 423 170 76 575 269 543 308 455 704 504 329 455 408 250 809 267 382 430 440 894 490 326 269 292 609 532 638 559 543 128 590 221 619 677 557 442 310 233 288 657 584 197 151 354 541 560 287 462 65 620 503 714 720 359 389 499 662 177 104 407 589 625 92 618 236 214 349 593 150 495 83 460 716 374 441 411 611
190 815 939 535 515 939 594 456 655 723 829 731 486 193 1160 666 403 281 530 0 912 342 1171 754 1064 1000 713 841 304 555 415 958 105 1131 825 723 65 387 934 1010 977 975 366 776 969 805 802 542 860 1116 951 611 446 93 496 483 592 961 355 546 543 453 1047 868 899 997 538 88 123 891 590 942 886 1196 193 942 628 272 415 62 1016 995 861 732 663 401 857 861 681 500 874 840 234 343 589 189 18 692 631 923 890 1047 933 832 642 755 764 1010 842 1036 660 940 645 806 942 532 751 677 501 692 385 606 313 862 119 764 532 954 803 873 825 276 1128 420 596 561 865 483 1064 244 224 722 771 240 398 884 732 890 785 774 118 911 953 1013 407 788 821 979 734 1102 31 459 432 855 674 1056 1082 1065 385 781 662 795 1135 567 419 671 845 1051 899 633 594 466 996 793 996 780 849 918 895 1117 654 499 790 532 995 532 1092 556 437 601 402 579 220 581 895 1204 756 883 940 950
774 1079 578 988 425 466 395 522 710 731 415 369 905 738 678 898 527 633 726 912 0 666 665 202 663 203 249 146 622 928 600 403 824 716 586 513 858 657 279 232 613 738 657 451 71 1059 921 603 347 743 376 383 947 852 520 738 965 106 879 393 713 951 548 152 1066 392 378 913 829 1094 915 102 1155 725 777 154 737 870 676 943 177 657 1109 317 316 550 1123 191 495 622 360 298 693 585 343 732 912 226 469 124 295 611 325 1107 400 1012 418 366 234 571 974 858 830 1093 821 385 201 565 897 273 527 599 605 858 794 508 844 745 700 488 633 788 725 493 562 796 196 978 778 864 690 272 227 709 516 550 909 175 670 1079 901 541 241 765 530 676 773 327 200 575 938 478 664 162 916 491 426 705 528 544 520 889 631 375 882 793 589 708 270 441 324 735 344 240 172 207 971 790 379 556 593 823 383 420 330 635 599 961 909 384 574 872 704 657 458 702 399 1092 798 266
153 602 597 384 386 601 288 147 336 405 494 406 301 291 819 415 310 230 226 342 666 0 830 564 723 705 430 642 129 355 78 626 315 790 484 382 278 49 620 709 636 642 25 438 709 586 528 202 534 777 622 495 314 345 168 189 401 741 225 274 232 320 707 673 655 668 350 397 342 661 370 724 683 854 151 742 319 205 89 399 730 655 646 419 516 122 649 566 340 162 547 523 277 288 421 180 353 480 295 715 573 705 611 625 320 530 430 685 538 695 448 628 368 602 623 350 560 335 304 406 237 267 250 560 250 423 289 622 474 533 487 123 787 238 255 285 568 354 730 200 230 564 478 111 257 542 469 702 452 574 272 569 781 680 152 456 504 658 469 761 373 351 102 569 429 720 753 725 243 439 320 513 793 420 250 376 504 712 586 302 351 173 674 492 709 599 583 595 565 778 314 253 459 411 675 197 751 377 280 298 381 338 270 251 557 863 424 654 617 639
983 796 236 898 903 252 624 732 573 525 366 480 853 1078 28 710 944 975 689 1171 665 830 0 807 131 473 595 796 894 824 758 279 1131 105 356 449 1107 787 393 444 204 290 807 404 619 779 626 634 378 150 304 936 920 1162 683 734 833 759 923 701 671 919 137 811 716 276 818 1220 1153 757 785 762 838 63 980 817 613 972 766 1227 515 205 798 511 888 792 819 502 493 676 359 426 1044 977 845 996 1181 758 548 788 396 127 352 818 562 762 426 299 476 138 792 442 666 819 402 827 803 499 834 598 889 573 967 511 1071 408 766 317 431 304 373 919 118 852 577 708 494 925 242 986 1011 875 544 934 894 289 670 838 431 826 1094 261 904 277 801 431 468 339 629 93 1202 929 747 532 722 176 249 165 894 392 510 598 40 878 880 616 336 182 413 555 720 746 322 511 508 833 643 394 333 110 526 776 416 917 335 650 84 856 891 622 1028 754 1046 614 292 39 442 760 382 401
641 1069 670 926 244 575 350 434 703 741 490 401 841 569 815 876 354 474 682 754 202 564 807 0 777 385 248 88 488 877 513 529 658 839 641 540 706 568 418 411 711 816 562 502 273 1049 929 563 443 857 504 183 870 684 453 682 919 212 788 308 674 875 677 115 1076 534 224 743 658 1098 873 192 1149 862 646 189 720 762 598 777 370 753 1104 347 115 442 1115 306 505 569 460 390 524 414 166 586 752 90 458 170 412 729 455 1096 386 997 466 517 333 693 942 909 810 1078 878 228 5 572 837 262 375 582 442 890 639 550 795 816 736 571 683 679 845 349 540 757 313 907 873 749 531 73 276 579 359 629 902 140 704 1059 762 629 218 849 414 710 805 475 194 714 777 300 591 277 894 633 587 813 374 589 523 900 770 191 804 783 651 811 395 428 223 674 494 306 360 39 983 845 485 703 592 767 444 233 483 593 731 907 833 341 386 832 538 631 553 845 443 1095 858 414
875 669 130 769 840 203 546 638 448 397 299 410 726 984 108 580 867 885 567 1064 663 723 131 777 0 490 546 780 798 695 655 260 1031 70 240 347 1000 678 385 464 88 163 699 319 629 652 497 523 335 81 288 887 794 1062 587 614 704 764 801 626 550 793 125 800 593 279 754 1118 1055 634 655 764 714 133 872 817 487 854 653 1121 537 77 673 452 845 698 694 482 395 565 318 388 952 895 790 895 1075 717 455 786 372 54 339 691 482 632 348 312 448 95 662 319 537 692 277 763 773 388 707 543 807 459 881 383 969 308 640 190 303 222 250 805 72 771 469 582 475 797 137 869 916 841 504 830 814 186 540 829 305 698 981 167 903 157 710 304 338 343 589 135 1095 859 635 514 592 196 292 49 812 285 408 469 112 822 756 487 220 62 395 467 658 626 332 472 525 807 516 267 294 171 412 650 350 857 346 536 98 726 765 546 954 625 953 495 228 151 368 636 256 400
837 1002 430 965 567 311 418 561 649 651 306 320 889 846 489 839 651 736 699 1000 203 705 473 385 490 0 288 346 697 897 629 238 924 535 473 440 940 682 125 30 457 593 690 363 148 982 832 584 231 567 212 553 942 955 540 725 928 288 893 454 684 944 368 355 969 212 499 1017 935 1002 875 293 1072 534 838 348 683 903 688 1040 48 500 1025 290 491 606 1042 140 441 615 234 205 802 704 488 812 1003 374 443 322 169 437 169 1030 391 941 340 179 169 395 922 731 773 1019 690 507 383 503 877 308 630 559 713 750 882 419 815 605 597 358 522 825 545 591 530 760 137 966 617 902 788 458 230 773 624 418 836 377 572 1011 966 399 435 613 595 576 669 149 275 386 1028 613 673 146 857 303 227 536 632 446 470 799 442 524 881 729 470 542 144 422 415 726 159 213 36 400 875 663 241 363 537 802 299 570 145 615 414 931 904 408 715 832 811 620 319 508 329 1001 667 103
553 843 430 739 314 348 147 284 473 503 250 154 657 561 598 656 377 450 478 713 249 430 595 248 546 288 0 285 410 680 358 320 637 611 394 294 653 414 242 299 473 571 418 255 282 823 693 355 218 624 299 343 699 668 274 490 718 342 635 167 466 703 459 313 840 340 232 731 649 865 668 329 921 644 555 364 496 633 430 753 306 514 875 100 301 323 888 150 264 373 237 172 518 425 250 525 716 174 227 332 212 501 261 871 155 773 219 337 141 469 730 662 588 855 630 242 243 333 649 25 346 357 430 646 595 303 596 569 490 330 435 552 616 306 317 549 154 730 632 629 502 302 62 489 342 385 674 347 458 839 682 389 432 604 309 465 561 297 59 505 741 348 417 144 675 430 413 577 348 341 285 663 556 284 635 555 404 573 208 197 136 487 317 93 285 284 746 598 263 502 357 575 201 325 311 387 514 713 661 137 451 625 526 413 318 634 196 862 611 252
726 1124 682 996 331 579 408 507 754 787 507 433 911 657 806 934 441 561 746 841 146 642 796 88 780 346 285 0 572 944 587 524 746 838 669 577 793 643 404 374 721 836 638 529 214 1104 977 624 450 860 497 262 944 772 520 749 984 127 865 378 736 949 672 31 1124 521 309 830 745 1148 937 107 1203 853 730 102 775 842 670 865 322 765 1157 378 195 521 1169 299 548 634 465 397 612 501 253 672 839 163 508 83 409 730 446 1151 435 1053 494 499 334 691 1003 940 866 1134 907 313 91 617 906 304 461 636 529 929 726 582 860 839 772 586 713 759 845 434 595 819 306 979 886 831 618 141 295 662 446 646 955 64 741 1117 848 643 149 866 494 747 843 458 227 704 864 387 662 267 952 621 563 819 460 620 569 947 760 278 878 836 676 819 387 477 294 743 476 320 316 71 1030 875 488 689 640 835 466 319 463 655 724 975 907 398 471 895 625 688 562 834 471 1145 886 396
155 730 668 505 279 651 292 162 450 517 538 434 424 187 886 543 188 104 350 304 622 129 894 488 798 697 410 572 0 482 156 662 241 866 565 451 243 169 631 707 710 736 146 491 674 715 653 299 561 859 653 389 428 272 212 317 527 683 330 243 354 435 763 601 782 699 264 333 260 789 498 664 811 925 158 674 439 284 213 349 715 735 775 430 421 103 778 558 404 265 577 539 161 160 330 116 309 413 346 650 588 773 633 754 344 659 474 710 538 756 576 740 495 730 730 262 484 419 429 389 123 362 121 677 188 490 418 719 576 591 576 206 865 140 338 412 561 470 822 267 120 474 467 91 143 612 596 628 551 703 280 636 701 775 103 556 615 677 435 817 333 236 222 553 557 765 783 806 127 514 391 636 856 320 368 498 585 794 596 342 299 301 696 489 694 520 708 701 599 829 406 382 495 303 694 304 812 502 397 299 253 467 159 361 608 929 462 782 722 647
415 263 604 76 734 672 539 448 263 299 606 580 70 607 803 133 665 577 203 555 928 355 824 877 695 897 680 944 482 0 375 730 589 746 488 464 510 328 782 890 624 552 344 543 951 252 270 325 675 714 739 840 124 609 425 195 46 1020 200 570 216 119 740 974 345 777 684 638 622 337 44 1006 339 822 407 1036 224 283 288 616 935 619 309 621 852 460 308 776 456 310 679 692 608 641 756 486 572 788 463 1006 733 703 753 283 529 200 559 807 736 714 106 453 158 257 473 687 872 397 56 656 591 338 601 364 527 494 85 525 393 595 457 308 738 587 370 138 775 108 634 312 560 892 706 427 611 566 198 1006 396 227 439 598 1091 582 493 395 366 797 734 789 578 704 290 791 133 784 853 673 597 481 427 276 797 761 137 208 505 655 755 489 655 204 806 704 913 915 307 460 685 817 362 110 600 760 812 294 763 36 119 549 734 71 597 277 635 844 569 329 481 805
228 603 527 417 362 526 214 80 297 363 417 328 331 339 748 409 307 257 207 415 600 78 758 513 655 629 358 587 156 375 0 549 377 723 418 310 350 58 542 633 567 583 61 362 639 585 508 144 456 712 544 466 358 408 90 186 419 679 281 211 208 363 633 617 643 590 310 464 402 654 380 663 685 785 227 685 288 276 88 469 656 589 645 342 478 88 651 491 266 111 469 445 316 300 383 240 424 426 218 657 495 634 533 628 243 530 353 607 461 622 456 585 354 606 575 312 508 269 329 334 229 208 268 524 315 351 298 566 422 459 425 196 721 218 188 278 493 394 670 274 273 521 404 177 248 472 456 648 396 581 350 497 730 622 121 401 460 580 401 687 445 337 86 495 425 644 676 660 235 370 249 488 721 387 292 351 438 647 508 224 293 174 596 417 634 549 564 546 487 703 253 266 382 387 597 150 678 402 321 224 387 343 312 207 481 792 346 648 567 561
776 793 194 803 632 75 375 504 468 452 134 229 737 839 286 649 683 731 550 958 403 626 279 529 260 238 320 524 662 730 549 0 902 315 258 272 894 590 125 216 219 356 606 197 371 774 618 456 106 340 28 658 798 934 463 586 753 504 771 444 532 799 149 542 748 47 548 995 921 783 700 504 857 333 775 557 507 802 582 1008 286 263 811 245 609 561 829 226 297 495 88 149 801 722 569 773 966 479 332 526 118 208 79 820 319 738 198 81 198 168 735 498 588 812 456 557 525 339 722 325 636 410 718 526 849 237 655 369 382 139 304 734 323 597 395 595 219 815 381 809 774 597 266 719 638 190 634 571 361 809 898 167 643 375 562 365 450 91 351 187 988 662 564 257 665 111 130 303 640 250 324 586 241 603 744 539 250 307 137 326 450 592 88 233 271 557 656 431 64 182 373 651 169 644 100 482 203 765 763 370 763 661 805 467 98 318 203 784 433 142
181 852 903 582 417 891 531 401 647 716 778 674 521 91 1122 688 305 192 527 105 824 315 1131 658 1031 924 637 746 241 589 377 902 0 1099 794 685 93 363 867 936 943 956 339 729 883 840 817 516 801 1088 893 509 492 32 448 483 630 867 393 474 538 500 1002 771 927 938 447 94 33 924 620 848 927 1160 188 845 625 313 398 120 937 965 898 668 564 343 896 787 639 476 817 776 135 245 493 137 97 601 584 828 826 1008 871 871 584 787 713 949 771 994 694 938 657 845 935 440 656 645 534 619 298 581 219 865 67 725 552 937 788 829 800 287 1097 336 564 570 791 533 1044 283 137 623 697 204 309 847 751 792 766 814 183 871 853 995 341 771 815 915 653 1056 121 361 414 778 698 1005 1022 1036 297 746 624 807 1093 469 454 675 814 1023 832 581 512 466 934 722 918 682 868 908 839 1068 627 517 735 433 931 512 1050 596 477 537 299 602 121 565 847 1165 702 916 930 882
942 699 200 820 908 265 615 707 507 452 366 478 781 1053 77 627 936 954 628 1131 716 790 105 839 70 535 611 838 866 746 723 315 1099 0 307 416 1067 745 438 508 157 198 766 388 678 683 533 589 398 46 342 953 849 1130 656 675 752 815 861 695 611 847 169 857 616 326 822 1186 1123 657 705 816 739 77 938 870 545 916 719 1189 580 137 700 518 910 767 721 540 464 631 380 450 1022 965 857 963 1142 781 524 840 430 111 393 720 551 669 417 357 508 147 707 344 588 723 304 831 835 455 762 609 876 525 950 417 1037 377 695 226 357 291 312 870 14 840 536 638 533 850 139 932 985 904 567 898 883 255 582 885 363 732 1046 236 956 179 780 361 384 391 652 156 1161 928 701 571 637 233 323 73 881 354 476 507 109 889 814 539 286 91 451 536 725 689 378 535 570 868 546 301 355 188 478 708 417 924 392 601 123 777 822 615 1023 678 1022 559 294 107 436 661 286 451
635 536 121 563 647 191 343 409 227 197 173 240 508 752 341 395 655 657 335 825 586 484 356 641 240 473 394 669 565 488 418 258 794 307 0 121 761 438 349 457 154 186 460 140 578 516 362 283 247 295 275 712 574 825 356 379 507 691 569 422 317 573 254 695 496 304 563 880 819 530 455 685 601 373 632 731 267 617 413 882 519 172 555 294 683 468 573 397 170 325 241 290 723 675 612 658 836 564 234 699 308 229 307 562 282 481 176 338 353 231 481 273 338 555 238 571 636 149 490 382 588 220 656 278 732 94 422 179 125 120 49 566 304 556 231 362 393 583 263 631 684 693 374 592 598 78 376 727 104 551 742 110 810 223 484 107 196 341 448 305 855 656 395 425 411 297 372 243 594 58 176 329 323 638 529 288 21 230 335 254 474 391 344 352 500 676 403 206 234 331 172 426 205 667 354 296 284 523 542 346 743 418 722 258 162 385 199 529 218 371
535 570 218 535 528 228 224 292 210 219 144 146 466 638 438 400 534 539 278 723 513 382 449 540 347 440 294 577 451 464 310 272 685 416 121 0 659 339 321 430 260 306 359 80 518 550 408 191 213 410 278 597 526 716 240 314 491 617 501 303 260 528 327 605 553 319 444 773 708 581 438 607 644 476 532 650 245 538 322 779 481 286 598 201 572 351 612 335 50 233 216 237 607 555 496 549 733 458 113 617 272 324 290 598 165 505 101 346 291 314 483 371 333 585 343 452 535 68 452 278 468 139 538 352 624 42 386 297 197 154 150 476 415 435 131 327 332 544 384 548 570 586 289 486 477 163 401 638 165 575 649 188 723 344 366 171 267 334 352 381 754 535 303 358 418 348 400 358 473 65 62 377 412 521 473 290 139 347 297 134 359 322 343 274 460 577 458 310 223 400 103 380 142 548 350 213 369 499 491 227 622 397 607 195 185 482 117 579 325 344
126 772 875 496 470 875 531 392 594 663 765 668 440 163 1096 615 359 233 471 65 858 278 1107 706 1000 940 653 793 243 510 350 894 93 1067 761 659 0 323 872 949 913 913 302 712 913 761 749 479 796 1053 887 571 407 103 432 424 549 910 311 486 483 414 982 820 851 933 486 132 123 846 543 891 844 1132 130 894 569 228 352 123 957 932 818 669 620 338 814 800 616 437 811 777 198 301 541 128 75 640 566 874 827 982 870 789 578 709 700 947 780 971 615 882 591 763 883 481 703 613 455 632 333 543 266 805 69 700 480 892 742 808 761 218 1064 365 532 505 804 446 1002 199 177 677 710 175 348 820 680 843 722 732 90 846 909 951 345 726 762 916 676 1037 95 416 369 796 624 992 1018 1002 334 717 597 741 1070 521 374 614 782 988 836 568 538 407 933 731 937 733 797 857 831 1052 590 446 726 489 932 469 1027 513 394 539 370 529 182 519 831 1140 691 838 880 888
198 566 553 365 407 562 269 137 288 357 457 375 279 339 775 376 341 272 181 387 657 49 787 568 678 682 414 643 169 328 58 590 363 745 438 339 323 0 591 684 591 594 25 399 695 549 485 156 501 731 588 514 303 392 143 149 373 736 224 268 187 308 665 674 614 633 362 445 390 622 338 720 647 809 194 741 272 222 45 445 710 609 609 393 530 133 614 545 300 114 513 494 322 325 434 228 398 482 259 713 543 661 580 590 293 493 393 652 514 652 415 580 326 567 575 363 564 290 279 390 265 221 289 513 298 381 256 574 426 492 440 146 742 260 211 244 546 340 682 223 276 574 459 159 285 498 428 704 404 541 310 526 785 633 166 408 456 627 458 720 417 378 55 550 391 681 718 679 271 395 278 468 750 436 237 331 459 665 558 270 350 134 642 470 688 604 540 547 530 737 268 221 425 433 643 149 708 352 266 279 417 303 316 203 518 819 389 615 569 611
761 879 311 852 552 193 341 483 530 528 183 218 779 796 403 718 618 685 589 934 279 620 393 418 385 125 242 404 631 782 542 125 867 438 349 321 872 591 0 111 341 474 602 242 247 858 708 479 109 465 98 562 835 899 452 618 811 379 793 395 572 837 270 421 844 118 473 961 882 877 758 379 947 450 761 432 565 811 592 979 172 385 901 203 508 534 918 113 327 513 110 98 754 665 481 746 940 379 340 402 50 333 48 906 300 818 224 101 102 292 802 608 653 896 568 482 414 386 766 255 583 447 667 625 819 297 702 484 473 233 397 736 447 543 422 645 106 857 505 813 733 488 181 700 581 294 713 448 447 889 888 278 519 496 529 452 544 58 256 301 963 589 576 142 736 218 175 428 586 323 357 675 357 516 776 608 346 432 36 323 378 621 79 150 153 442 750 540 116 287 421 692 182 560 70 509 322 817 798 333 692 716 761 508 196 431 216 877 544 24
844 989 409 959 587 290 423 567 640 638 294 318 885 859 460 828 667 749 695 1010 232 709 444 411 464 30 299 374 707 890 633 216 936 508 457 430 949 684 111 0 434 571 693 352 177 969 817 582 219 541 191 577 939 967 543 722 920 317 893 464 678 941 341 383 953 187 516 1029 948 986 867 322 1057 505 845 377 675 905 689 1052 73 477 1011 292 515 614 1028 150 434 614 220 199 816 719 509 822 1014 395 441 351 159 411 151 1016 393 929 332 153 172 370 912 711 763 1006 670 525 408 495 872 319 643 554 727 733 893 408 809 584 582 340 505 828 518 604 526 753 146 962 592 906 800 484 240 781 638 399 823 405 557 999 973 379 464 590 604 561 653 125 292 358 1038 631 673 162 846 276 198 511 646 433 464 785 413 544 879 718 453 517 135 421 430 724 134 219 64 426 859 643 224 334 529 798 291 590 119 612 386 925 901 415 734 825 824 615 300 480 322 986 646 88
788 624 45 699 760 148 462 551 371 325 224 331 651 897 187 516 783 798 486 977 613 636 204 711 88 457 473 721 710 624 567 219 943 157 154 260 913 591 341 434 0 140 612 236 587 606 449 436 272 156 245 811 718 974 499 531 637 717 720 542 468 717 129 743 560 250 674 1030 967 599 587 714 678 219 785 766 410 770 567 1034 504 45 634 376 773 610 654 426 307 479 256 325 865 809 713 807 988 646 368 734 318 80 293 649 398 581 267 287 388 97 601 294 468 646 250 683 707 301 633 468 721 373 794 341 882 221 564 159 233 144 170 719 157 686 382 505 420 724 166 785 829 772 436 743 729 100 483 773 229 649 895 85 850 157 623 229 282 309 519 169 1008 777 549 457 530 195 289 105 726 198 320 419 174 743 677 417 134 101 344 381 579 543 302 406 489 743 476 230 235 202 326 573 274 777 316 450 140 657 688 462 870 554 866 412 160 231 287 601 227 359
788 507 163 625 832 282 528 586 328 266 329 419 591 922 265 430 838 832 454 975 738 642 290 816 163 593 571 836 736 552 583 356 956 198 186 306 913 594 474 571 140 0 617 317 718 490 337 441 392 163 381 896 660 986 532 502 556 843 681 607 438 658 263 860 432 389 748 1038 983 472 511 839 552 274 783 889 363 743 562 1035 640 103 511 471 865 643 531 549 354 480 379 442 895 855 796 820 988 743 418 857 445 197 426 529 467 473 353 426 507 229 509 159 395 530 116 756 812 319 572 561 769 376 834 222 891 279 507 29 175 252 161 705 188 738 399 453 543 658 90 762 855 872 543 752 780 190 384 892 191 537 882 198 971 40 662 187 187 446 623 291 1005 840 545 579 440 332 428 127 775 243 355 310 274 823 630 348 171 109 472 439 658 517 440 517 625 850 354 105 362 326 331 523 373 852 454 445 256 582 635 531 926 485 894 395 282 302 375 474 94 493
177 586 574 377 392 579 274 136 313 382 473 388 293 314 795 397 322 249 205 366 657 25 807 562 699 690 418 638 146 344 61 606 339 766 460 359 302 25 602 693 612 617 0 416 698 570 508 178 514 753 602 500 311 369 151 171 389 735 227 266 211 317 684 669 637 648 351 422 366 643 356 718 668 830 174 737 297 216 68 423 716 631 630 403 519 122 634 552 318 138 527 505 298 304 423 204 376 477 274 710 555 681 593 610 303 514 409 666 522 672 434 605 349 587 599 352 557 312 294 394 247 243 267 537 274 400 275 598 450 510 462 136 763 245 231 266 554 350 706 213 252 565 464 135 267 519 450 699 428 560 293 546 779 656 154 432 480 639 459 739 396 361 79 555 412 698 733 701 253 416 297 492 770 424 246 354 481 688 568 283 346 155 655 477 695 598 563 571 545 755 290 239 439 418 656 173 728 368 276 284 396 323 292 228 535 839 404 637 593 621
590 642 192 614 525 164 227 329 288 290 65 102 545 675 398 477 548 571 356 776 451 438 404 502 319 363 255 529 491 543 362 197 729 388 140 80 712 399 242 352 236 317 416 0 449 622 475 260 134 391 200 582 604 761 282 390 571 556 575 307 338 605 273 555 617 242 439 820 751 648 517 549 714 439 588 594 324 606 387 829 405 271 667 155 549 389 683 267 101 300 136 163 640 577 483 596 785 427 146 561 194 286 211 670 163 579 37 268 222 267 561 412 411 658 378 448 497 147 531 244 489 214 565 407 672 59 465 315 250 101 185 541 390 453 199 406 263 623 383 614 608 555 235 537 495 139 474 588 220 649 709 153 671 352 397 225 322 255 309 327 806 541 369 292 494 283 326 340 494 93 128 443 365 511 549 366 149 333 220 151 346 396 265 214 385 537 523 346 144 341 182 458 69 543 271 285 322 578 568 227 635 476 643 273 120 440 59 646 358 265
824 1088 556 1014 492 439 428 563 722 736 405 378 933 799 635 911 590 692 749 969 71 709 619 273 629 148 282 214 674 951 639 371 883 678 578 518 913 695 247 177 587 718 698 449 0 1067 924 628 332 708 344 453 978 913 555 766 987 140 916 439 735 982 510 216 1066 353 439 974 889 1097 935 146 1161 680 826 201 751 913 711 1002 113 631 1115 331 387 597 1130 184 506 650 342 289 754 648 409 786 970 291 489 176 274 576 294 1115 424 1022 419 323 228 535 991 846 844 1102 807 446 272 574 924 306 586 617 666 854 850 507 867 727 697 471 626 831 688 550 582 816 187 1008 751 908 748 343 246 759 575 534 918 234 668 1091 952 520 288 742 578 674 770 287 242 531 995 543 698 162 930 448 375 674 587 540 533 892 588 442 915 804 579 678 247 462 376 764 301 249 114 277 972 777 357 510 605 849 381 488 287 660 558 985 940 418 641 892 765 677 437 655 402 1095 784 230
664 21 603 278 944 703 700 646 351 333 676 691 321 854 753 178 890 814 381 805 1059 586 779 1049 652 982 823 1104 715 252 585 774 840 683 516 550 761 549 858 969 606 490 570 622 1067 0 158 489 752 642 791 1044 363 860 610 401 213 1160 451 751 384 357 734 1134 110 818 882 889 872 89 222 1149 101 758 656 1187 329 534 506 865 1026 583 61 743 1045 673 67 884 565 493 749 784 851 873 952 733 822 960 597 1155 814 678 820 49 670 57 649 854 840 703 147 342 241 41 379 886 1044 495 307 802 813 469 835 269 777 564 298 463 392 636 470 556 672 802 510 308 881 331 550 563 804 1077 832 670 832 586 150 1167 414 55 688 614 1252 505 705 410 328 856 881 772 828 922 502 906 161 795 881 615 819 536 540 189 763 963 388 268 525 597 840 627 833 416 859 821 1006 1087 139 386 746 807 467 335 689 969 870 462 740 251 368 709 965 248 842 419 677 789 666 80 398 882
637 177 445 330 852 547 583 555 230 191 526 553 332 815 601 140 813 756 304 802 921 528 626 929 497 832 693 977 653 270 508 618 817 533 362 408 749 485 708 817 449 337 508 475 924 158 0 387 602 494 636 945 393 842 511 341 254 1024 454 643 301 389 577 1006 147 662 782 880 849 174 227 1014 240 609 630 1055 223 534 441 864 877 428 194 607 938 593 212 741 431 403 599 638 804 806 848 695 818 842 472 1022 664 522 667 202 544 137 505 698 696 545 191 200 162 198 232 787 924 361 313 674 736 351 772 116 752 417 270 309 237 481 315 532 522 719 392 248 738 375 404 560 757 964 696 628 753 430 73 1039 261 202 690 457 1125 356 623 256 171 703 751 616 828 838 432 765 138 637 724 463 742 387 409 33 608 864 391 158 369 445 691 502 721 358 705 682 857 967 57 233 594 650 338 303 544 876 715 366 584 289 382 591 895 225 797 314 523 638 524 172 248 731
