100
0 654 753 635 388 741 659 322 564 107 513 758 920 290 552 278 655 682 968 769 504 33 571 819 595 887 714 845 906 338 777 739 720 475 798 981 782 567 467 616 445 974 899 79 663 300 187 658 321 902 815 630 557 826 421 467 878 404 164 367 869 530 559 634 283 714 311 769 439 140 790 256 759 463 710 365 451 1032 195 349 898 850 996 821 561 662 483 620 717 417 707 649 536 418 752 565 126 647 356 568
654 0 730 22 744 268 837 553 707 704 353 742 638 368 494 910 851 567 1139 613 243 652 879 605 847 955 321 556 416 318 837 703 294 793 759 590 417 812 553 194 683 695 841 575 890 922 515 382 452 895 1052 669 154 374 965 859 388 691 568 404 550 160 904 129 384 942 854 512 221 668 532 827 986 971 648 439 296 573 468 605 942 944 647 600 953 678 246 60 730 291 278 603 428 358 1036 445 767 686 788 203
753 730 0 730 435 524 231 433 213 692 399 13 312 704 260 806 253 165 427 157 514 723 380 218 313 227 448 305 551 643 123 28 480 385 46 454 395 303 293 537 332 331 148 724 296 791 801 356 872 173 395 124 589 492 685 470 544 380 593 464 340 599 426 834 731 319 646 276 630 633 272 676 343 640 82 439 841 557 640 407 213 224 414 225 496 91 527 672 45 534 488 134 321 873 424 294 764 108 511 855
635 22 730 0 733 280 832 541 701 687 348 743 648 348 491 892 846 568 1137 618 236 634 870 612 840 955 329 564 432 299 836 703 303 784 760 603 427 805 546 198 674 706 844 556 884 904 495 386 431 897 1047 667 148 388 950 848 404 680 551 393 560 151 895 117 363 937 839 519 204 651 539 811 981 957 649 428 275 589 450 594 943 943 659 607 943 677 237 59 729 279 287 602 425 338 1030 444 749 684 775 185
388 744 435 733 0 685 281 193 223 296 430 436 692 502 356 372 273 440 580 516 509 355 187 581 209 516 624 641 805 485 419 432 646 88 477 800 644 183 242 606 111 732 568 397 276 356 515 529 633 551 429 321 597 724 272 116 785 69 272 341 675 585 186 791 518 326 212 573 544 249 587 243 371 249 426 306 688 883 381 140 532 476 788 586 216 353 501 689 392 455 642 382 390 688 371 401 354 331 78 764
741 268 524 280 685 0 686 520 570 754 260 537 374 504 349 949 704 364 950 383 238 728 770 358 722 750 77 296 174 430 643 497 45 706 543 325 156 691 450 133 594 430 610 670 747 952 659 178 643 673 893 501 214 111 944 787 145 619 607 392 285 244 805 396 530 793 849 267 340 702 283 840 830 932 445 412 519 325 549 555 731 748 379 352 866 498 260 230 537 325 44 417 298 577 896 296 829 513 748 459
659 837 231 832 281 686 0 379 133 574 485 225 541 703 348 638 22 338 328 373 597 626 158 440 92 236 611 523 750 661 157 245 641 202 258 679 586 101 294 658 220 562 322 654 67 618 758 508 858 286 215 187 685 681 483 268 739 256 519 480 559 685 204 919 726 108 471 477 683 522 481 515 149 430 274 445 872 778 604 329 255 196 643 447 271 198 601 778 191 583 644 275 412 888 211 401 634 179 343 917
322 553 433 541 193 520 379 0 260 278 261 439 612 329 242 444 382 365 705 452 322 294 352 506 344 587 469 545 660 300 470 418 486 255 478 693 510 309 146 426 164 663 580 293 405 442 383 386 480 588 573 311 408 577 427 308 636 150 161 150 573 394 366 599 350 461 329 470 352 217 488 325 508 423 388 117 509 761 226 57 594 556 697 509 406 343 313 499 399 263 479 328 247 517 532 269 355 329 237 576
564 707 213 701 223 570 133 260 0 492 355 213 487 576 224 594 145 249 456 310 466 532 206 378 153 328 498 450 654 531 214 210 526 180 254 611 487 124 161 531 124 521 347 548 184 579 643 395 736 340 347 104 554 578 478 268 638 171 413 349 485 553 248 786 600 236 434 392 550 435 400 465 280 438 213 314 742 703 485 218 336 296 587 384 316 134 469 647 169 450 528 184 285 760 332 278 560 111 299 785
107 704 692 687 296 754 574 278 492 0 508 696 890 358 519 206 568 642 874 728 524 80 474 784 504 807 717 820 912 388 703 681 728 382 737 965 774 479 420 638 369 940 836 160 572 219 285 648 419 831 718 569 590 829 318 366 885 325 148 364 847 566 459 701 357 621 205 745 484 61 764 152 664 357 659 352 534 1026 238 288 821 769 972 786 456 603 506 663 653 440 717 601 516 508 652 542 79 585 255 644
513 353 399 348 430 260 485 261 355 508 0 410 431 343 145 695 499 250 791 323 117 494 537 348 499 616 211 348 405 270 495 373 226 461 435 471 270 465 207 181 348 489 530 451 539 697 477 147 510 571 700 321 201 321 685 537 379 367 363 147 365 205 567 441 372 590 590 275 234 453 297 583 634 675 321 158 449 520 334 296 608 600 492 347 623 334 128 293 390 147 218 265 80 488 686 105 585 339 490 456
758 742 13 743 436 537 225 439 213 696 410 0 320 713 271 806 246 177 415 168 526 728 375 228 308 215 460 316 562 653 111 40 493 384 42 464 408 299 300 549 334 338 142 730 289 792 809 368 881 163 384 129 600 504 683 467 556 382 599 473 351 611 421 846 740 310 646 288 640 637 284 678 333 637 95 447 852 567 647 411 201 212 422 236 491 97 538 684 44 545 501 145 332 883 414 306 767 112 511 866
920 638 312 648 692 374 541 612 487 890 431 320 0 771 371 1043 563 254 695 178 508 896 681 112 616 484 319 87 305 697 422 297 345 666 297 150 221 600 475 462 582 61 307 869 606 1035 907 296 936 383 698 384 542 285 960 755 313 626 759 563 89 566 727 763 800 630 900 157 638 829 134 916 651 924 276 557 849 256 758 613 456 502 103 107 796 357 530 592 351 572 361 310 387 898 734 356 967 380 769 815
290 368 704 348 502 504 703 329 576 358 343 713 771 0 450 559 708 579 1030 660 276 294 678 690 673 894 500 687 678 77 772 682 495 578 746 793 587 638 425 372 493 830 847 212 733 576 157 479 170 874 902 596 297 604 655 613 648 475 249 240 701 266 686 345 30 789 539 616 168 337 638 499 837 678 637 268 189 821 130 385 894 867 825 689 715 621 253 341 682 200 480 574 403 188 860 435 410 616 515 287
552 494 260 491 356 349 348 242 224 519 145 271 371 450 0 680 364 134 647 220 262 526 422 268 375 473 279 303 451 386 351 236 306 362 299 455 288 343 116 310 254 423 398 506 406 675 563 178 620 433 562 177 344 371 627 448 432 287 389 214 332 349 458 586 478 455 548 229 371 458 247 556 496 604 188 197 582 530 404 249 465 456 455 270 521 190 271 434 247 275 306 127 66 614 555 54 596 194 428 599
278 910 806 892 372 949 638 444 594 206 695 806 1043 559 680 0 625 790 891 872 724 267 501 934 552 872 906 982 1099 594 786 801 919 437 848 1134 953 538 570 837 475 1089 938 352 614 32 463 828 595 918 727 688 793 1016 212 379 1074 428 348 557 1012 770 469 904 556 651 168 908 689 248 926 130 687 275 790 539 728 1204 443 432 892 830 1133 938 435 721 706 868 763 642 910 739 690 695 649 712 153 700 298 843
655 851 253 846 273 704 22 382 145 568 499 246 563 708 364 625 0 358 324 395 610 622 139 462 75 247 629 544 771 668 176 266 659 192 279 700 606 91 304 673 221 584 342 652 46 605 759 526 861 303 202 207 699 701 467 253 759 253 519 488 580 698 184 931 730 91 458 498 693 518 502 503 136 412 296 453 879 800 607 331 268 205 665 469 250 219 613 792 212 593 662 295 427 894 193 417 626 199 332 927
682 567 165 568 440 364 338 365 249 642 250 177 254 579 134 790 358 0 587 88 360 655 454 144 394 391 287 203 413 511 281 137 319 422 192 364 249 371 223 373 330 300 281 638 403 782 696 192 749 329 535 154 429 344 711 511 402 373 519 347 238 442 497 674 608 442 646 144 483 581 152 663 475 678 83 331 698 454 538 361 376 386 348 148 565 141 375 510 174 394 326 66 178 735 548 147 719 160 517 700
968 1139 427 1137 580 950 328 705 456 874 791 415 695 1030 647 891 324 587 0 578 906 935 402 628 374 212 873 716 970 987 307 453 906 493 416 844 821 404 615 950 544 688 390 972 307 865 1081 778 1185 314 165 471 990 916 696 519 967 573 839 804 749 995 425 1231 1053 255 729 700 1003 829 693 783 211 631 506 770 1197 950 930 654 240 204 787 636 458 462 913 1080 415 902 913 540 713 1215 245 694 923 454 623 1237
769 613 157 618 516 383 373 452 310 728 323 168 178 660 220 872 395 88 578 0 426 742 506 69 443 372 309 151 394 590 279 135 342 488 164 307 244 424 309 420 405 218 229 725 440 863 780 232 829 291 551 206 486 339 783 577 389 450 606 431 187 502 552 728 688 470 725 122 553 667 116 744 497 746 100 416 770 406 623 445 350 376 278 76 621 181 444 559 187 469 352 134 257 810 576 225 804 204 593 762
504 243 514 236 509 238 597 322 466 524 117 526 508 276 262 724 610 360 906 426 0 492 636 440 604 733 224 422 408 200 611 488 222 553 549 518 312 569 310 114 442 568 641 433 648 731 427 213 432 686 812 437 91 331 746 622 379 452 377 176 431 89 662 325 304 701 642 356 131 476 379 625 745 744 435 206 346 546 312 370 724 717 553 437 714 451 24 185 507 88 207 381 196 391 794 220 597 455 559 341
33 652 723 634 355 728 626 294 532 80 494 728 896 294 526 267 622 655 935 742 492 0 538 793 562 855 698 822 891 335 745 709 705 442 768 960 763 534 439 605 412 949 869 86 630 286 206 638 341 871 782 600 549 810 397 435 863 372 138 348 846 523 527 639 289 681 285 746 435 107 767 231 726 436 682 343 462 1014 187 318 866 818 973 795 529 633 472 616 687 405 693 621 513 433 720 542 117 617 324 576
571 879 380 870 187 770 158 352 206 474 537 375 681 678 422 501 139 454 402 506 636 538 0 575 68 377 699 652 859 651 314 388 727 102 411 811 693 84 330 717 197 708 479 583 115 478 701 597 816 441 245 303 726 784 330 123 844 204 457 487 688 720 47 942 696 152 335 597 696 432 604 385 192 274 407 450 860 906 562 296 401 334 783 581 117 326 634 821 336 600 727 388 476 865 186 475 522 302 222 925
819 605 218 612 581 358 440 506 378 784 348 228 112 690 268 934 462 144 628 69 440 793 575 0 511 418 289 89 343 617 337 198 320 556 215 239 208 493 366 416 471 157 258 771 506 925 818 232 857 327 611 275 489 297 849 645 341 515 656 470 124 509 620 725 719 535 789 94 570 723 76 806 560 814 169 460 785 340 664 504 394 428 210 9 689 250 460 554 252 494 333 199 292 830 640 261 861 273 658 767
595 847 313 840 209 722 92 344 153 504 499 308 616 673 375 552 75 394 374 443 604 562 68 511 0 321 650 589 803 640 248 322 678 123 344 748 637 37 295 678 181 642 413 599 68 531 711 547 820 377 230 241 694 729 392 178 789 203 468 466 625 690 114 918 693 120 385 537 675 457 543 431 167 339 343 430 850 845 564 289 342 278 718 518 183 262 605 788 269 576 679 329 433 860 192 428 559 239 262 907
887 955 227 955 516 750 236 587 328 807 616 215 484 894 473 872 247 391 212 372 733 855 377 418 321 0 673 506 761 841 124 255 706 438 208 633 615 336 470 763 443 480 182 875 262 851 970 582 1058 107 247 302 811 709 706 497 758 484 740 657 538 819 418 1056 920 241 705 493 841 753 485 750 230 648 309 626 1047 740 811 545 34 44 578 426 475 283 743 897 227 742 715 354 537 1072 312 514 869 283 578 1071
714 321 448 329 624 77 611 469 498 717 211 460 319 500 279 906 629 287 873 309 224 698 699 289 650 673 0 236 195 424 567 421 33 639 467 298 100 620 385 147 529 378 537 647 673 907 651 104 651 599 817 425 230 112 888 723 169 557 571 354 232 258 736 445 527 718 797 196 344 663 214 793 755 872 368 368 543 323 527 498 655 671 342 283 799 422 248 274 460 308 45 341 234 596 821 227 794 437 690 498
845 556 305 564 641 296 523 545 450 820 348 316 87 687 303 982 544 203 716 151 422 822 652 89 589 506 236 0 257 612 425 284 263 624 303 161 141 569 413 376 532 147 340 791 589 976 824 210 850 412 699 350 456 219 913 714 258 573 685 484 37 479 696 680 716 620 844 77 552 760 57 857 646 881 249 481 763 256 678 551 480 516 152 81 765 328 444 508 337 487 278 267 310 811 726 281 898 351 717 730
906 416 551 432 805 174 750 660 654 912 405 562 305 678 451 1099 771 413 970 394 408 891 859 343 803 761 195 257 0 603 673 527 187 811 555 195 167 777 564 307 704 346 596 838 816 1100 832 278 816 669 942 566 387 84 1073 898 31 737 765 548 228 418 900 543 704 854 987 276 514 857 279 985 885 1053 482 562 688 158 717 686 736 769 265 335 966 553 431 391 576 495 201 477 418 747 960 404 988 572 875 616
338 318 643 299 485 430 661 300 531 388 270 653 697 77 386 594 668 511 987 590 200 335 651 617 640 841 424 612 603 0 718 620 420 554 684 717 511 604 374 298 460 756 783 260 697 607 229 403 241 815 866 540 227 529 667 600 573 449 260 184 625 197 665 320 105 753 552 541 102 357 564 519 800 682 573 218 212 745 151 356 839 816 749 616 700 564 176 282 624 125 404 511 334 232 830 366 450 560 509 280
777 837 123 836 419 643 157 470 214 703 495 111 422 772 351 786 176 281 307 279 611 745 314 337 248 124 567 425 673 718 0 148 599 351 125 569 518 252 347 646 335 432 167 760 209 768 851 471 936 133 276 179 691 614 639 423 667 379 625 534 460 699 359 935 797 216 621 398 718 647 394 660 230 587 199 504 924 673 691 431 124 107 522 345 425 161 621 778 108 619 606 235 416 949 315 394 768 159 489 949
739 703 28 703 432 497 245 418 210 681 373 40 297 682 236 801 266 137 453 135 488 709 388 198 322 255 421 284 527 620 148 0 454 387 64 436 370 309 276 510 326 321 166 708 310 787 782 328 851 198 417 114 562 466 687 473 520 374 578 443 320 573 434 807 709 337 643 252 605 621 249 671 363 643 55 418 817 538 621 395 240 251 399 206 504 80 501 645 55 510 461 110 295 849 442 268 754 101 508 829
720 294 480 303 646 45 641 486 526 728 226 493 345 495 306 919 659 319 906 342 222 705 727 320 678 706 33 263 187 420 599 454 0 664 500 312 124 648 409 131 553 403 569 651 703 921 648 134 641 631 848 456 215 110 908 747 159 579 580 364 257 244 763 420 522 748 815 228 335 674 245 808 786 894 400 381 527 327 530 518 688 704 361 314 825 453 245 249 493 308 17 373 257 582 852 253 803 468 710 476
475 793 385 784 88 706 202 255 180 382 461 384 666 578 362 437 192 422 493 488 553 442 102 556 123 438 639 624 811 554 351 387 664 0 424 785 646 102 257 641 114 700 507 483 190 418 600 539 715 482 342 283 643 732 300 90 793 106 356 395 659 634 113 850 595 239 271 562 603 336 572 313 284 259 392 358 761 874 461 198 456 396 765 561 163 313 548 736 341 509 662 359 408 765 287 413 436 290 141 830
798 759 46 760 477 543 258 478 254 737 435 42 297 746 299 848 279 192 416 164 549 768 411 215 344 208 467 303 555 684 125 64 500 424 0 444 407 337 337 565 376 309 103 769 320 833 845 380 915 138 401 169 620 502 723 507 551 423 638 506 337 632 458 866 773 336 687 286 667 678 278 719 354 676 114 482 880 549 684 452 188 214 398 223 526 136 562 701 86 573 509 173 358 913 438 330 808 152 552 889
981 590 454 603 800 325 679 693 611 965 471 464 150 793 455 1134 700 364 844 307 518 960 811 239 748 633 298 161 195 717 569 436 312 785 444 0 206 729 568 442 691 168 456 921 745 1130 940 324 947 532 844 510 526 216 1072 874 214 732 825 615 127 555 856 718 821 772 1001 228 641 906 214 1011 796 1041 407 618 838 107 804 704 605 651 73 232 925 487 541 554 490 596 329 427 450 893 877 425 1043 510 876 783
782 417 395 427 644 156 586 510 487 774 270 408 221 587 288 953 606 249 821 244 312 763 693 208 637 615 100 141 167 511 518 370 124 646 407 206 0 610 403 246 540 279 463 719 651 951 734 126 743 531 781 400 329 97 914 733 154 575 630 416 133 356 733 543 615 690 831 122 438 716 133 834 723 891 322 423 641 253 601 530 593 618 244 201 799 389 336 373 416 390 140 312 264 693 796 245 851 407 715 598
567 812 303 805 183 691 101 309 124 479 465 299 600 638 343 538 91 371 404 424 569 534 84 493 37 336 620 569 777 604 252 309 648 102 337 729 610 0 259 644 145 628 413 568 99 518 678 517 785 383 265 220 659 702 389 172 762 170 436 430 605 655 128 882 658 153 371 514 639 429 521 414 201 340 325 394 815 823 530 255 355 295 701 499 197 244 569 753 258 540 648 305 400 825 228 397 536 220 243 871
467 553 293 546 242 450 294 146 161 420 207 300 475 425 116 570 304 223 615 309 310 439 330 366 295 470 385 413 564 374 347 276 409 257 337 568 403 259 0 388 145 523 440 433 340 563 510 288 590 456 506 175 400 482 512 339 543 173 304 190 444 397 361 627 450 394 434 341 390 359 357 444 439 490 244 158 584 645 349 139 471 443 564 370 419 204 311 494 263 289 406 183 152 605 484 160 496 194 313 624
616 194 537 198 606 133 658 426 531 638 181 549 462 372 310 837 673 373 950 420 114 605 717 416 678 763 147 376 307 298 646 510 131 641 565 442 246 644 388 0 528 521 647 543 714 843 527 189 512 701 872 483 85 237 852 716 277 545 491 285 377 114 747 309 397 764 750 324 207 589 345 735 806 847 455 311 397 454 422 469 749 753 488 412 803 489 134 139 539 200 114 412 247 451 863 259 710 498 661 354
445 683 332 674 111 594 220 164 124 369 348 334 582 493 254 475 221 330 544 405 442 412 197 471 181 443 529 532 704 460 335 326 553 114 376 691 540 145 145 528 0 622 471 435 242 462 539 430 642 463 410 213 532 624 381 195 685 48 300 290 565 524 221 745 514 297 321 465 500 313 478 346 345 352 317 253 670 776 387 111 454 407 678 476 276 247 438 626 290 403 551 272 296 680 370 303 436 226 188 730
974 695 331 706 732 430 562 663 521 940 489 338 61 830 423 1089 584 300 688 218 568 949 708 157 642 480 378 147 346 756 432 321 403 700 309 168 279 628 523 521 622 0 299 924 626 1080 965 356 995 375 705 417 601 337 998 788 358 667 812 620 146 626 754 822 859 645 942 215 698 879 193 961 662 958 309 613 909 271 815 660 449 502 101 154 824 388 590 651 373 632 419 351 443 958 747 412 1017 412 810 875
899 841 148 844 568 610 322 580 347 836 530 142 307 847 398 938 342 281 390 229 641 869 479 258 413 182 537 340 596 783 167 166 569 507 103 456 463 413 440 647 471 299 0 871 375 922 948 459 1016 77 416 270 708 554 802 585 597 518 740 608 369 722 525 952 874 378 775 344 763 777 331 810 384 751 211 584 977 562 786 552 151 207 398 265 591 238 656 785 183 671 580 273 454 1012 470 425 906 252 641 981
79 575 724 556 397 670 654 293 548 160 451 730 869 212 506 352 652 638 972 725 433 86 583 771 599 875 647 791 838 260 760 708 651 483 769 921 719 568 433 543 435 924 871 0 666 371 128 597 261 880 825 602 482 758 476 490 809 400 136 308 813 453 578 556 205 719 361 715 362 164 737 311 765 510 674 312 377 967 122 330 883 840 940 772 588 634 411 542 691 345 638 612 482 349 767 513 200 621 380 492
663 890 296 884 276 747 67 405 184 572 539 289 606 733 406 614 46 403 307 440 648 630 115 506 68 262 673 589 816 697 209 310 703 190 320 745 651 99 340 714 242 626 375 666 0 592 776 570 883 330 170 251 737 746 445 237 804 268 534 520 625 735 157 966 755 56 447 544 727 524 547 496 104 387 341 483 908 845 628 352 287 219 708 514 218 264 650 830 256 627 706 340 468 920 149 459 625 244 327 960
300 922 791 904 356 952 618 442 579 219 697 792 1035 576 675 32 605 782 865 863 731 286 478 925 531 851 907 976 1100 607 768 787 921 418 833 1130 951 518 563 843 462 1080 922 371 592 0 486 827 619 900 701 675 802 1017 182 356 1075 415 357 561 1006 779 444 920 574 627 148 903 701 256 920 120 662 245 778 541 747 1201 457 426 872 808 1126 929 408 708 714 879 748 650 913 729 688 717 622 709 175 687 282 861
187 515 801 495 515 659 758 383 643 285 477 809 907 157 563 463 759 696 1081 780 427 206 701 818 711 970 651 824 832 229 851 782 648 600 845 940 734 678 510 527 539 965 948 128 776 486 0 620 135 965 939 684 453 757 602 614 802 509 244 350 841 422 699 471 134 831 488 751 324 292 773 437 878 638 743 367 273 973 162 430 975 938 968 818 713 714 403 493 773 345 633 680 526 234 886 558 312 704 504 396
658 382 356 386 529 178 508 386 395 648 147 368 296 479 178 828 526 192 778 232 213 638 597 232 547 582 104 210 278 403 471 328 134 539 380 324 126 517 288 189 430 356 459 597 570 827 620 0 641 515 716 323 258 195 796 624 256 460 505 292 223 278 634 497 507 615 710 144 344 591 167 711 653 777 274 297 557 378 480 409 567 577 348 228 697 322 235 328 364 279 137 241 141 604 719 128 726 335 597 535
321 452 872 431 633 643 858 480 736 419 510 881 936 170 620 595 861 749 1185 829 432 341 816 857 820 1058 651 850 816 241 936 851 641 715 915 947 743 785 590 512 642 995 1016 261 883 619 135 641 0 1042 1049 763 430 749 736 737 786 618 362 409 862 399 818 380 142 938 621 781 307 422 804 571 986 770 806 435 168 966 256 532 1060 1030 984 856 837 789 409 445 849 364 625 744 573 113 1001 604 445 782 630 295
902 895 173 897 551 673 286 588 340 831 571 163 383 874 433 918 303 329 314 291 686 871 441 327 377 107 599 412 669 815 133 198 631 482 138 532 531 383 456 701 463 375 77 880 330 900 965 515 1042 0 349 281 758 623 769 553 668 508 747 634 443 769 485 1003 901 324 753 410 802 774 399 792 323 714 251 607 1014 638 804 554 75 138 474 335 548 254 699 838 194 707 642 307 493 1045 408 466 898 262 621 1026
815 1052 395 1047 429 893 215 573 347 718 700 384 698 902 562 727 202 535 165 551 812 782 245 611 230 247 817 699 942 866 276 417 848 342 401 844 781 265 506 872 410 705 416 825 170 701 939 716 1049 349 0 393 900 878 532 358 933 432 696 689 734 900 263 1133 923 114 566 666 895 676 665 621 67 468 461 652 1077 949 794 519 280 211 797 619 294 396 815 992 366 794 853 476 626 1089 83 613 763 381 465 1129
630 669 124 667 321 501 187 311 104 569 321 129 384 596 177 688 207 154 471 206 437 600 303 275 241 302 425 350 566 540 179 114 456 283 169 510 400 220 175 483 213 417 270 602 251 675 684 323 763 281 393 0 520 495 581 372 553 261 471 357 385 525 347 762 622 293 532 296 540 509 302 559 330 542 109 328 745 604 523 283 299 282 484 281 416 34 445 610 89 441 460 89 243 772 398 225 641 20 398 772
557 154 589 148 597 214 685 408 554 590 201 600 542 297 344 793 699 429 990 486 91 549 726 489 694 811 230 456 387 227 691 562 215 643 620 526 329 659 400 85 532 601 708 482 737 802 453 258 430 758 900 520 0 321 828 711 357 541 446 260 458 31 753 246 321 789 721 399 129 547 421 700 833 830 508 293 313 537 364 457 800 798 572 485 803 531 97 95 585 154 198 458 278 367 883 298 659 537 645 278
826 374 492 388 724 111 681 577 578 829 321 504 285 604 371 1016 701 344 916 339 331 810 784 297 729 709 112 219 84 529 614 466 110 732 502 216 97 702 482 237 624 337 554 758 746 1017 757 195 749 623 878 495 321 0 991 818 62 655 682 465 199 351 823 503 631 785 903 217 444 774 225 901 819 972 418 479 629 218 637 603 687 714 275 289 888 484 355 340 513 417 126 407 335 686 891 323 905 503 792 568
421 965 685 950 272 944 483 427 478 318 685 683 960 655 627 212 467 711 696 783 746 397 330 849 392 706 888 913 1073 667 639 687 908 300 723 1072 914 389 512 852 381 998 802 476 445 182 602 796 736 769 532 581 828 991 0 217 1052 341 409 571 946 810 289 987 661 472 117 845 749 320 858 166 500 66 689 542 840 1154 527 390 731 663 1058 855 240 612 734 915 640 677 902 651 656 821 452 670 313 589 200 940
467 859 470 848 116 787 268 308 268 366 537 467 755 613 448 379 253 511 519 577 622 435 123 645 178 497 723 714 898 600 423 473 747 90 507 874 733 172 339 716 195 788 585 490 237 356 614 624 737 553 358 372 711 818 217 0 879 172 375 456 748 699 95 907 628 274 213 651 659 331 662 264 311 171 480 420 800 963 490 255 519 454 854 651 102 401 615 803 425 570 744 448 490 798 288 497 406 377 112 879
878 388 544 404 785 145 739 636 638 885 379 556 313 648 432 1074 759 402 967 389 379 863 844 341 789 758 169 258 31 573 667 520 159 793 551 214 154 762 543 277 685 358 597 809 804 1075 802 256 786 668 933 553 357 62 1052 879 0 716 738 521 232 388 883 515 674 843 963 269 484 831 274 960 875 1033 473 536 658 186 688 663 734 764 282 334 949 542 402 361 568 466 172 465 396 717 949 384 961 561 853 587
404 691 380 680 69 619 256 150 171 325 367 382 626 475 287 428 253 373 573 450 452 372 204 515 203 484 557 573 737 449 379 374 579 106 423 732 575 170 173 545 48 667 518 400 268 415 509 460 618 508 432 261 541 655 341 172 716 0 267 290 606 531 218 745 494 322 275 505 498 269 519 298 369 317 364 254 657 814 363 93 497 447 721 520 263 294 446 634 338 405 576 317 323 663 385 333 390 274 144 724
164 568 593 551 272 607 519 161 413 148 363 599 759 249 389 348 519 519 839 606 377 138 457 656 468 740 571 685 765 260 625 578 580 356 638 825 630 436 304 491 300 812 740 136 534 357 244 505 362 747 696 471 446 682 409 375 738 267 0 218 710 423 457 579 259 588 294 609 348 101 630 261 634 429 548 209 437 882 120 195 748 705 837 658 476 503 359 523 559 295 570 486 377 427 642 405 224 489 270 532
367 404 464 393 341 392 480 150 349 364 147 473 563 240 214 557 488 347 804 431 176 348 487 470 466 657 354 484 548 184 534 443 364 395 506 615 416 430 190 285 290 620 608 308 520 561 350 292 409 634 689 357 260 465 571 456 521 290 218 0 505 245 507 456 267 575 467 409 210 311 431 452 622 570 399 38 394 667 196 202 656 633 633 470 552 382 164 350 442 115 354 336 178 416 658 209 441 377 386 441
869 550 340 560 675 285 559 573 485 847 365 351 89 701 332 1012 580 238 749 187 431 846 688 124 625 538 232 37 228 625 460 320 257 659 337 127 133 605 444 377 565 146 369 813 625 1006 841 223 862 443 734 385 458 199 946 748 232 606 710 505 0 484 732 676 729 656 876 104 561 787 88 887 682 915 285 504 768 220 698 581 512 549 128 116 801 364 454 505 373 501 273 302 334 819 761 306 925 387 750 730
530 160 599 151 585 244 685 394 553 566 205 611 566 266 349 770 698 442 995 502 89 523 720 509 690 819 258 479 418 197 699 573 244 634 632 555 356 655 397 114 524 626 722 453 735 779 422 278 399 769 900 525 31 351 810 699 388 531 423 245 484 0 745 237 290 789 702 420 99 524 442 679 833 814 519 280 286 567 336 445 810 804 599 506 793 538 87 106 593 134 228 467 284 339 881 306 634 543 630 260
559 904 426 895 186 805 204 366 248 459 567 421 727 686 458 469 184 497 425 552 662 527 47 620 114 418 736 696 900 665 359 434 763 113 458 856 733 128 361 747 221 754 525 578 157 444 699 634 818 485 263 347 753 823 289 95 883 218 457 507 732 745 0 962 703 184 305 640 715 421 648 358 219 231 452 470 871 950 566 310 443 374 828 627 70 371 659 847 383 621 762 431 510 873 194 510 501 348 205 941
634 129 834 117 791 396 919 599 786 701 441 846 763 345 586 904 931 674 1231 728 325 639 942 725 918 1056 445 680 543 320 935 807 420 850 866 718 543 882 627 309 745 822 952 556 966 920 471 497 380 1003 1133 762 246 503 987 907 515 745 579 456 676 237 962 0 352 1020 872 632 248 675 653 838 1066 1001 753 493 213 700 466 655 1045 1041 775 720 1005 775 319 172 829 343 403 703 520 273 1109 542 755 779 824 91
283 384 731 363 518 530 726 350 600 357 372 740 800 30 478 556 730 608 1053 688 304 289 696 719 693 920 527 716 704 105 797 709 522 595 773 821 615 658 450 397 514 859 874 205 755 574 134 507 142 901 923 622 321 631 661 628 674 494 259 267 729 290 703 352 0 810 544 645 192 341 667 502 858 686 665 295 180 848 140 404 920 892 854 718 729 648 280 360 708 229 506 602 432 170 879 464 405 642 527 288
714 942 319 937 326 793 108 461 236 621 590 310 630 789 455 651 91 442 255 470 701 681 152 535 120 241 718 620 854 753 216 337 748 239 336 772 690 153 394 764 297 645 378 719 56 627 831 615 938 324 114 293 789 785 472 274 843 322 588 575 656 789 184 1020 810 0 486 579 781 575 581 536 48 411 374 539 964 874 683 407 270 198 732 542 235 302 704 883 284 682 751 380 518 976 107 507 671 283 372 1015
311 854 646 839 212 849 471 329 434 205 590 646 900 539 548 168 458 646 729 725 642 285 335 789 385 705 797 844 987 552 621 643 815 271 687 1001 831 371 434 750 321 942 775 361 447 148 488 710 621 753 566 532 721 903 117 213 963 275 294 467 876 702 305 872 544 486 0 773 636 204 789 60 522 152 637 440 724 1078 411 302 725 663 993 793 279 565 628 806 603 569 808 591 569 705 491 587 215 543 136 824
769 512 276 519 573 267 477 470 392 745 275 288 157 616 229 908 498 144 700 122 356 746 597 94 537 493 196 77 276 541 398 252 228 562 286 228 122 514 341 324 465 215 344 715 544 903 751 144 781 410 666 296 399 217 845 651 269 505 609 409 104 420 640 632 645 579 773 0 487 685 23 784 610 815 207 405 700 313 603 477 472 497 228 88 708 280 377 461 300 417 240 209 234 747 685 205 823 301 648 676
439 221 630 204 544 340 683 352 550 484 234 640 638 168 371 689 693 483 1003 553 131 435 696 570 675 841 344 552 514 102 718 605 335 603 667 641 438 639 390 207 500 698 763 362 727 701 324 344 307 802 895 540 129 444 749 659 484 498 348 210 561 99 715 248 192 781 636 487 0 447 510 608 828 758 554 247 217 661 249 407 835 821 680 568 758 559 111 181 617 101 319 496 310 260 867 338 548 559 579 235
140 668 633 651 249 702 522 217 435 61 453 637 829 337 458 248 518 581 829 667 476 107 432 723 457 753 663 760 857 357 647 621 674 336 678 906 716 429 359 589 313 879 777 164 524 256 292 591 422 774 676 509 547 774 320 331 831 269 101 311 787 524 421 675 341 575 204 685 447 0 704 164 619 349 598 296 520 968 210 228 766 716 912 726 426 543 459 624 594 395 664 540 457 502 613 482 139 526 219 623
790 532 272 539 587 283 481 488 400 764 297 284 134 638 247 926 502 152 693 116 379 767 604 76 543 485 214 57 279 564 394 249 245 572 278 214 133 521 357 345 478 193 331 737 547 920 773 167 804 399 665 302 421 225 858 662 274 519 630 431 88 442 648 653 667 581 789 23 510 704 0 801 610 828 207 426 723 303 625 494 463 491 209 70 716 284 400 481 300 440 258 217 255 769 687 226 842 305 663 698
256 827 676 811 243 840 515 325 465 152 583 678 916 499 556 130 503 663 783 744 625 231 385 806 431 750 793 857 985 519 660 671 808 313 719 1011 834 414 444 735 346 961 810 311 496 120 437 711 571 792 621 559 700 901 166 264 960 298 261 452 887 679 358 838 502 536 60 784 608 164 801 0 575 210 661 429 680 1083 373 307 769 708 1007 810 337 592 609 781 634 547 800 611 571 658 547 591 155 571 172 786
759 986 343 981 371 830 149 508 280 664 634 333 651 837 496 687 136 475 211 497 745 726 192 560 167 230 755 646 885 800 230 363 786 284 354 796 723 201 439 806 345 662 384 765 104 662 878 653 986 323 67 330 833 819 500 311 875 369 634 622 682 833 219 1066 858 48 522 610 828 619 610 575 0 438 404 586 1011 899 730 455 261 189 752 567 261 335 749 926 311 728 790 415 560 1024 86 548 713 319 413 1062
463 971 640 957 249 932 430 423 438 357 675 637 924 678 604 275 412 678 631 746 744 436 274 814 339 648 872 881 1053 682 587 643 894 259 676 1041 891 340 490 847 352 958 751 510 387 245 638 777 770 714 468 542 830 972 66 171 1033 317 429 570 915 814 231 1001 686 411 152 815 758 349 828 210 438 0 650 539 865 1127 549 379 673 604 1023 819 177 571 734 919 595 681 889 616 639 850 387 650 364 548 186 960
710 648 82 649 426 445 274 388 213 659 321 95 276 637 188 790 296 83 506 100 435 682 407 169 343 309 368 249 482 573 199 55 400 392 114 407 322 325 244 455 317 309 211 674 341 778 743 274 806 251 461 109 508 418 689 480 473 364 548 399 285 519 452 753 665 374 637 207 554 598 207 661 404 650 0 377 767 505 582 372 295 304 377 176 521 82 449 590 95 460 408 64 244 801 480 216 733 105 504 776
365 439 439 428 306 412 445 117 314 352 158 447 557 268 197 539 453 331 770 416 206 343 450 460 430 626 368 481 562 218 504 418 381 358 482 618 423 394 158 311 253 613 584 312 483 541 367 297 435 607 652 328 293 479 542 420 536 254 209 38 504 280 470 493 295 539 440 405 247 296 426 429 586 539 377 0 428 675 208 166 626 601 631 461 516 354 197 384 414 152 372 314 172 448 621 201 429 348 353 478
451 296 841 275 688 519 872 509 742 534 449 852 849 189 582 728 879 698 1197 770 346 462 860 785 850 1047 543 763 688 212 924 817 527 761 880 838 641 815 584 397 670 909 977 377 908 747 273 557 168 1014 1077 745 313 629 840 800 658 657 437 394 768 286 871 213 180 964 724 700 217 520 723 680 1011 865 767 428 0 842 317 565 1043 1024 884 783 902 767 327 301 826 308 510 708 524 63 1040 553 576 765 703 128
1032 573 557 589 883 325 778 761 703 1026 520 567 256 821 530 1204 800 454 950 406 546 1014 906 340 845 740 323 256 158 745 673 538 327 874 549 107 253 823 645 454 776 271 562 967 845 1201 973 378 966 638 949 604 537 218 1154 963 186 814 882 667 220 567 950 700 848 874 1078 313 661 968 303 1083 899 1127 505 675 842 0 847 777 711 757 171 333 1019 584 570 547 591 630 342 519 514 900 980 493 1103 606 957 773
195 468 640 450 381 549 604 226 485 238 334 647 758 130 404 443 607 538 930 623 312 187 562 664 564 811 527 678 717 151 691 621 530 461 684 804 601 530 349 422 387 815 786 122 628 457 162 480 256 804 794 523 364 637 527 490 688 363 120 196 698 336 566 466 140 683 411 603 249 210 625 373 730 549 582 208 317 847 0 277 815 780 825 665 591 552 290 429 611 224 517 519 373 309 746 404 300 542 388 414
349 605 407 594 140 555 329 57 218 288 296 411 613 385 249 432 331 361 654 445 370 318 296 504 289 545 498 551 686 356 431 395 518 198 452 704 530 255 139 469 111 660 552 330 352 426 430 409 532 554 519 283 457 603 390 255 663 93 195 202 581 445 310 655 404 407 302 477 407 228 494 307 455 379 372 166 565 777 277 0 554 512 702 507 351 316 362 550 370 316 512 315 268 572 476 286 362 300 194 632
898 942 213 943 532 731 255 594 336 821 608 201 456 894 465 892 268 376 240 350 724 866 401 394 342 34 655 480 736 839 124 240 688 456 188 605 593 355 471 749 454 449 151 883 287 872 975 567 1060 75 280 299 800 687 731 519 734 497 748 656 512 810 443 1045 920 270 725 472 835 766 463 769 261 673 295 626 1043 711 815 554 0 73 548 402 502 277 735 884 219 737 697 343 529 1071 345 504 884 280 597 1063
850 944 224 943 476 748 196 556 296 769 600 212 502 867 456 830 205 386 204 376 717 818 334 428 278 44 671 516 769 816 107 251 704 396 214 651 618 295 443 753 407 502 207 840 219 808 938 577 1030 138 211 282 798 714 663 454 764 447 705 633 549 804 374 1041 892 198 663 497 821 716 491 708 189 604 304 601 1024 757 780 512 73 0 598 436 431 267 726 885 215 722 711 342 521 1048 272 500 829 263 537 1053
996 647 414 659 788 379 643 697 587 972 492 422 103 825 455 1133 665 348 787 278 553 973 783 210 718 578 342 152 265 749 522 399 361 765 398 73 244 701 564 488 678 101 398 940 708 1126 968 348 984 474 797 484 572 275 1058 854 282 721 837 633 128 599 828 775 854 732 993 228 680 912 209 1007 752 1023 377 631 884 171 825 702 548 598 0 204 898 458 576 608 453 626 377 408 460 936 835 432 1050 481 865 836
821 600 225 607 586 352 447 509 384 786 347 236 107 689 270 938 469 148 636 76 437 795 581 9 518 426 283 81 335 616 345 206 314 561 223 232 201 499 370 412 476 154 265 772 514 929 818 228 856 335 619 281 485 289 855 651 334 520 658 470 116 506 627 720 718 542 793 88 568 726 70 810 567 819 176 461 783 333 665 507 402 436 204 0 696 256 457 549 259 492 327 205 293 827 648 261 864 280 663 763
561 953 496 943 216 866 271 406 316 456 623 491 796 715 521 435 250 565 458 621 714 529 117 689 183 475 799 765 966 700 425 504 825 163 526 925 799 197 419 803 276 824 591 588 218 408 713 697 837 548 294 416 803 888 240 102 949 263 476 552 801 793 70 1005 729 235 279 708 758 426 716 337 261 177 521 516 902 1019 591 351 502 431 898 696 0 440 708 897 452 667 823 500 569 899 215 572 488 417 209 979
662 678 91 677 353 498 198 343 134 603 334 97 357 621 190 721 219 141 462 181 451 633 326 250 262 283 422 328 553 564 161 80 453 313 136 487 389 244 204 489 247 388 238 634 264 708 714 322 789 254 396 34 531 484 612 401 542 294 503 382 364 538 371 775 648 302 565 280 559 543 284 592 335 571 82 354 767 584 552 316 277 267 458 256 440 0 461 619 61 461 458 81 255 795 408 234 675 24 430 788
483 246 527 237 501 260 601 313 469 506 128 538 530 253 271 706 613 375 913 444 24 472 634 460 605 743 248 444 431 176 621 501 245 548 562 541 336 569 311 134 438 590 656 411 650 714 403 235 409 699 815 445 97 355 734 615 402 446 359 164 454 87 659 319 280 704 628 377 111 459 400 609 749 734 449 197 327 570 290 362 735 726 576 457 708 461 0 189 517 67 231 393 207 370 795 233 577 464 549 329
620 60 672 59 689 230 778 499 647 663 293 684 592 341 434 868 792 510 1080 559 185 616 821 554 788 897 274 508 391 282 778 645 249 736 701 554 373 753 494 139 626 651 785 542 830 879 493 328 445 838 992 610 95 340 915 803 361 634 523 350 505 106 847 172 360 883 806 461 181 624 481 781 926 919 590 384 301 547 429 550 884 885 608 549 897 619 189 0 671 239 233 544 369 361 977 386 729 627 735 229
717 730 45 729 392 537 191 399 169 653 390 44 351 682 247 763 212 174 415 187 507 687 336 252 269 227 460 337 576 624 108 55 493 341 86 490 416 258 263 539 290 373 183 691 256 748 773 364 849 194 366 89 585 513 640 425 568 338 559 442 373 593 383 829 708 284 603 300 617 594 300 634 311 595 95 414 826 591 611 370 219 215 453 259 452 61 517 671 0 520 499 128 311 855 389 288 724 71 467 845
417 291 534 279 455 325 583 263 450 440 147 545 572 200 275 642 593 394 902 469 88 405 600 494 576 742 308 487 495 125 619 510 308 509 573 596 390 540 289 200 403 632 671 345 627 650 345 279 364 707 794 441 154 417 677 570 466 405 295 115 501 134 621 343 229 682 569 417 101 395 440 547 728 681 460 152 308 630 224 316 737 722 626 492 667 461 67 239 520 0 294 401 217 342 768 247 512 460 497 335
707 278 488 287 642 44 644 479 528 717 218 501 361 480 306 910 662 326 913 352 207 693 727 333 679 715 45 278 201 404 606 461 17 662 509 329 140 648 406 114 551 419 580 638 706 913 633 137 625 642 853 460 198 126 902 744 172 576 570 354 273 228 762 403 506 751 808 240 319 664 258 800 790 889 408 372 510 342 517 512 697 711 377 327 823 458 231 233 499 294 0 378 255 565 854 252 792 472 705 459
649 603 134 602 382 417 275 328 184 601 265 145 310 574 127 739 295 66 540 134 381 621 388 199 329 354 341 267 477 511 235 110 373 359 173 427 312 305 183 412 272 351 273 612 340 729 680 241 744 307 476 89 458 407 651 448 465 317 486 336 302 467 431 703 602 380 591 209 496 540 217 611 415 616 64 314 708 519 519 315 343 342 408 205 500 81 393 544 128 401 378 0 187 740 485 161 677 97 460 721
536 428 321 425 390 298 412 247 285 516 80 332 387 403 66 690 427 178 713 257 196 513 476 292 433 537 234 310 418 334 416 295 257 408 358 450 264 400 152 247 296 443 454 482 468 688 526 141 573 493 626 243 278 335 656 490 396 323 377 178 334 284 510 520 432 518 569 234 310 457 255 571 560 639 244 172 524 514 373 268 529 521 460 293 569 255 207 369 311 217 255 187 0 559 616 32 594 260 457 535
418 358 873 338 688 577 888 517 760 508 488 883 898 188 614 695 894 735 1215 810 391 433 865 830 860 1072 596 811 747 232 949 849 582 765 913 893 693 825 605 451 680 958 1012 349 920 717 234 604 113 1045 1089 772 367 686 821 798 717 663 427 416 819 339 873 273 170 976 705 747 260 502 769 658 1024 850 801 448 63 900 309 572 1071 1048 936 827 899 795 370 361 855 342 565 740 559 0 1047 589 543 791 696 185
752 1036 424 1030 371 896 211 532 332 652 686 414 734 860 555 649 193 548 245 576 794 720 186 640 192 312 821 726 960 830 315 442 852 287 438 877 796 228 484 863 370 747 470 767 149 622 886 719 1001 408 83 398 883 891 452 288 949 385 642 658 761 881 194 1109 879 107 491 685 867 613 687 547 86 387 480 621 1040 980 746 476 345 272 835 648 215 408 795 977 389 768 854 485 616 1047 0 608 693 389 398 1099
565 445 294 444 401 296 401 269 278 542 105 306 356 435 54 712 417 147 694 225 220 542 475 261 428 514 227 281 404 366 394 268 253 413 330 425 245 397 160 259 303 412 425 513 459 709 558 128 604 466 613 225 298 323 670 497 384 333 405 209 306 306 510 542 464 507 587 205 338 482 226 591 548 650 216 201 553 493 404 286 504 500 432 261 572 234 233 386 288 247 252 161 32 589 608 0 620 241 471 561
126 767 764 749 354 829 634 355 560 79 585 767 967 410 596 153 626 719 923 804 597 117 522 861 559 869 794 898 988 450 768 754 803 436 808 1043 851 536 496 710 436 1017 906 200 625 175 312 726 445 898 763 641 659 905 313 406 961 390 224 441 925 634 501 755 405 671 215 823 548 139 842 155 713 364 733 429 576 1103 300 362 884 829 1050 864 488 675 577 729 724 512 792 677 594 543 693 620 0 657 300 692
647 686 108 684 331 513 179 329 111 585 339 112 380 616 194 700 199 160 454 204 455 617 302 273 239 283 437 351 572 560 159 101 468 290 152 510 407 220 194 498 226 412 252 621 244 687 704 335 782 262 381 20 537 503 589 377 561 274 489 377 387 543 348 779 642 283 543 301 559 526 305 571 319 548 105 348 765 606 542 300 280 263 481 280 417 24 464 627 71 460 472 97 260 791 389 241 657 0 408 790
356 788 511 775 78 748 343 237 299 255 490 511 769 515 428 298 332 517 623 593 559 324 222 658 262 578 690 717 875 509 489 508 710 141 552 876 715 243 313 661 188 810 641 380 327 282 504 597 630 621 465 398 645 792 200 112 853 144 270 386 750 630 205 824 527 372 136 648 579 219 663 172 413 186 504 353 703 957 388 194 597 537 865 663 209 430 549 735 467 497 705 460 457 696 398 471 300 408 0 789
568 203 855 185 764 459 917 576 785 644 456 866 815 287 599 843 927 700 1237 762 341 576 925 767 907 1071 498 730 616 280 949 829 476 830 889 783 598 871 624 354 730 875 981 492 960 861 396 535 295 1026 1129 772 278 568 940 879 587 724 532 441 730 260 941 91 288 1015 824 676 235 623 698 786 1062 960 776 478 128 773 414 632 1063 1053 836 763 979 788 329 229 845 335 459 721 535 185 1099 561 692 790 789 0
