180
0 554 730 823 428 426 96 503 386 650 196 523 469 740 855 722 392 720 28 494 177 270 645 610 205 363 237 269 379 341 360 252 388 425 680 265 561 100 290 795 432 503 889 783 662 272 334 448 779 770 691 399 603 441 388 778 859 706 760 672 691 594 527 379 910 437 432 324 682 641 329 341 727 739 409 276 839 126 556 606 130 580 503 844 485 911 204 848 597 80 170 971 713 402 107 474 246 814 430 610 604 724 470 232 183 633 361 428 550 774 241 264 236 440 368 312 188 430 80 510 492 525 127 374 580 536 530 272 226 433 570 800 777 670 471 339 750 761 321 566 81 797 390 582 434 691 347 620 247 848 456 632 234 729 870 462 876 874 392 546 443 474 403 288 622 500 822 711 477 303 399 455 187 547 435 456 90 257 240 632
554 0 661 592 127 900 464 361 802 821 525 137 707 496 422 245 918 202 573 501 384 413 614 320 357 777 556 310 176 449 219 308 871 133 442 344 199 511 799 850 541 1019 871 484 664 547 298 608 250 867 628 837 344 383 192 559 912 851 811 551 889 681 1036 345 860 122 887 366 832 460 547 689 755 414 152 819 922 514 781 835 680 596 726 923 279 865 362 396 592 504 419 986 578 223 660 613 715 301 939 740 815 797 92 704 464 886 208 742 716 429 490 329 602 710 428 251 379 186 602 138 97 286 521 374 361 78 413 641 347 128 770 401 687 690 259 314 534 809 805 795 552 317 564 445 893 283 799 309 372 344 781 831 540 298 767 714 839 771 513 808 328 975 408 384 209 983 368 796 180 405 693 383 444 943 929 101 495 297 527 481
730 661 0 214 626 730 661 314 605 315 872 525 377 231 496 542 840 610 723 239 624 474 86 352 696 595 510 561 623 923 714 680 728 662 248 525 466 630 740 218 302 879 210 298 94 941 487 315 647 261 40 647 323 334 712 193 267 299 187 112 373 198 876 406 205 665 694 845 295 206 413 506 135 338 670 825 292 808 367 385 826 155 359 291 393 208 602 523 135 653 587 325 98 497 779 287 650 625 814 248 357 200 610 651 816 433 572 467 290 360 489 542 538 415 373 589 713 755 698 526 713 377 605 887 301 583 261 534 717 605 334 435 49 112 417 467 192 184 701 375 796 556 1029 219 702 453 652 369 524 618 485 349 909 479 141 393 179 145 339 417 895 819 933 470 482 791 521 211 787 863 443 324 552 637 778 660 758 645 497 181
823 592 214 0 599 908 740 329 781 527 929 468 562 99 310 407 1006 481 823 351 683 554 263 279 736 768 636 600 612 944 708 708 901 635 162 577 398 727 895 419 439 1059 362 122 298 988 520 478 502 470 221 825 263 384 698 46 453 512 394 174 586 397 1059 451 328 635 875 859 508 184 546 670 346 188 648 970 489 876 569 594 937 322 551 486 381 334 655 342 298 744 660 474 142 495 893 454 799 467 988 455 566 412 569 798 867 643 573 649 488 192 596 589 674 596 459 606 758 729 810 474 666 347 709 892 267 519 294 681 751 577 537 261 194 322 404 505 74 391 864 579 877 396 1058 242 884 327 821 285 586 448 674 560 962 337 220 578 324 223 463 618 880 999 936 538 386 976 348 424 749 885 617 370 637 835 956 623 829 673 615 193
428 127 626 599 0 779 338 313 685 742 414 143 611 500 493 327 793 305 447 432 258 301 566 321 234 660 439 187 49 366 120 186 748 37 439 225 211 385 674 795 454 895 833 506 611 447 193 518 360 803 589 719 337 312 102 561 860 777 755 522 807 610 913 257 830 40 767 279 757 440 442 577 702 441 51 692 864 395 690 745 555 535 632 866 234 834 236 474 535 378 294 944 555 136 534 527 592 404 815 665 727 736 47 580 351 794 89 636 632 464 375 208 483 608 336 126 258 132 475 133 100 258 396 301 341 121 367 524 228 23 682 456 659 635 210 212 533 754 682 704 429 404 483 409 773 333 679 318 253 444 674 746 434 361 747 616 805 751 421 712 281 852 343 274 253 861 446 732 161 313 587 316 322 831 806 41 372 172 411 454
426 900 730 908 779 0 474 679 128 479 609 818 353 860 1068 989 139 1015 399 571 537 494 655 811 605 144 349 592 734 765 751 642 39 790 819 557 824 409 144 669 480 151 794 925 637 679 609 432 1074 617 703 84 789 611 775 869 715 535 651 735 476 534 153 596 836 802 40 748 517 761 396 246 651 912 779 220 675 546 385 400 382 588 374 683 712 833 550 1075 613 427 489 829 768 691 352 455 191 1092 90 501 419 610 809 204 608 389 693 263 445 948 415 572 301 315 525 654 596 825 347 807 866 744 389 798 754 855 670 267 632 774 417 1002 775 626 713 599 848 654 106 384 492 1052 797 704 33 927 103 829 529 1115 248 444 642 968 848 337 800 850 472 341 864 91 828 524 884 83 1056 592 874 728 292 622 457 177 50 816 515 631 379 736
96 464 661 740 338 474 0 415 410 619 218 428 443 653 760 626 463 625 111 423 82 190 578 517 132 384 206 173 289 326 283 172 438 338 592 171 466 69 350 747 373 570 832 693 601 293 239 401 684 729 622 432 511 356 309 695 813 672 710 594 668 543 592 291 850 350 472 285 648 557 282 336 673 647 323 356 797 149 533 586 225 516 475 803 391 851 109 752 531 47 80 922 635 306 198 425 284 719 493 569 580 677 378 270 176 620 267 420 513 681 184 169 225 420 291 218 124 356 140 415 409 431 98 337 490 442 446 267 159 340 542 705 708 612 376 246 666 711 369 544 138 701 401 499 476 595 383 527 156 753 453 606 258 633 802 439 816 806 331 530 396 534 374 202 526 553 727 665 404 275 383 370 111 570 492 368 98 170 196 550
503 361 314 329 313 679 415 0 558 472 601 226 393 239 391 327 746 372 506 150 355 237 256 133 409 537 351 272 310 625 402 384 661 348 178 249 186 411 627 490 218 822 521 281 304 661 192 286 426 506 277 600 112 70 400 285 553 495 451 214 540 325 830 125 519 352 653 542 478 147 284 435 395 245 356 686 562 548 450 498 623 236 402 563 82 522 327 396 231 424 336 633 250 184 582 280 529 430 744 388 475 437 299 524 539 552 261 455 374 281 295 260 396 409 159 285 430 441 501 223 402 83 397 581 81 284 55 418 425 291 431 326 349 330 105 177 255 450 608 464 551 380 736 100 661 253 579 151 260 445 490 486 634 293 439 404 493 444 211 486 582 766 626 216 230 757 378 436 473 564 408 58 318 664 720 347 502 349 324 151
386 802 605 781 685 128 410 558 0 372 581 711 229 733 946 874 242 903 361 445 460 390 528 690 538 27 247 500 643 724 673 568 125 700 694 461 711 342 173 558 354 278 680 799 513 656 506 305 962 511 577 44 667 492 694 742 609 430 537 608 382 410 279 483 720 712 97 694 410 635 276 123 532 787 692 270 573 512 272 298 383 462 252 580 597 718 468 953 486 365 407 725 641 586 342 328 144 977 210 383 312 496 711 157 566 300 598 139 324 824 312 478 203 190 408 564 533 746 307 700 777 626 316 746 632 751 546 162 566 678 303 879 650 503 599 493 721 540 119 274 463 934 774 578 105 808 61 708 433 998 132 339 618 849 726 213 684 728 348 234 805 218 780 420 769 201 935 478 796 680 165 502 368 162 175 724 471 552 276 609
650 821 315 527 742 479 619 472 372 0 833 693 181 523 783 783 610 838 632 324 621 477 277 575 708 374 416 602 717 936 788 714 490 771 513 556 657 562 539 191 289 619 317 594 231 910 555 231 887 140 308 405 545 439 798 501 238 60 178 379 69 152 608 485 362 779 440 876 39 454 341 326 195 615 771 635 203 761 102 82 703 248 148 210 548 359 611 804 264 589 568 354 394 608 655 217 473 879 568 86 61 139 745 481 794 120 662 246 112 645 440 577 415 215 409 655 716 850 589 688 841 554 531 926 510 749 428 386 735 725 80 717 348 205 565 534 491 181 488 99 729 818 1019 423 448 697 431 595 538 883 241 38 873 732 396 190 328 398 326 139 960 560 969 491 696 522 796 121 893 879 257 440 521 346 528 782 711 684 423 422
196 525 872 929 414 609 218 601 581 833 0 544 655 837 897 739 551 718 221 633 250 399 790 680 198 558 418 330 372 165 307 238 571 395 773 354 600 272 468 965 590 664 1048 866 816 78 410 618 772 946 832 592 682 552 334 885 1031 887 928 797 879 761 692 481 1064 405 620 190 864 747 499 534 890 812 376 426 1015 73 744 795 243 731 688 1020 558 1066 276 882 744 245 286 1139 837 450 260 643 440 818 599 786 791 895 461 425 66 825 383 621 729 842 402 341 426 629 499 338 175 356 274 532 440 596 303 224 667 535 641 465 192 428 755 852 917 828 537 425 856 929 506 754 119 817 194 694 621 732 539 685 350 858 651 819 40 765 1011 650 1031 1015 547 737 304 646 238 404 654 678 854 883 392 152 589 564 326 741 612 426 123 267 412 746
523 137 525 468 143 818 428 226 711 693 544 0 590 370 355 200 855 201 537 370 347 325 477 190 352 686 470 256 175 508 262 307 793 176 312 273 71 459 733 714 419 948 734 368 528 584 212 488 261 732 491 749 212 256 244 432 775 719 674 415 761 549 962 233 724 173 801 421 701 325 442 592 619 301 193 767 786 514 659 711 653 462 606 787 146 729 320 338 456 459 365 849 443 130 624 489 641 292 867 610 690 662 104 632 479 763 167 635 590 323 404 266 518 598 315 216 377 266 555 13 199 149 461 443 226 60 277 553 353 123 645 315 552 554 129 220 406 673 730 673 541 277 625 308 808 192 716 183 301 326 673 704 567 222 633 599 703 637 396 689 418 899 484 295 112 901 311 661 283 454 586 254 377 841 852 158 484 283 440 345
469 707 377 562 611 353 443 393 229 181 655 590 0 525 760 719 468 763 451 253 454 322 304 518 541 222 238 450 579 765 639 554 353 635 495 403 570 384 378 347 175 503 461 595 285 732 419 107 817 310 352 270 491 340 653 525 405 239 319 391 225 182 500 363 497 645 317 710 216 433 176 150 307 594 633 471 378 583 90 145 523 241 34 384 454 496 448 774 265 411 399 522 421 485 475 118 301 822 438 161 137 279 623 308 618 186 525 91 98 629 271 424 234 41 279 508 547 705 408 583 710 472 352 762 454 642 365 205 570 597 102 692 422 274 465 400 507 322 333 102 549 769 843 383 326 642 280 538 382 834 112 164 695 681 498 16 461 500 196 101 802 442 803 342 621 416 759 262 751 710 79 345 352 281 402 652 533 526 249 405
740 496 231 99 500 860 653 239 733 523 837 370 525 0 266 327 948 399 741 290 592 471 247 180 642 717 566 507 514 846 609 612 849 536 64 487 300 645 833 449 382 1009 418 72 294 894 427 430 427 491 221 777 164 300 599 64 494 519 417 144 587 379 1012 363 392 536 829 761 510 103 481 617 363 110 550 903 523 785 547 580 856 290 519 521 284 397 564 293 268 661 573 534 135 398 814 410 736 399 935 443 552 426 470 733 774 632 476 608 464 130 520 497 607 555 380 510 664 630 732 375 568 249 629 794 170 422 212 619 656 478 518 205 232 322 307 413 44 415 806 558 789 330 961 164 837 241 767 188 498 389 636 551 869 258 288 540 381 291 398 594 781 950 837 453 293 932 291 435 651 788 570 286 554 804 906 524 740 578 543 124
855 422 496 310 493 1068 760 391 946 783 897 355 760 266 0 178 1136 239 865 509 684 611 508 260 703 926 739 590 529 857 612 660 1051 522 271 591 299 776 1016 713 596 1213 670 199 558 938 523 657 230 757 486 989 280 460 592 309 755 783 683 406 849 635 1220 494 637 516 1042 771 773 333 674 824 629 169 540 1069 787 864 796 835 983 541 761 784 376 643 655 38 522 783 687 783 401 457 948 642 918 179 1135 701 807 691 449 912 832 888 516 834 713 139 680 592 786 784 549 563 727 601 871 367 517 338 769 788 315 376 401 809 706 476 770 69 491 586 387 520 305 680 999 809 885 118 974 377 1050 167 970 244 613 148 866 809 921 134 529 774 632 532 598 840 749 1157 825 584 244 1146 59 700 601 806 790 448 685 1039 1111 497 829 633 711 364
722 245 542 407 327 989 626 327 874 783 739 200 719 327 178 0 1038 74 734 471 546 504 525 208 550 851 645 454 368 686 444 505 967 353 295 465 167 652 917 756 545 1126 742 287 578 773 399 613 106 788 520 915 238 386 421 388 808 796 720 435 851 631 1137 394 718 345 967 601 782 342 598 752 663 221 372 958 831 713 773 819 851 536 727 830 278 724 518 151 522 655 559 858 446 322 821 605 822 104 1046 698 794 718 281 814 675 873 366 779 694 219 580 461 693 735 466 415 575 427 749 213 341 250 651 614 273 207 360 723 549 312 752 168 553 607 277 402 371 718 908 787 740 78 803 360 975 90 887 188 491 129 815 802 760 71 614 730 705 618 534 811 572 1073 651 475 106 1070 123 723 425 638 732 377 566 989 1027 326 683 482 615 372
392 918 840 1006 793 139 463 746 242 610 551 855 468 948 1136 1038 0 1055 366 658 538 535 761 876 591 246 398 610 745 714 745 634 120 797 901 583 872 409 122 798 568 114 921 1009 750 612 644 531 1115 749 810 205 858 677 771 964 847 667 778 832 612 649 143 647 961 810 177 712 649 846 469 336 773 988 784 126 809 497 512 533 309 692 493 816 767 959 557 1138 716 418 500 962 868 725 296 557 219 1140 64 624 550 736 828 226 563 525 712 379 564 1024 460 593 351 428 588 668 577 817 324 843 871 802 398 759 825 883 747 331 614 792 543 1071 887 741 763 638 940 780 143 513 441 1106 727 786 171 985 189 893 555 1166 372 576 578 1026 965 452 925 968 551 471 832 108 782 564 933 156 1117 719 865 686 397 689 479 314 101 826 478 631 426 824
720 202 610 481 305 1015 625 372 903 838 718 201 763 399 239 74 1055 0 735 521 543 523 588 266 536 880 667 455 350 650 415 489 990 324 364 474 194 659 933 821 588 1147 812 361 641 745 411 657 61 851 585 943 297 424 390 460 875 854 784 501 907 687 1160 421 790 315 995 566 839 406 630 783 727 294 343 968 896 698 822 870 849 593 773 895 311 795 517 207 581 658 564 928 515 330 822 652 841 101 1066 753 845 781 259 832 655 923 359 817 745 293 601 466 715 776 499 409 560 387 754 213 298 291 661 575 329 186 411 748 532 294 802 240 623 670 305 418 443 782 929 835 730 124 765 419 1002 159 912 247 501 143 854 856 735 145 686 773 776 690 573 857 526 1097 608 493 143 1097 181 784 377 605 769 418 577 1026 1050 294 673 470 637 436
28 573 723 823 447 399 111 506 361 632 221 537 451 741 865 734 366 735 0 489 192 271 638 616 228 337 223 282 398 368 383 274 361 445 682 274 573 97 263 781 423 477 877 786 653 296 343 435 794 754 685 373 608 442 410 778 844 689 747 668 672 581 501 383 900 457 405 351 665 642 318 319 716 745 429 252 823 152 537 586 119 571 485 829 492 901 219 858 589 83 178 957 709 414 88 462 220 829 403 596 585 710 488 206 210 612 377 407 535 779 234 275 218 421 366 328 212 454 54 524 514 532 118 401 583 552 531 251 250 450 553 808 771 660 479 347 750 748 293 547 103 809 415 582 407 701 321 627 253 862 434 614 259 739 863 444 865 867 385 525 470 447 430 290 634 473 833 696 501 330 380 456 188 521 409 476 117 277 229 631
494 501 239 351 432 571 423 150 445 324 633 370 253 290 509 471 658 521 489 0 387 235 157 267 462 428 287 331 416 692 500 451 559 464 249 291 335 394 546 366 92 720 424 354 190 703 263 149 573 372 200 489 239 121 504 308 432 351 326 184 392 181 723 183 434 471 541 618 332 190 195 327 276 345 468 619 433 569 302 350 596 107 257 435 225 436 365 521 114 416 348 526 224 297 551 136 449 573 645 241 326 304 429 447 578 403 362 326 225 381 255 310 323 276 135 368 478 551 468 365 529 232 371 663 202 427 113 331 484 413 282 441 285 209 242 242 283 326 516 316 558 517 794 134 549 391 478 287 287 583 358 337 671 430 379 266 402 383 112 340 680 661 708 232 378 645 507 300 590 632 284 119 313 531 616 471 519 416 269 167
177 384 624 683 258 537 82 355 460 621 250 347 454 592 684 546 538 543 192 387 0 155 544 446 87 434 230 94 209 316 215 109 503 260 530 106 387 131 422 732 353 643 807 627 573 317 168 394 603 720 584 487 444 303 239 638 798 670 693 548 676 528 662 232 820 272 531 257 647 500 281 370 651 578 247 435 788 194 544 599 306 487 484 792 321 822 30 674 499 121 57 903 588 228 280 415 346 638 564 563 589 663 297 334 192 638 185 447 511 611 184 97 262 438 253 136 95 289 218 334 334 361 148 308 425 360 392 306 116 259 548 631 669 587 304 180 609 694 435 556 203 621 410 445 536 518 441 455 101 672 484 614 286 555 763 453 788 767 310 549 353 603 349 155 447 618 648 653 338 258 405 315 104 617 559 290 150 95 210 497
270 413 474 554 301 494 190 237 390 477 399 325 322 471 611 504 535 523 271 235 155 0 392 354 236 365 146 129 263 469 318 238 468 321 412 82 337 175 413 578 200 624 653 517 419 469 116 246 583 568 434 427 343 172 332 509 645 522 539 405 535 375 638 118 667 331 478 402 500 372 146 277 497 479 316 459 635 335 408 463 387 334 348 640 236 668 138 609 346 191 113 748 446 198 346 264 319 605 544 413 450 510 323 310 345 507 213 337 365 515 79 103 194 313 102 189 249 385 265 314 397 273 161 452 315 362 261 230 262 291 407 550 520 433 229 105 480 540 406 421 327 573 564 312 484 453 392 368 62 632 375 473 436 494 614 324 634 618 157 421 484 575 495 30 399 577 587 501 432 410 289 186 84 531 528 341 285 208 116 363
645 614 86 263 566 655 578 256 528 277 790 477 304 247 508 525 761 588 638 157 544 392 0 323 618 517 424 485 558 847 646 605 651 600 241 447 425 545 658 238 216 805 271 318 54 860 414 232 630 264 51 571 292 262 647 230 298 276 199 103 342 136 803 332 277 605 620 772 266 185 327 425 142 341 607 741 312 725 308 336 740 71 290 312 338 279 522 530 49 568 504 379 122 433 693 205 566 616 737 197 308 194 555 568 735 387 505 393 226 370 404 465 453 340 292 518 634 692 612 476 657 329 520 815 262 537 202 450 640 545 276 442 134 83 361 393 217 198 620 318 712 551 950 173 628 437 573 342 444 615 414 305 828 468 226 319 247 230 254 356 827 744 860 389 452 719 524 198 726 787 365 254 468 574 703 602 675 570 412 154
610 320 352 279 321 811 517 133 690 575 680 190 518 180 260 208 876 266 616 267 446 354 323 0 483 669 480 355 338 674 433 447 793 357 122 346 122 524 756 558 347 954 560 189 376 732 279 412 312 586 324 733 32 201 422 242 614 589 520 241 644 424 962 237 545 357 786 588 575 146 416 568 463 133 371 811 632 636 568 613 734 329 524 632 126 549 417 264 316 534 440 676 263 231 697 402 658 307 876 490 587 516 291 653 616 666 305 585 488 165 421 351 526 538 289 345 506 451 617 196 389 86 514 618 66 244 154 550 493 300 545 196 373 405 144 271 216 518 739 581 648 251 790 154 794 125 711 21 364 317 619 595 709 163 449 530 526 453 343 607 602 899 661 329 131 890 246 519 471 617 539 189 431 793 852 345 595 415 452 173
205 357 696 736 234 605 132 409 538 708 198 352 541 642 703 550 591 536 228 462 87 236 618 483 0 512 315 138 187 233 155 49 570 225 579 171 404 198 481 814 436 700 884 669 650 253 218 480 593 804 656 562 485 366 183 692 880 756 775 612 763 610 722 294 895 236 603 170 733 556 368 454 731 614 207 480 871 163 630 686 326 565 571 876 361 897 99 689 575 179 143 983 652 253 311 499 416 635 624 647 675 746 279 402 133 725 187 533 597 645 271 154 344 524 329 141 25 226 268 339 288 400 223 221 472 351 452 388 29 243 634 655 739 666 340 234 663 775 501 643 196 628 333 505 607 537 514 488 177 673 568 700 228 571 833 540 863 837 393 636 269 666 263 231 460 685 662 737 274 174 491 378 190 697 623 256 139 70 296 557
363 777 595 768 660 144 384 537 27 374 558 686 222 717 926 851 246 880 337 428 434 365 517 669 512 0 221 474 617 700 647 542 134 674 676 435 688 316 165 558 337 293 678 782 504 633 481 290 939 513 567 64 647 470 668 727 611 433 535 594 389 403 296 459 717 686 117 668 413 618 254 102 528 769 665 263 576 488 273 304 364 450 248 583 574 715 442 933 474 339 381 727 628 561 322 315 123 955 221 379 315 494 686 136 541 310 572 134 318 805 287 452 177 182 385 538 507 720 284 676 751 604 290 720 612 726 527 136 540 652 302 859 641 495 576 469 706 538 114 276 440 912 751 560 125 786 59 687 407 975 134 343 595 827 719 207 680 722 328 238 779 234 755 394 746 221 914 477 769 655 153 481 342 187 189 698 447 525 250 593
237 556 510 636 439 349 206 351 247 416 418 470 238 566 739 645 398 667 223 287 230 146 424 480 315 221 0 255 398 530 435 336 323 455 514 215 479 146 277 558 209 481 655 622 435 495 262 212 727 533 473 282 462 281 454 592 622 471 524 470 462 359 494 251 680 467 332 482 447 463 98 143 493 594 447 338 602 346 327 380 317 356 271 608 370 680 231 741 376 174 173 735 510 343 270 239 179 747 402 374 375 487 465 174 381 415 352 219 314 631 67 232 49 214 192 319 316 507 190 459 532 405 115 534 430 507 357 85 343 432 338 675 558 439 368 251 566 525 264 338 315 711 605 402 339 588 247 496 187 772 255 402 458 629 649 234 644 652 175 325 582 430 573 176 539 431 720 474 555 477 178 294 129 395 383 479 296 315 30 446
269 310 561 600 187 592 173 272 500 602 330 256 450 507 590 454 610 455 282 331 94 129 485 355 138 474 255 0 143 363 189 121 561 201 444 47 294 205 490 690 318 709 754 538 520 390 81 372 515 686 521 533 354 229 204 556 757 645 651 475 662 490 727 157 762 212 581 288 623 419 275 395 604 487 193 515 752 282 536 591 398 436 476 755 230 764 65 581 444 204 111 855 515 134 368 387 405 548 629 534 577 624 220 394 268 636 103 462 490 519 193 26 298 441 203 64 158 257 300 244 278 270 212 334 338 276 315 339 157 183 534 537 603 538 212 97 527 651 495 549 296 529 469 368 587 424 492 362 71 581 500 600 363 462 697 452 731 701 277 549 359 665 379 111 354 674 555 617 305 302 415 241 135 649 620 225 241 86 228 420
379 176 623 612 49 734 289 310 643 717 372 175 579 514 529 368 745 350 398 416 209 263 558 338 187 617 398 143 0 338 96 139 703 58 451 184 237 337 627 782 429 848 827 526 601 410 163 491 407 786 585 676 350 298 90 572 847 756 741 522 781 591 866 236 827 69 723 251 735 446 408 537 690 464 54 644 848 349 661 717 506 521 602 851 237 830 188 511 524 329 247 936 558 126 485 502 546 449 768 643 700 720 93 534 308 764 56 599 607 489 334 166 440 575 309 80 211 136 427 163 135 267 349 280 349 165 362 482 183 57 655 488 658 623 212 184 543 741 636 675 382 445 455 409 729 365 634 338 212 487 638 720 394 396 748 583 800 752 393 680 274 805 324 239 286 816 483 715 176 282 551 304 277 791 760 83 325 123 370 457
341 449 923 944 366 765 326 625 724 936 165 508 765 846 857 686 714 650 368 692 316 469 847 674 233 700 530 363 338 0 247 244 727 336 783 402 573 392 626 1046 668 827 1115 863 881 128 438 710 697 1036 884 740 684 591 266 902 1113 986 1007 834 988 843 854 518 1124 342 772 88 963 769 596 661 963 801 317 589 1103 220 854 909 406 796 796 1108 564 1126 331 835 805 366 369 1215 873 449 420 731 587 749 760 878 901 978 409 573 159 944 371 745 826 827 497 383 550 744 561 340 222 264 421 497 354 598 422 81 678 481 672 592 208 385 861 822 965 898 540 457 873 1008 660 866 275 762 118 723 775 698 688 675 410 792 778 926 146 725 1058 762 1093 1062 625 855 158 806 76 463 618 837 807 969 283 61 708 601 415 886 771 361 254 279 517 775
360 219 714 708 120 751 283 402 673 788 307 262 639 609 612 444 745 415 383 500 215 318 646 433 155 647 435 189 96 247 0 111 717 92 547 236 328 343 632 865 502 852 916 621 687 331 238 559 467 866 675 701 445 384 29 667 931 830 825 616 849 670 874 318 918 100 746 160 808 541 463 577 775 557 73 634 930 299 724 780 478 606 665 933 332 921 206 592 610 329 267 1023 651 219 466 573 561 515 775 718 766 802 164 548 246 825 142 648 677 582 378 215 472 629 383 134 174 74 421 251 138 362 363 185 444 238 454 516 137 139 722 575 751 708 307 260 639 825 649 738 342 521 364 502 751 452 656 432 258 556 685 788 322 480 841 641 890 845 463 738 182 816 229 298 372 832 564 796 123 195 602 392 307 828 772 121 288 122 411 551
252 308 680 708 186 642 172 384 568 714 238 307 554 612 660 505 634 489 274 451 109 238 605 447 49 542 336 121 139 244 111 0 608 176 548 163 363 234 522 810 435 742 874 635 640 285 195 484 545 804 641 595 452 348 137 665 876 760 770 592 771 608 763 275 882 187 638 168 737 530 378 477 724 578 159 525 870 210 642 697 374 556 582 874 329 884 107 645 564 218 164 975 631 217 358 502 452 587 665 649 685 743 231 439 173 739 146 553 602 607 285 143 370 540 322 103 73 184 311 295 241 366 255 215 442 303 430 413 46 195 643 615 722 658 307 214 635 771 539 655 244 582 353 482 643 494 548 451 176 626 589 709 264 527 815 554 851 819 393 650 249 705 259 227 417 723 618 735 233 183 509 358 208 725 662 208 188 36 314 533
388 871 728 901 748 39 438 661 125 490 571 793 353 849 1051 967 120 990 361 559 503 468 651 793 570 134 323 561 703 727 717 608 0 758 806 528 801 375 105 679 468 162 802 913 637 640 582 424 1050 630 700 86 772 592 742 861 727 547 659 728 493 534 171 573 843 770 64 711 529 749 378 233 656 897 747 185 689 508 393 414 343 583 376 697 691 841 518 1056 607 391 457 843 762 664 313 449 158 1070 87 506 430 618 779 170 570 407 663 263 447 934 390 542 275 314 505 623 560 791 310 781 834 723 356 761 737 827 655 245 596 744 425 985 774 627 690 573 838 662 69 393 453 1031 758 691 61 907 82 810 500 1093 254 456 604 948 850 337 807 852 456 352 828 107 790 498 861 115 1037 600 840 690 287 604 427 208 61 785 477 598 353 725
425 133 662 635 37 790 338 348 700 771 395 176 635 536 522 353 797 324 445 464 260 321 600 357 225 674 455 201 58 336 92 176 758 0 475 242 245 390 681 828 483 901 868 541 645 423 218 546 377 835 625 733 373 344 70 597 893 808 788 558 835 642 920 287 866 13 780 249 787 476 465 594 735 475 20 693 896 381 717 772 549 568 658 899 270 869 242 501 569 380 302 979 591 169 531 555 601 424 822 695 755 768 74 589 333 820 111 657 660 498 392 224 498 632 363 137 247 95 477 166 78 294 403 269 377 147 402 539 214 59 710 488 695 669 245 238 569 788 691 730 419 429 453 445 786 364 691 353 269 465 695 774 412 390 783 640 840 787 448 736 245 860 309 296 284 872 473 764 127 285 609 349 334 849 815 32 363 169 428 490
680 442 248 162 439 819 592 178 694 513 773 312 495 64 271 295 901 364 682 249 530 412 241 122 579 676 514 444 451 783 547 548 806 475 0 425 244 587 785 463 340 967 449 108 293 831 364 395 399 499 227 737 103 241 537 122 514 517 428 143 580 364 972 302 429 476 790 698 506 62 433 575 372 103 488 852 538 723 526 564 798 271 493 537 220 434 502 291 251 601 513 566 152 335 757 377 687 379 892 430 536 431 411 684 710 617 413 573 443 136 465 434 556 522 325 446 601 570 675 317 510 186 571 731 107 366 157 571 592 417 499 204 260 322 243 351 95 426 760 538 728 312 897 116 798 206 724 133 437 375 603 539 805 232 330 509 413 334 352 571 720 909 775 393 244 894 284 437 592 724 533 227 494 775 864 465 678 514 490 93
265 344 525 577 225 557 171 249 461 556 354 273 403 487 591 465 583 474 274 291 106 82 447 346 171 435 215 47 184 402 236 163 528 242 425 0 301 188 462 648 273 679 714 524 480 418 69 325 534 642 485 495 341 198 250 533 714 600 608 444 615 446 695 127 724 253 544 330 577 395 228 353 562 476 236 495 708 299 489 545 392 395 429 712 220 726 79 585 404 193 96 814 485 145 358 341 373 563 599 489 531 581 252 363 294 589 137 417 444 510 151 22 259 395 160 108 188 303 284 261 319 260 188 377 321 301 287 300 194 218 487 535 568 497 206 76 503 609 463 502 305 538 504 340 550 427 456 356 29 594 455 553 389 466 662 406 693 667 232 503 405 633 422 65 363 640 560 573 350 341 369 211 105 607 587 264 254 130 187 392
561 199 466 398 211 824 466 186 711 657 600 71 570 300 299 167 872 194 573 335 387 337 425 122 404 688 479 294 237 573 328 363 801 245 244 301 0 488 750 663 396 959 675 298 477 644 233 465 252 685 435 751 146 232 312 363 722 679 624 355 725 509 971 229 663 242 804 486 662 263 437 590 567 231 261 792 736 565 633 683 690 418 582 737 118 667 358 288 409 492 396 791 381 160 658 462 655 269 879 573 659 614 174 647 535 736 218 623 558 254 413 298 527 582 305 265 429 336 584 79 269 103 486 511 166 123 232 558 409 190 615 253 490 505 112 235 338 623 742 647 586 238 691 253 811 133 722 113 325 296 661 671 626 169 569 580 643 573 379 666 488 908 553 308 63 906 262 615 353 519 575 226 400 832 861 228 530 335 449 285
100 511 630 727 385 409 69 411 342 562 272 459 384 645 776 652 409 659 97 394 131 175 545 524 198 316 146 205 337 392 343 234 375 390 587 188 488 0 292 700 333 512 791 691 563 349 255 352 719 677 592 365 514 346 368 682 765 616 664 573 608 497 532 289 812 402 406 353 593 546 233 270 630 651 377 310 746 200 473 525 212 480 416 752 401 813 149 770 497 28 95 875 614 331 174 378 219 749 434 518 520 629 422 205 238 557 306 355 459 686 142 193 159 358 270 261 192 417 97 446 464 440 32 405 489 480 435 200 225 384 484 717 678 572 390 257 654 665 306 483 171 725 461 486 410 613 316 536 164 781 387 547 312 653 771 379 777 775 293 468 464 473 442 196 550 489 746 616 466 342 320 360 93 502 430 418 150 225 143 535
290 799 740 895 674 144 350 627 173 539 468 733 378 833 1016 917 122 933 263 546 422 413 658 756 481 165 277 490 627 626 632 522 105 681 785 462 750 292 0 721 457 221 839 893 652 536 522 426 993 677 708 155 739 557 658 853 775 598 696 723 553 555 242 526 875 693 162 614 577 731 353 235 685 869 668 98 741 407 437 469 238 588 407 748 645 874 440 1017 611 304 381 892 760 604 209 454 99 1018 143 538 480 655 709 104 470 472 592 295 476 906 338 473 231 338 468 549 469 706 215 721 755 681 279 663 706 762 630 215 506 672 465 951 787 647 641 516 828 699 55 441 352 985 654 671 162 864 112 772 434 1045 299 508 500 905 870 364 839 873 436 403 732 185 690 443 811 212 996 638 754 591 302 570 358 302 146 709 379 516 305 711
795 850 218 419 795 669 747 490 558 191 965 714 347 449 713 756 798 821 781 366 732 578 238 558 814 558 558 690 782 1046 865 810 679 828 463 648 663 700 721 0 379 809 128 515 187 1039 628 348 861 62 236 594 527 485 869 407 67 140 41 322 215 205 798 548 177 834 630 977 153 415 468 496 96 555 833 816 75 895 286 271 865 261 316 75 572 173 715 741 261 725 684 177 315 660 816 323 648 841 758 188 251 71 787 654 917 299 728 426 251 578 564 668 569 386 489 733 826 917 743 713 889 565 670 1024 499 773 437 547 839 775 256 653 226 161 594 606 408 41 672 286 870 773 1140 410 638 667 616 576 637 835 427 227 1004 694 236 360 145 236 422 329 1045 750 1068 584 688 712 739 85 954 987 426 480 640 534 718 832 844 776 557 386
432 541 302 439 454 480 373 218 354 289 590 419 175 382 596 545 568 588 423 92 353 200 216 347 436 337 209 318 429 668 502 435 468 483 340 273 396 333 457 379 0 628 460 446 231 663 267 70 643 369 265 398 321 165 511 397 445 329 341 268 353 175 632 198 479 491 450 601 307 281 112 236 300 434 483 533 436 522 242 295 524 149 188 440 279 480 337 606 168 357 306 551 306 322 477 73 361 648 554 217 275 310 460 360 540 346 374 239 178 471 192 294 240 192 120 368 448 562 396 412 553 298 307 649 284 472 196 243 462 438 230 528 350 240 292 246 373 341 426 256 503 597 762 224 459 470 386 366 260 662 273 293 629 509 441 186 445 445 44 272 677 570 693 209 446 554 590 301 605 609 195 170 264 447 525 495 470 402 196 258
503 1019 879 1059 895 151 570 822 278 619 664 948 503 1009 1213 1126 114 1147 477 720 643 624 805 954 700 293 481 709 848 827 852 742 162 901 967 679 959 512 221 809 628 0 936 1074 787 725 737 582 1206 756 853 234 933 753 878 1019 852 673 794 885 609 683 32 732 979 913 186 825 657 909 539 393 797 1058 888 239 809 611 529 539 423 739 522 817 850 977 660 1217 763 525 601 964 918 819 409 605 307 1228 81 648 560 753 928 317 677 520 811 413 593 1095 547 691 433 466 666 769 687 925 433 936 976 883 499 872 899 980 816 405 724 892 562 1146 924 774 849 729 997 797 218 526 555 1191 840 851 178 1067 244 971 651 1252 396 583 692 1108 996 487 944 998 618 483 945 61 896 654 1020 101 1198 735 974 799 443 765 576 287 104 930 590 737 511 885
889 871 210 362 833 794 832 521 680 317 1048 734 461 418 670 742 921 812 877 424 807 653 271 560 884 678 655 754 827 1115 916 874 802 868 449 714 675 791 839 128 460 936 0 475 234 1120 683 444 844 187 245 717 532 533 917 364 113 267 144 321 341 297 925 602 53 873 755 1041 280 414 560 610 162 527 876 932 161 981 410 398 968 320 432 154 602 48 787 702 310 816 763 117 299 702 920 416 761 817 883 301 376 185 819 766 997 427 775 545 364 543 651 733 672 501 556 788 899 961 843 735 922 586 762 1085 510 793 467 655 907 812 378 617 189 221 625 663 374 141 791 411 961 747 1216 428 763 654 736 576 708 804 549 354 1087 675 147 475 39 145 502 454 1097 876 1130 654 689 838 705 203 994 1055 539 524 723 661 843 868 929 839 650 391
783 484 298 122 506 925 693 281 799 594 866 368 595 72 199 287 1009 361 786 354 627 517 318 189 669 782 622 538 526 863 621 635 913 541 108 524 298 691 893 515 446 1074 475 0 365 920 459 498 381 559 291 843 185 347 608 112 557 590 485 216 659 450 1077 404 444 540 895 776 582 165 541 681 432 71 556 959 588 819 619 652 903 362 590 586 309 450 598 228 340 705 614 588 205 419 862 479 795 346 999 514 624 495 472 792 802 704 494 676 535 71 572 531 664 623 432 533 692 633 780 376 564 270 677 805 204 415 265 679 680 485 590 143 293 393 330 449 107 482 868 630 828 276 979 223 903 210 831 189 538 330 705 623 897 216 337 609 437 340 459 665 785 1015 848 496 275 998 231 505 649 806 637 333 598 874 970 526 776 603 597 191
662 664 94 298 611 637 601 304 513 231 816 528 285 294 558 578 750 641 653 190 573 419 54 376 650 504 435 520 601 881 687 640 637 645 293 480 477 563 652 187 231 787 234 365 0 887 452 230 683 211 78 555 345 304 689 270 249 226 147 152 294 105 783 371 249 651 601 808 217 238 337 418 92 392 651 739 260 749 275 296 751 86 266 261 386 251 553 581 78 587 530 337 163 477 703 202 564 669 722 157 268 141 602 567 763 346 547 375 197 420 422 499 458 323 322 557 665 735 624 526 704 379 537 852 315 587 251 450 673 591 242 493 138 30 408 431 261 146 611 283 733 603 982 225 609 490 561 395 474 667 392 263 854 520 219 301 216 222 272 324 868 726 898 420 505 698 575 146 772 821 353 297 491 544 686 648 698 606 425 207
272 547 941 988 447 679 293 661 656 910 78 584 732 894 938 773 612 745 296 703 317 469 860 732 253 633 495 390 410 128 331 285 640 423 831 418 644 349 536 1039 663 725 1120 920 887 0 470 694 797 1022 901 665 736 616 356 945 1105 964 1002 862 956 835 754 544 1135 431 691 187 940 808 575 611 963 862 403 487 1090 150 821 872 304 802 765 1095 612 1137 340 919 815 322 358 1213 902 501 327 717 513 845 663 862 868 969 493 500 125 903 429 698 805 891 477 404 503 706 569 387 232 368 349 572 456 650 380 204 724 567 703 542 240 463 832 896 985 900 591 486 915 1003 577 831 194 851 120 756 692 774 612 735 417 887 728 896 39 805 1079 727 1103 1083 620 814 284 710 203 471 695 745 892 958 396 146 666 628 399 815 678 452 200 317 488 808
334 298 487 520 193 609 239 192 506 555 410 212 419 427 523 399 644 411 343 263 168 116 414 279 218 481 262 81 163 438 238 195 582 218 364 69 233 255 522 628 267 737 683 459 452 470 0 328 471 628 447 543 276 153 245 476 694 595 588 397 619 433 751 82 689 227 593 359 573 339 251 391 538 410 217 560 692 360 499 555 461 369 441 695 153 692 140 516 375 261 165 788 436 83 427 339 430 498 657 482 538 564 209 421 348 602 108 446 444 443 195 73 309 417 147 106 239 295 352 200 292 193 253 402 258 246 236 346 235 180 493 466 527 472 138 22 446 588 519 513 370 471 547 288 600 359 507 288 92 527 484 558 443 398 620 424 660 624 231 520 417 689 447 87 295 692 492 558 338 378 397 164 168 645 642 234 318 160 232 340
448 608 315 478 518 432 401 286 305 231 618 488 107 430 657 613 531 657 435 149 394 246 232 412 480 290 212 372 491 710 559 484 424 546 395 325 465 352 426 348 70 582 444 498 230 694 328 0 711 329 282 348 385 235 570 438 413 277 313 304 291 147 583 265 470 554 399 647 254 334 120 195 282 493 545 511 397 548 174 228 526 162 119 402 349 470 382 669 186 378 342 524 339 389 477 29 336 715 511 169 210 278 527 338 574 278 436 179 119 528 218 346 230 128 183 425 489 621 400 481 618 366 322 697 348 540 259 220 506 503 165 589 363 230 361 308 416 314 389 188 523 663 798 281 408 536 344 432 308 728 210 230 658 575 448 119 434 451 98 202 730 522 740 261 515 502 654 265 666 652 140 240 297 383 479 559 497 453 209 307
779 250 647 502 360 1074 684 426 962 887 772 261 817 427 230 106 1115 61 794 573 603 583 630 312 593 939 727 515 407 697 467 545 1050 377 399 534 252 719 993 861 643 1206 844 381 683 797 471 711 0 893 625 1002 343 480 441 486 913 901 825 540 955 735 1220 480 819 368 1054 615 886 447 688 841 768 319 397 1028 936 754 874 921 907 640 827 935 368 824 576 194 627 718 624 960 550 390 881 705 901 58 1126 802 897 823 315 892 710 975 418 874 796 311 661 526 775 831 557 468 617 434 814 273 344 346 721 620 377 244 462 808 588 351 854 248 656 713 363 478 471 823 988 888 788 114 811 465 1062 195 972 292 561 103 911 906 788 170 714 828 807 717 629 911 567 1156 652 553 197 1156 173 828 420 655 826 473 638 1083 1110 347 730 528 697 477
770 867 261 470 803 617 729 506 511 140 946 732 310 491 757 788 749 851 754 372 720 568 264 586 804 513 533 686 786 1036 866 804 630 835 499 642 685 677 677 62 369 756 187 559 211 1022 628 329 893 0 273 545 555 492 872 454 99 84 76 357 155 197 743 551 237 842 578 970 101 447 447 459 128 595 839 773 69 875 240 218 832 271 277 75 588 233 705 782 276 704 670 215 356 668 784 306 609 877 707 160 200 71 799 616 902 241 731 383 220 620 546 662 539 347 485 732 815 921 714 729 900 585 647 1018 524 790 455 514 830 784 213 694 277 182 608 607 452 79 627 238 847 810 1126 434 586 699 570 604 629 873 380 174 986 729 296 321 207 296 412 279 1044 697 1062 578 714 657 779 72 961 977 388 489 625 477 666 842 824 771 535 416
691 628 40 221 589 703 622 277 577 308 832 491 352 221 486 520 810 585 685 200 584 434 51 324 656 567 473 521 585 884 675 641 700 625 227 485 435 592 708 236 265 853 245 291 78 901 447 282 625 273 0 620 294 294 674 193 291 299 201 86 370 178 851 366 243 629 668 806 292 180 376 475 145 323 633 791 311 769 350 373 789 121 336 311 357 246 562 511 99 614 547 358 87 459 742 255 616 606 786 234 345 206 575 618 776 423 534 441 270 348 451 502 503 388 333 550 673 717 660 492 678 343 567 848 269 550 223 500 677 568 317 422 87 104 381 427 185 199 670 359 757 539 989 184 676 431 623 342 484 601 461 340 869 458 180 367 216 184 301 399 856 793 893 430 455 767 507 215 750 823 414 285 512 618 752 624 718 606 460 152
399 837 647 825 719 84 432 600 44 405 592 749 270 777 989 915 205 943 373 489 487 427 571 733 562 64 282 533 676 740 701 595 86 733 737 495 751 365 155 594 398 234 717 843 555 665 543 348 1002 545 620 0 710 534 724 785 642 462 574 652 410 452 235 523 758 744 54 714 444 678 318 165 571 831 723 250 605 524 308 329 381 505 292 612 638 756 497 996 529 386 436 758 685 624 344 372 153 1018 168 421 345 533 746 168 581 325 632 180 364 867 348 511 236 233 449 596 555 775 319 739 809 668 340 765 675 788 590 197 589 712 340 922 692 544 640 531 764 577 101 308 473 976 784 622 61 850 53 751 467 1039 169 372 627 891 766 255 722 769 391 267 827 174 798 457 810 158 978 515 824 698 209 544 399 152 132 757 487 580 311 653
603 344 323 263 337 789 511 112 667 545 682 212 491 164 280 238 858 297 608 239 444 343 292 32 485 647 462 354 350 684 445 452 772 373 103 341 146 514 739 527 321 933 532 185 345 736 276 385 343 555 294 710 0 182 436 224 584 558 489 212 613 393 941 226 517 373 763 598 544 118 395 545 432 137 386 797 602 635 538 583 726 298 496 602 125 522 415 287 285 526 433 648 235 236 687 374 640 336 856 460 557 485 309 635 618 637 313 559 458 172 406 348 508 511 271 350 508 468 607 216 409 87 503 630 37 268 126 530 497 315 516 214 345 374 146 266 197 488 720 552 645 279 799 123 771 154 690 51 357 345 593 565 712 191 423 503 498 427 319 578 617 877 674 319 161 867 270 488 490 625 514 169 422 767 831 363 593 419 435 143
441 383 334 384 312 611 356 70 492 439 552 256 340 300 460 386 677 424 442 121 303 172 262 201 366 470 281 229 298 591 384 348 592 344 241 198 232 346 557 485 165 753 533 347 304 616 153 235 480 492 294 534 182 0 386 339 550 470 445 247 507 301 762 73 537 351 587 512 451 201 216 369 393 315 349 616 553 494 405 456 558 225 352 555 115 539 277 464 227 362 277 640 287 176 516 234 459 489 675 359 435 425 309 454 492 508 244 394 335 351 226 213 327 352 89 256 385 433 434 250 408 136 331 554 150 311 91 349 386 292 390 395 375 326 128 134 310 444 539 419 493 443 698 144 594 317 511 218 204 507 431 450 587 358 468 349 508 472 149 436 565 698 600 155 284 691 445 421 470 530 347 15 255 604 652 350 447 312 254 195
388 192 712 698 102 775 309 400 694 798 334 244 653 599 592 421 771 390 410 504 239 332 647 422 183 668 454 204 90 266 29 137 742 70 537 250 312 368 658 869 511 878 917 608 689 356 245 570 441 872 674 724 436 386 0 659 935 839 829 612 861 677 899 322 917 76 769 180 817 535 478 596 778 543 52 661 935 328 737 793 506 609 678 938 326 920 227 570 612 354 288 1025 647 216 493 582 585 490 800 726 778 807 143 572 274 838 143 665 687 566 396 229 493 644 391 145 202 54 448 235 109 354 386 199 437 216 452 536 165 123 733 557 748 711 301 266 630 829 673 751 371 498 383 498 774 434 679 419 274 532 703 799 348 460 838 655 890 842 473 752 184 840 241 311 353 856 542 801 102 217 618 393 327 848 797 97 317 144 429 546
