120
0 960 940 694 787 580 731 941 734 765 860 900 1096 413 842 189 487 874 622 712 568 506 871 779 878 117 701 950 335 890 101 684 555 696 990 752 831 750 953 962 626 863 607 999 791 583 616 857 284 119 469 653 284 904 97 517 538 831 813 316 535 791 681 552 805 1094 900 934 1098 702 811 668 816 546 657 654 425 801 383 991 631 630 631 801 325 705 697 191 721 926 1024 975 640 1068 1010 737 768 958 1075 800 484 431 717 748 1001 538 1075 596 612 612 907 297 835 640 938 524 951 541 1106 892
960 0 941 1228 543 806 315 424 1040 1122 1221 62 636 768 883 853 706 1195 346 1001 757 793 487 627 167 970 266 53 637 510 920 1179 596 1144 932 433 529 857 607 592 449 570 372 461 614 1093 354 402 911 879 863 311 839 418 984 448 696 1190 293 650 479 195 288 528 832 805 1021 622 938 1025 1052 1083 700 602 1108 306 604 171 743 944 557 347 404 1066 641 775 300 806 453 40 394 491 499 639 924 1086 1201 735 889 643 1116 605 245 1056 322 883 545 535 849 1088 765 789 817 367 886 630 13 438 635 490
940 941 0 547 402 362 662 545 300 355 394 901 453 536 100 754 484 349 765 290 384 437 459 322 775 843 792 980 891 441 998 495 493 443 64 521 412 190 368 388 581 374 726 542 332 499 758 541 665 826 474 864 657 536 870 765 439 377 652 871 648 785 888 562 148 290 121 343 189 319 236 406 245 496 441 829 634 818 576 58 463 906 634 259 869 252 718 965 512 940 625 497 514 423 93 341 445 237 195 302 620 625 821 300 677 408 521 511 329 465 182 653 138 678 62 495 928 717 464 461
694 1228 547 0 746 425 914 947 254 195 218 1172 953 489 500 574 529 257 926 278 473 438 845 672 1076 578 991 1249 851 843 788 57 634 107 610 818 785 449 826 845 781 776 888 974 691 143 917 898 446 625 377 1016 501 921 598 862 533 207 954 824 775 1036 1048 707 514 827 436 797 732 246 312 160 636 628 127 992 673 1065 530 602 675 1032 829 289 828 499 935 823 790 1211 1044 930 732 919 639 207 120 732 742 673 211 668 1022 249 1070 346 994 693 388 141 659 539 552 871 591 602 1216 838 965 859
787 543 402 746 0 335 264 203 522 605 695 501 311 407 340 608 321 663 390 486 299 365 103 85 377 729 400 580 607 112 807 691 232 648 402 121 47 324 172 177 219 80 355 242 72 629 384 157 586 670 443 483 536 175 754 422 278 666 251 595 316 384 503 252 290 357 479 159 441 514 520 589 158 241 620 446 374 417 417 413 156 531 263 536 590 252 326 733 121 540 301 204 166 283 400 572 692 236 397 101 697 365 428 536 325 426 296 198 361 613 237 502 275 300 351 265 530 370 320 122
580 806 362 425 335 0 491 537 252 328 435 752 598 176 263 394 145 420 525 214 51 76 437 276 651 488 581 829 555 441 637 374 219 338 410 394 379 172 454 470 362 383 485 574 294 298 516 479 314 465 128 622 297 507 515 484 121 402 529 532 378 616 652 298 226 539 343 427 521 229 296 278 273 216 303 593 312 646 219 412 251 649 414 300 532 134 519 609 365 791 636 533 308 564 431 290 398 409 502 286 364 303 612 269 653 92 614 274 51 286 345 292 259 458 359 196 794 447 609 454
731 315 662 914 264 491 0 263 728 810 911 261 484 464 591 589 395 886 158 689 442 480 257 340 168 713 140 340 458 285 718 864 283 829 666 144 271 553 390 384 137 320 143 325 332 779 156 186 623 630 552 232 554 232 732 240 382 879 85 458 199 129 246 222 537 597 727 393 701 712 745 769 418 290 793 196 323 161 446 676 242 285 105 758 450 468 69 618 151 301 316 325 184 470 664 773 887 493 655 361 809 321 166 744 277 569 419 221 535 773 501 506 529 93 613 319 303 197 489 272
941 424 545 947 203 537 263 0 716 798 882 400 230 593 508 774 508 847 420 682 500 563 102 276 272 899 390 470 707 109 945 892 403 847 524 189 162 513 187 170 319 180 401 63 258 832 418 86 771 829 641 487 714 37 922 494 471 854 191 703 419 328 495 390 467 382 643 207 517 711 704 788 327 413 820 453 517 356 595 537 327 542 331 722 695 449 329 856 222 434 99 71 304 224 512 767 888 320 468 279 898 510 408 729 133 628 157 350 563 814 364 674 441 346 485 441 412 445 232 90
734 1040 300 254 522 252 728 716 0 84 185 988 703 393 247 567 391 169 775 39 301 303 615 442 879 623 828 1067 787 609 811 199 468 148 363 612 556 205 580 600 606 540 734 737 459 205 766 678 451 634 287 872 472 694 649 734 372 152 752 762 628 855 902 547 264 574 201 551 488 32 82 107 395 466 142 843 558 886 440 356 487 900 659 68 763 272 763 810 588 1028 811 692 546 669 392 51 172 481 493 438 333 550 859 18 845 220 748 518 201 170 408 489 301 704 339 447 1027 699 715 627
765 1122 355 195 605 328 810 798 84 0 110 1070 777 455 317 609 463 110 853 121 379 372 697 525 962 651 907 1149 847 691 848 146 546 99 417 695 639 286 659 678 686 621 812 818 542 197 844 761 486 673 343 949 518 776 675 807 448 76 835 821 704 937 979 625 341 639 242 629 539 99 119 98 475 543 119 920 627 968 502 408 568 975 739 96 822 355 843 857 671 1110 893 772 627 744 446 38 94 554 550 520 325 619 939 70 927 282 826 598 279 161 481 542 376 784 402 523 1110 774 789 709
860 1221 394 218 695 435 911 882 185 110 0 1171 838 564 382 711 572 48 959 224 485 481 783 612 1059 745 1012 1250 955 774 946 193 652 166 451 791 725 371 730 751 790 703 918 896 629 279 950 851 586 773 451 1056 622 862 768 916 556 34 932 929 812 1038 1086 731 417 683 273 702 564 206 178 196 555 650 203 1027 736 1070 610 440 670 1083 844 160 931 448 947 961 769 1210 974 850 730 806 480 147 103 615 583 605 398 728 1043 168 1013 391 895 702 385 248 546 648 447 889 449 630 1208 882 850 792
900 62 901 1172 501 752 261 400 988 1070 1171 0 621 709 839 792 648 1145 285 950 702 736 454 584 131 909 205 80 579 478 861 1123 539 1089 896 387 491 809 579 565 392 535 311 444 572 1036 293 367 850 818 805 253 778 390 923 387 640 1139 250 591 418 137 232 470 787 781 978 592 909 973 1004 1029 659 545 1053 247 544 111 683 907 503 293 346 1017 582 726 241 748 404 40 385 470 445 621 889 1034 1147 703 860 601 1057 544 184 1005 314 827 533 480 796 1032 729 728 775 308 848 573 52 377 621 459
1096 636 453 953 311 598 484 230 703 777 838 621 0 707 460 916 623 796 639 676 577 647 241 330 496 1036 617 686 903 215 1116 897 542 847 409 375 268 506 147 136 506 235 615 178 314 863 636 299 884 979 721 713 839 254 1061 701 575 817 418 895 609 557 723 557 440 198 571 171 353 708 665 795 329 551 831 678 682 585 723 423 466 768 534 687 889 475 552 1039 399 652 245 161 469 35 387 752 870 224 307 315 955 674 636 711 316 686 95 506 605 837 296 809 402 558 393 574 626 649 13 221
413 768 536 489 407 176 464 593 393 455 564 709 707 0 436 225 87 559 444 360 156 101 505 379 632 333 515 781 394 518 463 449 194 430 582 416 454 347 561 573 329 476 407 643 394 347 435 519 179 295 116 529 135 558 359 373 133 531 526 369 294 574 561 243 395 685 516 539 687 364 454 377 407 185 388 507 185 598 48 584 267 544 366 453 370 294 469 434 382 745 688 610 303 676 601 419 502 549 663 398 349 179 544 411 687 174 703 255 218 354 495 118 424 401 528 155 756 353 718 525
842 883 100 500 340 263 591 508 247 317 382 839 460 436 0 656 385 343 682 226 285 338 414 256 717 747 715 918 794 400 899 445 400 394 150 454 360 92 349 369 498 330 642 517 269 430 674 490 570 727 378 782 559 493 774 675 340 359 590 773 558 717 807 472 55 330 139 321 268 257 206 347 185 402 383 747 538 750 476 150 377 822 553 228 771 155 642 866 440 878 597 471 431 427 173 295 411 237 260 241 544 528 745 253 641 315 514 424 233 399 165 554 68 598 104 399 870 628 472 420
189 853 754 574 608 394 589 774 567 609 711 792 916 225 656 0 300 719 507 541 380 319 697 594 747 126 587 852 299 715 247 552 377 553 803 587 653 565 772 781 469 682 483 830 607 445 500 692 128 72 289 563 99 738 148 407 351 680 666 272 391 669 594 388 618 907 722 751 911 536 640 516 629 368 512 554 267 685 197 805 455 555 485 633 278 518 567 252 554 822 862 803 471 887 823 578 628 771 887 615 375 271 610 583 847 360 900 425 428 468 719 110 647 504 751 343 843 416 926 718
487 706 484 529 321 145 395 508 391 463 572 648 623 87 385 300 0 560 398 354 103 94 419 296 562 415 462 723 414 432 528 484 115 457 524 334 368 300 477 488 259 390 359 557 310 390 389 435 265 368 157 491 217 474 441 345 51 539 451 392 247 512 522 179 338 608 482 455 622 366 440 399 330 107 417 465 168 539 104 528 183 513 303 443 391 233 409 483 300 685 604 524 224 592 540 426 523 472 595 316 415 160 493 409 605 188 617 178 195 390 422 191 362 343 468 77 694 314 633 439
874 1195 349 257 663 420 886 847 169 110 48 1145 796 559 343 719 560 0 941 207 469 472 748 580 1031 760 992 1224 953 738 958 224 635 190 405 763 692 340 691 711 769 668 900 859 596 300 932 819 596 783 449 1039 627 828 784 903 540 51 904 927 796 1014 1069 714 381 637 228 663 517 196 144 206 520 633 221 1009 726 1046 606 394 647 1068 823 129 928 420 925 967 742 1185 937 812 707 764 434 143 138 573 537 571 424 719 1023 152 978 386 855 682 369 266 505 650 409 868 405 615 1182 866 807 757
622 346 765 926 390 525 158 420 775 853 959 285 639 444 682 507 398 941 0 737 475 492 406 452 261 624 81 347 318 434 593 882 307 854 779 278 408 627 537 532 185 457 42 482 448 786 10 342 571 534 550 100 498 389 639 106 405 926 238 324 152 170 128 228 628 740 812 536 830 754 808 796 529 310 814 68 267 180 412 788 307 143 132 816 315 541 94 485 269 316 469 481 252 624 782 815 919 625 786 476 790 269 104 793 423 585 577 264 575 787 621 447 628 90 723 331 336 94 644 423
712 1001 290 278 486 214 689 682 39 121 224 950 676 360 226 541 354 207 737 0 263 267 580 407 841 603 789 1029 753 575 787 222 430 172 353 574 521 173 550 569 567 506 696 704 425 210 728 642 428 609 257 834 444 659 629 696 334 191 715 728 590 817 864 509 237 555 204 521 478 33 99 122 363 427 158 804 521 848 407 347 448 862 621 94 729 235 724 781 550 989 777 659 507 642 381 86 207 456 479 404 332 513 820 56 809 188 718 479 163 176 382 460 275 666 323 409 989 660 688 593
568 757 384 473 299 51 442 500 301 379 485 702 577 156 285 380 103 469 475 263 0 71 402 249 603 483 530 779 517 409 618 423 169 388 428 349 345 198 431 446 312 354 434 540 266 343 466 438 315 450 145 571 286 469 510 435 72 452 482 495 328 566 602 247 241 535 379 406 532 280 342 328 260 165 352 542 268 596 193 431 203 600 363 347 494 139 469 581 319 741 598 502 259 544 446 341 448 401 508 263 399 259 562 319 612 132 586 223 101 333 343 273 269 407 374 146 744 398 588 420
506 793 437 438 365 76 480 563 303 372 481 736 647 101 338 319 94 472 492 267 71 0 467 319 645 417 554 812 489 475 562 391 198 363 485 402 411 247 501 515 345 423 452 606 335 300 482 497 246 390 79 584 223 530 444 437 100 447 528 465 340 600 616 269 300 604 415 476 594 276 358 306 331 192 323 558 256 628 146 487 251 607 392 358 465 202 498 535 370 774 660 568 301 615 505 335 430 471 573 333 339 248 585 321 670 94 654 259 118 297 411 217 331 434 432 165 781 407 659 486
871 487 459 845 103 437 257 102 615 697 783 454 241 505 414 697 419 748 406 580 402 467 0 174 324 821 396 530 663 29 883 790 321 745 445 135 60 413 134 127 266 85 379 140 156 730 402 87 683 756 545 488 630 81 844 461 378 755 212 655 369 356 502 323 369 342 550 141 457 610 605 687 230 330 718 452 449 388 511 458 243 541 295 623 649 347 326 802 159 491 200 106 233 221 437 665 786 250 409 179 800 442 420 628 231 529 204 275 462 713 280 593 346 321 401 357 475 410 248 22
779 627 322 672 85 276 340 276 442 525 612 584 330 379 256 594 296 580 452 407 249 319 174 0 461 711 471 663 634 171 809 617 234 572 329 199 115 241 184 197 270 108 414 303 19 561 445 240 555 660 394 548 513 252 736 469 247 584 335 619 355 464 570 278 206 326 395 160 384 436 436 514 79 242 546 512 386 497 398 339 171 594 321 453 615 174 397 746 191 623 372 261 207 298 330 492 613 192 344 26 639 377 501 455 403 367 339 222 293 542 171 485 191 363 275 258 614 417 341 187
878 167 775 1076 377 651 168 272 879 962 1059 131 496 632 717 747 562 1031 261 841 603 645 324 461 0 870 191 206 578 348 853 1025 449 988 767 269 363 693 448 435 304 406 271 319 448 943 265 238 788 784 718 278 719 260 887 365 546 1028 128 584 358 96 271 389 666 652 855 462 778 865 888 927 534 456 953 254 485 107 613 779 401 330 269 902 576 612 182 746 291 167 268 342 345 493 760 926 1042 573 730 477 976 484 190 894 201 732 410 386 692 936 600 670 651 244 720 485 154 337 497 329
117 970 843 578 729 488 713 899 623 651 745 909 1036 333 747 126 415 760 624 603 483 417 821 711 870 0 705 966 379 837 212 568 500 580 896 712 775 655 890 901 595 802 603 954 724 467 617 817 179 94 370 672 199 863 27 522 465 717 791 355 515 789 703 513 714 1017 796 869 1009 592 702 554 740 491 542 667 392 803 314 896 578 659 609 691 362 619 689 273 679 938 987 926 596 1006 918 625 652 882 989 730 368 396 725 637 973 437 1023 550 515 497 826 228 747 627 846 465 960 536 1046 842
701 266 792 991 400 581 140 390 828 907 1012 205 617 515 715 587 462 992 81 789 530 554 396 471 191 705 0 269 390 424 669 945 362 915 799 281 409 668 529 522 224 459 109 450 465 852 88 320 648 615 617 98 576 363 719 185 463 980 200 398 221 96 107 286 660 737 849 533 839 809 854 856 550 366 876 67 342 100 485 809 347 154 169 865 389 582 75 559 282 237 424 456 288 605 799 870 978 631 793 494 863 344 32 845 370 647 546 310 629 851 636 525 657 124 746 391 256 173 621 410
950 53 980 1249 580 829 340 470 1067 1149 1250 80 686 781 918 852 723 1224 347 1029 779 812 530 663 206 966 269 0 622 553 905 1200 615 1167 973 466 569 889 652 638 468 611 378 510 651 1111 355 443 917 874 879 298 844 463 979 445 716 1218 329 637 488 213 271 544 866 852 1057 666 983 1051 1083 1107 738 621 1130 299 611 184 753 985 582 327 420 1096 628 805 314 790 484 40 444 539 523 687 966 1112 1225 779 934 680 1129 612 244 1083 372 903 595 557 874 1108 806 794 854 381 926 648 61 441 685 534
335 637 891 851 607 555 458 707 787 847 955 579 903 394 794 299 414 953 318 753 517 489 663 634 578 379 390 622 0 688 283 822 407 812 925 529 642 713 776 778 397 685 318 769 639 714 315 622 414 286 505 327 352 671 383 220 454 922 543 28 295 485 352 358 743 958 896 765 1008 758 846 764 696 401 769 334 258 488 347 930 463 298 376 846 25 639 407 170 505 601 772 757 441 881 937 811 886 826 973 659 666 267 400 804 734 568 858 414 604 730 796 313 761 367 867 397 629 263 911 684
890 510 441 843 112 441 285 109 609 691 774 478 215 518 400 715 432 738 434 575 409 475 29 171 348 837 424 553 688 0 905 788 338 742 424 162 65 406 106 99 292 71 407 133 153 732 430 112 697 775 553 516 645 96 861 488 389 746 239 680 394 383 531 344 358 314 536 115 431 605 596 684 219 347 717 480 471 415 526 437 260 569 321 614 674 344 354 825 184 515 203 94 255 194 415 660 781 226 383 172 805 463 448 622 241 533 186 295 463 713 260 609 333 349 382 373 498 436 223 21
101 920 998 788 807 637 718 945 811 848 946 861 1116 463 899 247 528 958 593 787 618 562 883 809 853 212 669 905 283 905 0 776 578 784 1045 758 849 808 977 983 627 885 585 1006 820 672 588 860 363 178 536 610 346 909 196 489 578 917 802 272 529 762 635 561 858 1131 968 960 1148 780 885 753 854 570 744 616 435 768 427 1047 651 580 623 878 281 756 676 117 728 884 1022 986 651 1090 1063 819 857 995 1122 832 579 442 681 826 993 607 1086 611 674 700 949 346 886 625 991 552 912 522 1125 905
684 1179 495 57 691 374 864 892 199 146 193 1123 897 449 445 552 484 224 882 222 423 391 790 617 1025 568 945 1200 822 788 776 0 586 52 558 766 730 393 770 789 732 721 842 919 635 109 872 844 425 608 336 972 474 866 590 821 485 174 902 795 730 987 1004 660 458 773 386 741 681 190 261 104 580 580 73 947 633 1016 492 550 624 991 781 239 798 444 888 803 737 1162 989 874 681 863 587 154 91 677 689 617 209 627 975 195 1016 298 938 644 335 96 604 509 496 824 537 555 1166 795 909 804
555 596 493 634 232 219 283 403 468 546 652 539 542 194 400 377 115 635 307 430 169 198 321 234 449 500 362 615 407 338 578 586 0 554 522 223 277 331 400 408 148 309 266 456 243 498 298 326 369 438 270 405 311 368 524 278 102 620 336 390 164 403 435 80 347 560 519 383 602 448 502 494 291 10 516 375 153 431 192 528 78 436 196 510 386 248 302 512 189 577 496 427 110 514 532 509 616 425 567 259 529 144 394 486 493 288 524 63 268 493 390 273 359 240 464 40 583 236 552 342
696 1144 443 107 648 338 829 847 148 99 166 1089 847 430 394 553 457 190 854 172 388 363 745 572 988 580 915 1167 812 742 784 52 554 0 507 726 686 344 721 740 699 674 814 872 590 114 845 802 427 613 315 947 469 822 603 798 453 141 864 785 703 954 978 630 408 721 336 692 630 140 210 61 533 549 43 921 611 983 475 499 588 968 750 188 788 399 856 804 699 1128 944 828 646 814 536 103 75 626 638 571 235 605 946 144 972 270 890 611 296 86 553 500 446 793 486 525 1131 770 859 759
990 932 64 610 402 410 666 524 363 417 451 896 409 582 150 803 524 405 779 353 428 485 445 329 767 896 799 973 925 424 1045 558 522 507 0 523 405 241 341 360 596 362 741 515 335 562 772 531 719 875 528 876 707 519 923 787 477 436 647 906 670 785 899 586 187 234 180 319 125 382 299 469 251 526 505 840 668 818 620 14 483 921 648 322 903 292 725 1007 518 934 598 471 530 381 30 404 506 206 133 306 682 658 828 364 655 464 484 533 382 528 167 700 165 690 58 528 920 737 420 445
752 433 521 818 121 394 144 189 612 695 791 387 375 416 454 587 334 763 278 574 349 402 135 199 269 712 281 466 529 162 758 766 223 726 523 0 131 425 260 258 134 181 247 248 190 691 273 106 591 641 480 366 530 152 734 327 304 761 141 523 236 265 384 201 401 463 592 258 559 600 620 666 277 232 694 330 328 298 412 533 153 417 160 634 516 344 207 672 35 426 276 230 117 355 521 660 777 351 513 219 741 322 308 627 272 480 331 164 431 680 358 488 390 190 471 262 420 275 382 155
831 529 412 785 47 379 271 162 556 639 725 491 268 454 360 653 368 692 408 521 345 411 60 115 363 775 409 569 642 65 849 730 277 686 405 131 0 355 135 137 248 50 376 196 97 671 403 131 633 715 489 497 582 138 800 450 325 697 243 632 348 382 514 291 314 333 498 129 431 550 548 627 176 286 659 460 415 415 464 417 200 547 286 566 626 288 336 773 143 529 260 158 203 242 400 606 727 223 385 122 742 407 436 569 289 470 249 239 402 653 238 548 293 319 358 311 517 397 277 76
750 857 190 449 324 172 553 513 205 286 371 809 506 347 92 565 300 340 627 173 198 247 413 241 693 655 668 889 713 406 808 393 331 344 241 425 355 0 377 397 446 336 586 533 258 361 619 480 478 636 287 727 467 492 682 609 259 343 565 691 494 681 754 407 71 402 188 348 357 205 196 290 190 332 326 694 459 713 388 242 322 763 501 212 690 87 598 778 405 849 608 487 381 472 264 256 377 289 345 235 466 450 699 217 643 225 546 365 141 334 217 464 110 547 193 325 844 565 518 424
953 607 368 826 172 454 390 187 580 659 730 579 147 561 349 772 477 691 537 550 431 501 134 184 448 890 529 652 776 106 977 770 400 721 341 260 135 377 0 21 383 93 507 175 168 727 532 217 738 836 576 621 694 190 916 584 429 706 344 766 483 488 636 423 318 208 476 30 331 582 553 666 191 409 701 585 544 520 577 355 326 673 419 574 760 336 458 904 276 614 258 130 336 116 327 631 751 136 283 169 814 536 553 590 314 543 169 369 465 704 190 664 284 450 307 430 595 531 158 123
962 592 388 845 177 470 384 170 600 678 751 565 136 573 369 781 488 711 532 569 446 515 127 197 435 901 522 638 778 99 983 789 408 740 360 258 137 397 21 0 383 100 504 155 181 745 528 206 750 845 590 615 705 176 926 583 441 726 333 768 484 477 629 427 337 219 496 49 347 601 573 685 209 417 720 579 550 509 588 374 333 668 417 594 762 353 452 909 276 600 238 111 339 107 346 650 771 155 298 184 831 542 545 610 296 560 150 374 482 722 210 674 304 446 327 439 580 530 146 113
626 449 581 781 219 362 137 319 606 686 790 392 506 329 498 469 259 769 185 567 312 345 266 270 304 595 224 468 397 292 627 732 148 699 596 134 248 446 383 383 0 295 146 380 269 645 178 233 491 518 416 284 425 282 615 204 248 758 201 390 103 256 310 87 443 576 629 375 652 588 631 639 346 154 662 250 204 285 313 605 124 326 56 641 383 359 158 539 108 430 398 363 67 485 599 649 759 452 611 295 673 199 255 623 379 435 464 89 408 640 441 379 444 102 540 182 436 151 514 287
863 570 374 776 80 383 320 180 540 621 703 535 235 476 330 682 390 668 457 506 354 423 85 108 406 802 459 611 685 71 885 721 309 674 362 181 50 336 93 100 295 0 425 198 90 668 452 169 653 746 499 546 606 164 827 497 344 676 288 674 393 429 564 331 288 284 466 81 382 537 525 617 148 318 650 510 452 462 489 374 234 597 334 544 669 278 386 812 191 572 272 155 245 206 355 590 712 174 336 104 746 444 485 552 312 474 232 277 400 648 196 575 262 369 317 340 558 445 245 90
607 372 726 888 355 485 143 401 734 812 918 311 615 407 642 483 359 900 42 696 434 452 379 414 271 603 109 378 318 407 585 842 266 814 741 247 376 586 507 504 146 425 0 464 411 747 33 320 540 515 512 141 468 368 619 99 364 885 227 320 114 187 169 187 587 708 772 504 794 713 766 756 491 269 775 109 234 202 377 750 266 181 94 775 312 500 91 481 235 344 458 460 213 598 744 774 879 591 751 439 755 235 137 752 417 546 557 222 534 748 584 418 589 58 685 290 361 68 621 397
999 461 542 974 242 574 325 63 737 818 896 444 178 643 517 830 557 859 482 704 540 606 140 303 319 954 450 510 769 133 1006 919 456 872 515 248 196 533 175 155 380 198 464 0 285 864 481 148 821 887 684 547 766 99 977 557 517 870 251 765 480 383 554 448 480 349 647 200 492 734 718 815 343 465 848 514 575 410 647 528 379 603 394 738 758 476 391 918 279 476 84 47 360 178 499 787 909 309 443 302 937 569 467 748 147 666 96 406 596 845 362 728 450 409 481 493 450 508 178 121
791 614 332 691 72 294 332 258 459 542 629 572 314 394 269 607 310 596 448 425 266 335 156 19 448 724 465 651 639 153 820 635 243 590 335 190 97 258 168 181 269 90 411 285 0 580 441 224 570 673 411 544 527 235 750 469 262 600 323 625 357 454 565 282 220 319 408 145 384 454 452 532 88 251 564 508 394 487 412 345 177 590 318 469 621 192 391 754 184 611 354 242 207 283 335 510 631 187 342 30 657 385 494 473 386 385 321 226 312 561 174 498 203 359 282 269 602 417 325 169
583 1093 499 143 629 298 779 832 205 197 279 1036 863 347 430 445 390 300 786 210 343 300 730 561 943 467 852 1111 714 732 672 109 498 114 562 691 671 361 727 745 645 668 747 864 580 0 776 777 317 502 236 874 365 803 490 720 398 253 823 687 634 900 906 568 430 759 406 699 687 182 285 104 537 492 79 851 531 927 388 556 544 890 692 266 690 392 798 696 661 1074 930 822 598 829 590 182 186 649 687 566 130 526 882 211 950 212 893 558 269 37 577 401 470 732 531 464 1080 697 875 746
616 354 758 917 384 516 156 418 766 844 950 293 636 435 674 500 389 932 10 728 466 482 402 445 265 617 88 355 315 430 588 872 298 845 772 273 403 619 532 528 178 452 33 481 441 776 0 339 562 528 541 108 489 387 632 100 396 917 237 320 143 176 137 219 620 735 804 531 823 745 799 787 522 301 805 77 258 187 403 781 299 150 125 807 311 533 95 481 263 324 469 479 244 621 775 806 910 619 780 469 781 260 112 784 424 576 575 255 566 778 615 439 621 84 716 322 343 86 642 420
857 402 541 898 157 479 186 86 678 761 851 367 299 519 490 692 435 819 342 642 438 497 87 240 238 817 320 443 622 112 860 844 326 802 531 106 131 480 217 206 233 169 320 148 224 777 339 0 695 746 575 416 635 50 840 410 401 822 128 617 333 272 427 306 443 424 629 226 543 670 675 742 306 335 772 380 432 304 517 543 253 470 246 692 610 407 254 770 140 404 171 141 222 286 523 727 848 337 495 250 835 426 342 692 175 569 238 269 511 762 364 594 423 263 485 365 389 361 304 95
284 911 665 446 586 314 623 771 451 486 586 850 884 179 570 128 265 596 571 428 315 246 683 555 788 179 648 917 414 697 363 425 369 427 719 591 633 478 738 750 491 653 540 821 570 317 562 695 0 187 192 641 74 736 206 481 310 556 691 387 434 720 673 405 538 849 618 714 833 419 527 392 575 360 386 626 308 741 180 719 444 642 520 518 391 446 615 379 557 884 865 788 476 853 741 457 501 716 815 572 252 307 674 465 861 258 881 428 337 342 656 124 572 548 669 330 900 477 895 704
119 879 826 625 670 465 630 829 634 673 773 818 979 295 727 72 368 783 534 609 450 390 756 660 784 94 615 874 286 775 178 608 438 613 875 641 715 636 836 845 518 746 515 887 673 502 528 746 187 0 360 579 170 793 105 431 419 743 710 261 432 701 609 440 689 976 792 816 982 603 708 578 698 429 572 575 315 714 265 876 515 565 528 701 269 589 603 200 608 846 915 861 527 951 894 643 687 840 958 682 420 320 634 650 896 430 960 482 499 528 789 179 719 542 822 406 869 448 989 778
469 863 474 377 443 128 552 641 287 343 451 805 721 116 378 289 157 449 550 257 145 79 545 394 718 370 617 879 505 553 536 336 270 315 528 480 489 287 576 590 416 499 512 684 411 236 541 575 192 360 0 639 191 609 397 486 176 418 604 479 399 669 671 335 348 666 433 550 643 257 354 263 399 263 273 615 298 695 161 528 328 656 460 350 480 261 565 525 447 842 739 646 376 688 550 308 387 536 626 407 262 292 647 304 748 71 731 332 146 240 473 203 383 499 479 234 850 461 732 564
653 311 864 1016 483 622 232 487 872 949 1056 253 713 529 782 563 491 1039 100 834 571 584 488 548 278 672 98 298 327 516 610 972 405 947 876 366 497 727 621 615 284 546 141 547 544 874 108 416 641 579 639 0 568 460 684 161 501 1023 297 340 245 183 33 326 727 827 912 622 923 850 906 889 625 407 907 37 346 174 493 886 406 56 230 914 331 641 163 495 362 275 521 553 351 701 878 911 1013 717 878 572 871 351 89 890 466 678 643 363 671 878 717 517 727 186 821 426 304 178 717 503
284 839 657 501 536 297 554 714 472 518 622 778 839 135 559 99 217 627 498 444 286 223 630 513 719 199 576 844 352 645 346 474 311 469 707 530 582 467 694 705 425 606 468 766 527 365 489 635 74 170 191 568 0 678 225 408 266 591 625 324 363 649 600 339 522 819 623 672 816 440 543 427 541 302 427 553 236 669 120 708 388 570 450 537 328 423 544 340 496 812 805 735 414 809 727 485 543 683 794 532 317 236 601 488 798 262 831 366 330 385 628 51 553 477 655 273 828 404 850 651
904 418 536 921 175 507 232 37 694 776 862 390 254 558 493 738 474 828 389 659 469 530 81 252 260 863 363 463 671 96 909 866 368 822 519 152 138 492 190 176 282 164 368 99 235 803 387 50 736 793 609 460 678 0 885 459 437 834 165 667 382 307 469 353 449 393 630 205 520 687 685 763 310 377 794 425 480 337 559 532 292 514 296 703 660 425 300 820 185 425 131 94 267 244 509 744 865 319 472 258 867 474 383 707 151 598 189 314 535 787 356 638 425 312 478 406 406 410 258 76
97 984 870 598 754 515 732 922 649 675 768 923 1061 359 774 148 441 784 639 629 510 444 844 736 887 27 719 979 383 861 196 590 524 603 923 734 800 682 916 926 615 827 619 977 750 490 632 840 206 105 397 684 225 885 0 536 490 740 810 361 533 805 714 535 741 1043 823 895 1036 617 727 578 766 515 566 680 412 819 339 923 602 668 628 717 369 645 706 268 701 951 1009 950 619 1031 945 649 675 908 1016 756 387 417 739 663 994 464 1047 573 542 520 852 253 773 645 873 489 974 552 1071 865
517 448 765 862 422 484 240 494 734 807 916 387 701 373 675 407 345 903 106 696 435 437 461 469 365 522 185 445 220 488 489 821 278 798 787 327 450 609 584 583 204 497 99 557 469 720 100 410 481 431 486 161 408 459 536 0 364 883 324 222 118 275 193 204 621 779 797 578 852 710 776 742 541 278 757 148 189 285 335 795 304 171 167 782 214 525 189 383 308 416 554 549 262 682 793 770 866 654 811 494 711 195 204 752 515 530 648 254 534 726 639 357 628 149 730 290 439 53 707 481
538 696 439 533 278 121 382 471 372 448 556 640 575 133 340 351 51 540 405 334 72 100 378 247 546 465 463 716 454 389 578 485 102 453 477 304 325 259 429 441 248 344 364 517 262 398 396 401 310 419 176 501 266 437 490 364 0 523 429 434 257 504 532 178 292 557 445 406 573 350 413 393 279 97 415 472 201 532 155 481 152 528 297 418 432 187 404 531 272 678 567 482 202 544 492 411 516 421 544 266 437 192 494 390 574 187 572 161 172 393 372 242 314 340 421 75 684 327 586 398
831 1190 377 207 666 402 879 854 152 76 34 1139 817 531 359 680 539 51 926 191 452 447 755 584 1028 717 980 1218 922 746 917 174 620 141 436 761 697 343 706 726 758 676 885 870 600 253 917 822 556 743 418 1023 591 834 740 883 523 0 901 896 779 1007 1053 698 391 666 257 677 552 173 153 165 528 617 175 994 703 1038 577 426 638 1050 811 133 898 418 915 930 738 1179 947 824 698 784 465 113 88 593 569 577 375 695 1011 135 985 358 872 670 352 221 523 616 422 856 430 597 1177 848 828 765
813 293 652 954 251 529 85 191 752 835 932 250 418 526 590 666 451 904 238 715 482 528 212 335 128 791 200 329 543 239 802 902 336 864 647 141 243 565 344 333 201 288 227 251 323 823 237 128 691 710 604 297 625 165 810 324 429 901 0 543 279 145 305 287 539 551 729 352 667 740 761 803 409 344 830 264 399 177 513 659 280 353 183 775 535 485 144 703 166 289 233 258 228 409 642 800 917 460 620 352 864 396 218 768 192 612 346 273 568 814 480 578 525 178 599 374 280 282 422 222
316 650 871 824 595 532 458 703 762 821 929 591 895 369 773 272 392 927 324 728 495 465 655 619 584 355 398 637 28 680 272 795 390 785 906 523 632 691 766 768 390 674 320 765 625 687 320 617 387 261 479 340 324 667 361 222 434 896 543 0 287 492 366 345 724 944 873 754 991 733 822 738 680 384 743 345 239 497 322 911 449 315 372 821 9 619 410 162 497 614 771 751 430 872 918 786 859 811 957 645 639 249 410 779 735 543 852 401 580 703 780 286 742 366 849 379 642 262 903 676
535 479 648 775 316 378 199 419 628 704 812 418 609 294 558 391 247 796 152 590 328 340 369 355 358 515 221 488 295 394 529 730 164 703 670 236 348 494 483 484 103 393 114 480 357 634 143 333 434 432 399 245 363 382 533 118 257 779 279 287 0 287 276 87 504 671 681 474 737 606 666 645 426 165 663 218 128 308 265 678 188 273 96 673 281 409 181 438 211 453 493 465 151 587 677 667 769 543 698 380 642 127 250 646 467 434 566 137 428 636 524 313 511 115 613 182 467 72 616 389
791 195 785 1036 384 616 129 328 855 937 1038 137 557 574 717 669 512 1014 170 817 566 600 356 464 96 789 96 213 485 383 762 987 403 954 785 265 382 681 488 477 256 429 187 383 454 900 176 272 720 701 669 183 649 307 805 275 504 1007 145 492 287 0 180 334 663 695 854 496 810 839 873 894 541 409 917 159 414 34 550 796 369 237 210 886 484 596 106 653 277 175 346 397 310 550 781 900 1013 602 763 483 922 414 95 872 286 691 478 344 661 896 618 599 654 174 734 436 183 254 559 366
681 288 888 1048 503 652 246 495 902 979 1086 232 723 561 807 594 522 1069 128 864 602 616 502 570 271 703 107 271 352 531 635 1004 435 978 899 384 514 754 636 629 310 564 169 554 565 906 137 427 673 609 671 33 600 469 714 193 532 1053 305 366 276 180 0 356 753 843 939 639 942 881 935 921 648 437 938 61 379 165 525 908 433 62 255 944 357 668 179 520 383 250 523 562 377 712 900 942 1044 735 897 594 903 383 88 920 465 709 650 391 702 910 738 550 752 210 844 457 281 210 726 517
552 528 562 707 252 298 222 390 547 625 731 470 557 243 472 388 179 714 228 509 247 269 323 278 389 513 286 544 358 344 561 660 80 630 586 201 291 407 423 427 87 331 187 448 282 568 219 306 405 440 335 326 339 353 535 204 178 698 287 345 87 334 356 0 418 600 595 410 658 526 581 570 345 82 591 296 128 360 226 594 107 358 125 589 340 323 230 483 169 507 475 425 90 532 594 587 693 469 620 303 590 121 317 565 461 362 526 57 347 566 444 294 426 165 529 105 516 158 566 344
805 832 148 514 290 226 537 467 264 341 417 787 440 395 55 618 338 381 628 237 241 300 369 206 666 714 660 866 743 358 858 458 347 408 187 401 314 71 318 337 443 288 587 480 220 430 620 443 538 689 348 727 522 449 741 621 292 391 539 724 504 663 753 418 0 332 191 289 295 269 239 356 140 349 392 693 487 697 433 191 322 767 498 258 721 106 588 820 387 826 558 434 376 406 206 314 434 220 279 193 536 477 691 273 598 290 485 369 204 402 148 513 40 543 133 348 819 574 452 377
1094 805 290 827 357 539 597 382 574 639 683 781 198 685 330 907 608 637 740 555 535 604 342 326 652 1017 737 852 958 314 1131 773 560 721 234 463 333 402 208 219 576 284 708 349 319 759 735 424 849 976 666 827 819 393 1043 779 557 666 551 944 671 695 843 600 332 0 410 205 156 587 521 676 279 567 713 791 712 727 712 246 495 879 617 544 939 405 665 1071 474 816 428 314 521 179 207 621 731 137 113 302 867 703 761 579 495 615 288 544 529 728 194 798 292 652 238 582 794 726 206 330
900 1021 121 436 479 343 727 643 201 242 273 978 571 516 139 722 482 228 812 204 379 415 550 395 855 796 849 1057 896 536 968 386 519 336 180 592 498 188 476 496 629 466 772 647 408 406 804 629 618 792 433 912 623 630 823 797 445 257 729 873 681 854 939 595 191 410 0 448 298 227 126 307 323 520 340 878 645 887 561 170 506 949 684 148 872 273 777 949 577 1017 729 602 563 540 209 235 328 351 313 380 533 636 880 197 776 363 635 550 299 370 287 629 206 730 178 512 1009 752 582 556
934 622 343 797 159 427 393 207 551 629 702 592 171 539 321 751 455 663 536 521 406 476 141 160 462 869 533 666 765 115 960 741 383 692 319 258 129 348 30 49 375 81 504 200 145 699 531 226 714 816 550 622 672 205 895 578 406 677 352 754 474 496 639 410 289 205 448 0 317 553 525 637 162 391 672 586 529 528 557 332 310 674 414 545 749 308 461 890 271 628 283 155 325 139 306 602 722 115 269 144 787 521 557 561 337 516 198 355 437 675 163 643 255 447 282 411 610 525 183 133
1098 938 189 732 441 521 701 517 488 539 564 909 353 687 268 911 622 517 830 478 532 594 457 384 778 1009 839 983 1008 431 1148 681 602 630 125 559 431 357 331 347 652 382 794 492 384 687 823 543 833 982 643 923 816 520 1036 852 573 552 667 991 737 810 942 658 295 156 298 317 0 507 421 594 313 607 629 887 753 843 722 132 551 971 701 444 987 394 765 1102 562 945 574 453 590 331 98 528 626 209 50 358 806 743 866 488 638 582 440 602 497 653 214 805 264 740 165 615 926 800 361 450
702 1025 319 246 514 229 712 711 32 99 206 973 708 364 257 536 366 196 754 33 280 276 610 436 865 592 809 1051 758 605 780 190 448 140 382 600 550 205 582 601 588 537 713 734 454 182 745 670 419 603 257 850 440 687 617 710 350 173 740 733 606 839 881 526 269 587 227 553 507 0 112 90 394 445 126 822 532 870 412 376 470 877 641 100 734 263 745 779 575 1012 807 690 529 674 410 62 179 488 509 434 307 524 840 48 838 191 750 499 180 147 415 459 307 685 354 425 1012 676 720 622
811 1052 236 312 520 296 745 704 82 119 178 1004 665 454 206 640 440 144 808 99 342 358 605 436 888 702 854 1083 846 596 885 261 502 210 299 620 548 196 553 573 631 525 766 718 452 285 799 675 527 708 354 906 543 685 727 776 413 153 761 822 666 873 935 581 239 521 126 525 421 112 0 183 377 501 216 875 607 906 501 290 509 938 686 24 822 278 786 879 600 1043 796 672 568 632 328 109 210 442 431 427 413 599 886 74 835 284 719 546 245 248 371 557 270 732 284 486 1039 737 677 615
668 1083 406 160 589 278 769 788 107 98 196 1029 795 377 347 516 399 206 796 122 328 306 687 514 927 554 856 1107 764 684 753 104 494 61 469 666 627 290 666 685 639 617 756 815 532 104 787 742 392 578 263 889 427 763 578 742 393 165 803 738 645 894 921 570 356 676 307 637 594 90 183 0 477 490 37 862 556 923 423 463 528 911 690 164 740 340 796 766 638 1068 886 771 585 761 498 78 125 576 598 514 233 550 887 110 913 212 834 551 235 67 503 455 395 733 443 466 1071 712 807 700
816 700 245 636 158 273 418 327 395 475 555 659 329 407 185 629 330 520 529 363 260 331 230 79 534 740 550 738 696 219 854 580 291 533 251 277 176 190 191 209 346 148 491 343 88 537 522 306 575 698 399 625 541 310 766 541 279 528 409 680 426 541 648 345 140 279 323 162 313 394 377 477 0 297 511 590 443 574 433 261 239 671 398 396 676 147 475 799 269 698 419 298 281 295 254 445 566 143 277 58 627 434 579 406 459 359 358 290 277 514 100 520 118 440 197 308 688 490 340 238
546 602 496 628 241 216 290 413 466 543 650 545 551 185 402 368 107 633 310 427 165 192 330 242 456 491 366 621 401 347 570 580 10 549 526 232 286 332 409 417 154 318 269 465 251 492 301 335 360 429 263 407 302 377 515 278 97 617 344 384 165 409 437 82 349 567 520 391 607 445 501 490 297 0 511 377 146 437 183 532 87 437 201 508 381 250 308 505 198 583 505 436 118 523 536 506 612 432 573 266 522 137 397 483 502 283 533 71 265 488 396 263 362 244 468 31 590 236 561 352
657 1108 441 127 620 303 793 820 142 119 203 1053 831 388 383 512 417 221 814 158 352 323 718 546 953 542 876 1130 769 717 744 73 516 43 505 694 659 326 701 720 662 650 775 848 564 79 805 772 386 572 273 907 427 794 566 757 415 175 830 743 663 917 938 591 392 713 340 672 629 126 216 37 511 511 0 881 570 946 433 498 553 927 712 196 745 373 818 763 666 1091 918 804 610 797 534 108 117 612 634 547 207 564 907 144 944 230 869 574 263 46 539 457 431 755 479 486 1095 729 843 733
654 306 829 992 446 593 196 453 843 920 1027 247 678 507 747 554 465 1009 68 804 542 558 452 512 254 667 67 299 334 480 616 947 375 921 840 330 460 694 585 579 250 510 109 514 508 851 77 380 626 575 615 37 553 425 680 148 472 994 264 345 218 159 61 296 693 791 878 586 887 822 875 862 590 377 881 0 327 155 473 850 373 90 195 884 336 608 127 504 326 272 491 518 317 666 842 883 986 680 842 536 851 330 67 860 437 652 609 331 642 853 681 503 692 151 785 398 298 155 683 468
425 604 634 673 374 312 323 517 558 627 736 544 682 185 538 267 168 726 267 521 268 256 449 386 485 392 342 611 258 471 435 633 153 611 668 328 415 459 544 550 204 452 234 575 394 531 258 432 308 315 298 346 236 480 412 189 201 703 399 239 128 414 379 128 487 712 645 529 753 532 607 556 443 146 570 327 0 434 147 673 220 360 219 610 236 383 309 362 296 577 600 553 217 656 680 590 681 577 719 410 525 10 369 575 582 346 653 177 362 537 542 186 503 242 610 140 593 173 691 471
801 171 818 1065 417 646 161 356 886 968 1070 111 585 598 750 685 539 1046 180 848 596 628 388 497 107 803 100 184 488 415 768 1016 431 983 818 298 415 713 520 509 285 462 202 410 487 927 187 304 741 714 695 174 669 337 819 285 532 1038 177 497 308 34 165 360 697 727 887 528 843 870 906 923 574 437 946 155 434 0 572 829 400 225 236 918 488 629 131 657 310 147 369 426 341 579 814 931 1043 635 796 517 947 434 89 903 306 719 505 373 692 924 652 618 687 198 768 464 160 269 587 397
383 743 576 530 417 219 446 595 440 502 610 683 723 48 476 197 104 606 412 407 193 146 511 398 613 314 485 753 347 526 427 492 192 475 620 412 464 388 577 588 313 489 377 647 412 388 403 517 180 265 161 493 120 559 339 335 155 577 513 322 265 550 525 226 433 712 561 557 722 412 501 423 433 183 433 473 147 572 0 623 269 505 345 500 323 330 444 391 378 718 687 616 297 693 638 466 547 576 696 419 379 143 513 458 682 221 712 249 263 397 525 87 460 377 565 154 731 319 733 532
991 944 58 602 413 412 676 537 356 408 440 907 423 584 150 805 528 394 788 347 431 487 458 339 779 896 809 985 930 437 1047 550 528 499 14 533 417 242 355 374 605 374 750 528 345 556 781 543 719 876 528 886 708 532 923 795 481 426 659 911 678 796 908 594 191 246 170 332 132 376 290 463 261 532 498 850 673 829 623 0 491 930 657 313 909 295 735 1010 528 945 611 484 539 394 40 397 497 220 144 316 677 664 838 356 668 463 498 541 382 522 179 702 170 700 66 534 932 745 433 457
631 557 463 675 156 251 242 327 487 568 670 503 466 267 377 455 183 647 307 448 203 251 243 171 401 578 347 582 463 260 651 624 78 588 483 153 200 322 326 333 124 234 266 379 177 544 299 253 444 515 328 406 388 292 602 304 152 638 280 449 188 369 433 107 322 495 506 310 551 470 509 528 239 87 553 373 220 400 269 491 0 445 179 519 445 236 278 581 120 542 422 349 60 439 489 531 645 363 513 197 589 211 378 503 423 333 446 51 293 536 338 350 326 225 426 115 544 255 476 265
630 347 906 1032 531 649 285 542 900 975 1083 293 768 544 822 555 513 1068 143 862 600 607 541 594 330 659 154 327 298 569 580 991 436 968 921 417 547 763 673 668 326 597 181 603 590 890 150 470 642 565 656 56 570 514 668 171 528 1050 353 315 273 237 62 358 767 879 949 674 971 877 938 911 671 437 927 90 360 225 505 930 445 0 274 945 306 677 217 464 410 309 577 608 393 755 924 937 1036 766 928 618 879 365 143 918 521 700 698 400 700 896 763 520 769 232 865 454 341 202 772 557
631 404 634 829 263 414 105 331 659 739 844 346 534 366 553 485 303 823 132 621 363 392 295 321 269 609 169 420 376 321 623 781 196 750 648 160 286 501 419 417 56 334 94 394 318 692 125 246 520 528 460 230 450 296 628 167 297 811 183 372 96 210 255 125 498 617 684 414 701 641 686 690 398 201 712 195 219 236 345 657 179 274 0 696 365 415 107 528 144 383 401 383 122 515 651 702 811 498 658 345 713 216 200 676 372 484 483 142 461 689 491 402 498 46 592 228 392 116 541 314
