330
0 522 707 259 349 433 601 535 470 603 214 305 428 295 208 592 493 554 462 614 374 542 617 630 352 219 629 604 494 236 211 414 78 366 321 110 304 266 156 279 496 283 440 307 374 329 335 356 430 114 436 424 495 76 499 284 549 365 260 156 598 509 691 440 529 394 455 318 260 403 498 98 373 434 511 340 406 426 195 511 367 543 477 426 405 211 575 285 321 533 391 505 390 630 391 259 465 228 195 247 359 543 227 140 610 396 404 506 257 254 616 216 521 327 434 346 564 381 399 478 507 364 351 90 129 253 440 449 261 477 246 491 159 406 463 490 522 469 357 483 86 527 588 270 411 417 349 239 439 617 234 205 555 543 468 355 213 515 258 488 570 524 190 455 126 304 329 469 386 472 383 296 453 476 348 423 411 551 376 658 442 426 137 549 237 627 417 377 543 610 134 493 336 588 576 85 399 501 464 682 524 619 245 415 630 552 397 451 470 497 436 118 432 374 296 492 317 399 491 470 482 273 574 461 313 399 329 507 429 139 238 269 218 197 356 399 363 433 470 255 374 504 344 438 353 299 212 587 316 450 395 609 274 454 575 533 109 391 392 304 588 565 467 279 271 268 481 194 323 335 496 510 643 688 397 344 541 493 191 520 394 592 454 286 338 448 106 278 312 483 554 459 278 328 428 410 445 504 548 278 577 488 422 428 500 349 292 308 503 396 466 468 603 487 116 341 439 191 459 114 359 407 132 353 101 482 357 498 264 590
522 0 949 540 266 886 845 1009 900 752 620 775 915 483 491 1110 896 851 892 811 530 1017 842 1149 212 466 858 776 723 415 725 159 596 867 686 471 673 277 675 762 165 658 857 656 339 199 819 875 940 631 271 933 1013 458 290 466 1056 742 769 497 810 787 918 788 645 441 122 602 262 836 701 604 894 207 1003 799 502 237 498 991 255 759 53 260 465 617 1073 658 838 1054 131 901 816 1148 230 610 839 733 332 403 243 1057 455 629 859 827 412 687 270 632 1137 731 784 804 188 417 769 748 560 825 809 409 203 433 615 369 311 445 782 855 721 41 645 294 835 167 57 68 742 298 527 1048 822 462 273 353 184 308 950 1129 421 723 925 725 884 753 550 1020 433 641 1084 1037 420 170 624 290 525 338 362 989 188 377 350 789 705 274 285 192 375 925 169 583 639 735 364 807 549 313 867 113 653 989 325 910 933 445 271 934 485 882 716 1140 545 712 1151 1054 448 925 971 619 335 636 926 855 492 322 577 881 1008 820 797 250 1081 98 748 800 361 292 105 449 537 397 369 714 586 670 769 468 690 290 553 1016 752 100 170 224 557 752 212 786 633 856 421 69 905 865 555 902 816 608 1110 898 923 798 721 776 208 373 796 851 529 863 1160 906 788 654 1016 939 354 703 385 1111 496 565 841 942 441 567 327 845 834 858 798 296 874 475 815 722 1005 422 1090 1004 113 95 782 870 408 705 988 888 953 787 781 788 636 778 950 548 666 529 211 117 552 367 543 74 861 986 681 835
707 949 0 966 960 1014 111 507 1068 1309 496 906 532 996 912 905 1114 162 1062 1314 1077 510 1312 793 921 919 92 183 1195 582 761 792 675 579 391 809 407 858 730 870 803 969 365 998 1023 799 529 775 874 728 1047 629 712 686 689 512 654 359 800 574 1297 1199 36 284 314 1078 828 402 793 406 250 752 741 745 987 944 1103 1020 900 522 972 1244 899 693 485 900 620 424 784 814 868 310 398 937 720 449 1116 602 733 926 955 701 924 794 99 1014 538 263 823 454 856 643 1213 512 998 537 1266 342 1104 1143 1188 1041 764 738 792 916 646 1128 706 291 866 910 807 1032 290 799 990 883 371 674 792 815 1283 967 1026 599 799 852 876 973 920 666 253 225 1083 384 919 943 553 309 709 689 875 1007 776 925 444 629 588 699 942 589 611 236 1030 1037 665 815 1040 59 993 1132 773 215 633 154 1120 637 1211 958 674 962 980 164 225 756 1013 386 474 86 1229 854 481 293 883 978 502 991 935 1203 622 724 934 928 998 654 415 942 858 264 1161 788 669 852 446 359 990 692 854 624 490 946 642 658 1062 316 387 485 1174 718 406 671 400 931 855 809 502 1293 855 1125 338 101 556 894 181 206 599 853 1018 1006 843 190 445 670 909 609 758 658 912 793 436 242 772 54 349 365 513 419 826 1226 565 905 459 993 588 943 787 446 957 1139 1238 331 739 956 1019 1101 1102 1207 456 553 705 697 846 881 208 743 973 415 1000 550 537 1148 1307 1171 712 969 644 896 1165 820 748 886 576 1016 803 966 596 547 932 122
259 540 966 0 281 361 860 740 365 346 472 276 630 77 66 654 356 812 358 363 126 746 374 749 329 81 887 858 244 450 314 505 303 557 578 165 562 277 297 282 592 124 683 116 240 405 548 451 471 272 329 592 632 293 645 514 711 621 329 403 350 280 950 696 772 192 532 574 335 641 752 237 489 552 500 286 173 342 72 712 297 293 515 568 623 120 749 544 407 629 428 750 632 686 519 518 300 434 324 138 303 687 88 215 868 296 606 758 304 513 708 403 285 548 377 555 313 637 144 290 290 184 453 248 207 172 602 245 401 728 242 526 216 293 716 587 514 515 611 634 175 622 346 83 309 597 427 249 482 651 121 381 804 796 346 607 53 535 479 735 714 672 139 402 227 251 571 637 572 612 354 493 627 734 165 317 564 650 217 916 394 169 239 803 424 882 166 543 342 650 329 493 229 844 827 225 303 734 680 939 268 712 497 674 712 561 611 411 482 240 607 278 431 355 70 651 569 378 556 725 272 354 732 524 558 649 197 652 485 366 489 145 405 380 97 657 612 649 217 388 617 657 594 441 391 364 469 331 345 253 650 867 490 489 831 789 368 439 283 71 681 820 689 439 218 461 597 379 296 416 719 764 773 946 649 603 744 720 223 263 587 655 674 32 529 446 197 532 218 307 328 705 394 249 346 189 275 253 764 494 723 630 481 465 759 463 141 563 479 594 664 260 349 268 288 254 601 75 203 147 471 434 391 206 166 475 542 693 165 849
349 266 960 281 0 638 850 882 645 501 522 537 777 219 242 899 636 829 638 554 266 889 582 965 65 214 871 812 459 379 521 279 426 715 616 259 600 103 479 532 356 403 768 397 86 198 682 673 719 438 91 770 834 315 446 450 895 671 556 405 550 522 935 735 697 185 290 564 170 736 716 404 701 340 767 556 244 77 252 859 19 498 252 376 516 374 922 582 631 856 179 826 720 934 324 539 576 577 229 148 24 885 202 415 862 575 478 711 138 550 939 562 519 672 99 448 509 682 297 561 544 149 252 267 401 119 425 207 593 789 489 260 427 73 771 353 234 256 666 441 318 849 561 200 68 442 214 117 730 907 169 547 866 753 626 670 300 794 409 674 912 866 185 123 416 45 518 462 430 811 79 385 461 755 444 80 386 409 120 922 114 322 431 761 329 841 289 384 601 379 478 756 60 878 882 265 54 837 561 911 456 943 489 681 948 824 499 683 741 366 440 444 693 619 227 464 547 643 797 768 532 180 919 275 644 718 95 451 236 350 479 137 319 541 320 648 683 533 426 249 560 847 663 169 154 168 481 498 123 522 623 860 408 227 868 825 427 683 562 346 911 859 809 620 480 616 376 303 558 643 606 812 982 927 711 610 888 833 160 444 452 899 563 303 686 709 246 521 64 581 569 779 601 32 624 220 552 460 891 412 920 828 236 208 764 675 143 620 749 744 814 522 526 522 448 529 784 304 403 309 273 176 437 105 328 197 704 847 434 839
433 886 1014 361 638 0 926 615 58 484 562 130 525 434 398 350 114 853 54 436 441 619 407 493 679 424 957 967 363 667 264 819 402 456 646 427 633 611 311 161 906 237 659 251 600 722 491 260 196 337 689 442 423 507 928 707 519 661 217 575 413 305 1010 732 925 537 854 697 647 615 866 338 305 852 157 94 494 702 390 586 654 389 854 852 831 269 569 622 236 367 764 725 618 370 812 623 158 415 605 490 658 476 436 294 929 69 835 883 626 602 424 374 326 505 736 777 409 678 433 202 271 540 759 495 306 522 871 581 308 728 188 866 275 653 725 901 866 851 648 912 380 359 384 443 670 850 744 580 202 321 470 353 788 911 83 632 339 212 688 879 496 468 466 760 308 603 739 901 819 414 707 729 885 784 216 677 840 964 575 956 751 436 300 914 669 982 460 808 253 992 370 161 589 859 817 473 663 673 889 1017 410 429 643 754 418 224 825 64 165 478 869 337 121 87 426 923 707 79 276 750 250 665 531 853 569 655 557 935 815 571 639 502 650 362 369 759 628 860 370 672 779 465 616 789 724 683 603 461 678 217 772 930 705 828 843 810 499 190 84 307 403 832 612 346 170 405 899 625 114 230 917 775 525 1013 665 699 616 646 538 420 826 351 877 346 438 127 463 669 575 180 315 692 276 606 19 521 165 377 660 709 506 429 810 802 824 291 501 611 130 494 544 243 454 271 346 109 438 338 385 368 772 773 524 566 361 826 437 559 205 917
601 845 111 860 850 926 0 469 980 1204 393 814 472 888 805 848 1023 88 973 1211 969 473 1211 751 811 810 32 112 1092 471 669 687 573 509 290 701 305 748 634 777 702 868 300 896 912 690 453 697 799 628 936 566 656 577 593 401 610 266 710 465 1194 1098 91 197 223 968 723 292 683 335 144 651 667 642 912 852 994 910 793 479 861 1140 793 591 382 798 583 322 702 756 760 261 323 883 615 343 1021 512 623 816 845 653 815 694 16 922 436 161 713 350 807 553 1112 433 888 430 1162 249 996 1046 1089 931 656 629 691 806 545 1017 621 227 770 805 707 921 219 698 884 778 279 576 686 757 1181 859 915 498 690 742 802 913 811 575 218 128 992 295 814 872 443 209 665 639 765 898 676 815 334 531 484 641 832 480 512 142 930 927 563 718 930 82 884 1024 674 119 523 96 1012 533 1114 858 576 886 870 133 198 648 903 341 377 93 1124 806 371 187 834 909 399 908 859 1095 521 625 854 842 890 558 305 858 791 186 1062 678 629 747 358 280 880 596 748 514 380 836 532 566 956 206 301 385 1069 608 297 620 311 823 746 699 393 1188 745 1026 227 13 446 788 145 145 493 774 925 902 791 148 393 587 813 525 657 547 821 712 343 181 734 89 267 257 476 373 716 1121 462 847 360 887 513 864 678 336 846 1043 1139 267 654 846 931 991 1006 1103 422 443 663 641 740 774 104 666 863 319 922 484 485 1048 1203 1071 613 876 584 791 1060 715 641 778 469 905 699 859 524 500 832 11
535 1009 507 740 882 615 469 0 673 1035 390 550 110 801 714 410 729 382 669 1012 865 8 995 287 877 734 496 563 906 602 436 866 461 183 350 637 357 791 443 518 923 679 192 712 907 813 201 357 433 471 970 174 222 572 861 573 148 305 444 513 990 879 521 314 609 913 910 453 763 189 508 508 311 852 536 579 910 958 699 30 899 948 958 817 654 630 115 367 388 322 886 209 211 439 811 412 755 312 687 776 890 198 745 525 463 643 696 536 773 386 352 338 898 211 961 652 971 309 880 794 856 889 809 616 533 786 796 969 349 251 538 972 527 941 267 918 1025 946 297 841 589 326 967 783 945 750 826 769 431 481 761 359 256 537 696 279 687 479 593 566 203 189 720 980 513 838 542 804 720 218 907 657 781 360 721 957 790 965 906 452 966 900 502 533 649 559 904 749 857 1071 418 512 870 347 282 618 933 129 690 552 951 350 479 397 380 508 662 572 488 968 778 465 507 533 799 835 480 537 387 301 829 770 163 926 264 246 861 867 906 562 485 798 642 361 819 436 261 676 896 720 547 177 274 944 854 797 457 1014 828 791 477 465 610 941 331 325 462 427 653 746 342 325 95 307 582 280 889 636 545 390 685 290 266 532 263 408 8 100 723 954 709 410 670 754 212 510 640 469 846 780 906 217 368 862 627 921 751 921 54 611 199 209 898 917 404 327 819 318 556 146 77 818 1017 846 456 617 179 666 898 610 806 905 460 884 588 988 200 57 627 465
470 900 1068 365 645 58 980 673 0 445 610 172 583 434 409 393 59 907 9 392 431 676 360 542 690 435 1010 1018 329 705 313 842 445 513 697 451 684 627 358 207 930 243 715 250 600 744 547 317 250 380 690 499 478 541 958 748 575 714 270 616 369 264 1064 786 972 529 876 745 669 671 916 377 362 878 194 133 483 705 403 643 661 350 870 882 871 288 625 672 293 418 781 782 674 410 839 671 115 468 632 500 667 530 446 331 983 76 873 932 645 651 471 427 285 561 742 815 368 731 419 160 228 537 783 524 342 532 903 570 363 784 227 882 312 654 780 925 877 868 701 943 409 410 338 447 672 885 766 597 256 357 480 406 844 961 33 686 351 255 726 926 550 523 481 766 346 613 783 935 854 470 717 765 919 838 207 679 871 988 573 1011 759 417 340 965 703 1033 444 840 203 1008 417 203 593 915 873 501 666 731 930 1070 376 476 688 806 462 260 864 111 213 452 902 380 174 144 426 955 753 137 327 804 209 687 586 873 623 710 560 965 834 608 683 509 683 414 358 808 682 900 340 700 823 521 670 801 741 704 648 422 696 182 821 983 743 844 898 865 542 247 85 304 450 888 669 402 200 460 926 658 161 288 959 831 576 1067 719 749 673 703 558 387 863 394 918 346 495 178 488 715 582 135 268 748 331 614 49 511 129 343 717 747 559 485 829 819 877 348 505 663 165 551 601 205 412 231 391 130 495 354 358 394 798 789 567 567 390 838 494 616 223 970
603 752 1309 346 501 484 1204 1035 445 0 814 492 929 335 405 833 394 1154 443 79 255 1040 123 970 566 406 1232 1203 130 786 602 778 639 854 920 508 904 558 607 520 857 359 1010 326 418 687 860 697 669 595 483 870 881 637 939 854 973 960 592 748 94 181 1294 1036 1113 317 791 919 631 967 1097 565 743 836 637 473 259 515 415 1006 507 96 748 865 956 419 1018 886 657 843 679 1079 960 853 813 862 330 751 646 427 523 937 405 530 1212 426 932 1103 595 856 907 713 161 865 565 886 78 976 223 285 218 354 740 589 528 453 908 309 686 1062 498 755 522 459 1051 854 707 754 949 932 518 835 125 366 480 913 706 541 678 801 422 689 1136 1141 412 943 391 696 817 1078 961 925 461 583 546 501 913 945 892 866 576 822 939 1076 314 478 868 910 383 1259 584 193 553 1148 754 1227 219 856 260 863 653 644 445 1183 1160 567 483 1052 1010 1284 85 912 842 1018 901 704 942 547 648 136 918 600 601 538 329 952 914 548 755 1063 236 648 989 775 890 982 413 945 737 708 834 415 736 691 249 1002 947 980 141 700 959 916 929 663 652 649 814 24 613 268 994 1212 825 725 1168 1127 712 651 411 305 884 1158 1001 729 453 767 875 711 503 660 1052 1101 1001 1291 984 947 1038 1033 537 85 911 834 1007 317 828 610 537 877 454 311 189 1035 668 479 466 282 320 115 1068 830 970 884 736 708 1103 720 390 901 608 893 958 242 43 214 611 430 873 414 145 490 761 677 735 397 507 679 836 982 409 1193
214 620 496 472 522 562 393 390 610 814 0 439 302 508 421 595 648 340 603 819 588 398 819 574 504 431 421 412 700 214 299 477 182 271 107 321 90 424 254 404 537 476 247 504 566 426 212 381 480 240 613 346 440 212 488 200 457 154 348 125 802 706 482 226 365 602 521 137 382 219 307 260 371 466 587 478 619 595 409 374 538 749 569 435 310 406 464 72 367 514 500 304 200 634 424 62 637 175 307 450 526 471 438 304 400 546 337 322 398 44 590 204 720 193 589 283 771 168 612 659 698 568 420 264 300 448 422 655 281 270 389 583 318 589 254 531 639 557 147 468 297 511 789 482 589 381 437 406 487 642 441 218 347 353 618 149 424 566 210 318 495 451 395 606 286 480 198 437 348 417 533 273 415 263 539 601 409 581 575 445 592 639 285 357 259 430 630 368 726 682 194 563 525 375 366 276 576 319 361 477 733 591 106 207 611 605 311 557 536 711 407 238 515 483 509 467 151 504 508 257 672 386 482 536 129 196 526 495 517 178 108 472 252 207 568 201 161 337 678 332 228 428 142 559 470 413 71 797 449 637 211 399 228 552 362 319 106 447 547 511 565 352 303 265 429 212 506 249 450 380 377 299 575 481 191 142 397 321 367 730 343 595 345 498 253 529 306 116 500 658 748 257 314 509 563 620 620 711 385 230 499 428 509 529 290 357 497 98 589 281 339 658 811 681 226 495 365 401 670 325 417 519 89 551 308 603 273 372 443 382
305 775 906 276 537 130 814 550 172 492 439 0 449 352 297 380 210 745 165 463 381 555 445 491 572 325 845 848 363 538 145 698 274 375 529 307 515 498 186 37 784 163 562 191 512 603 397 205 198 209 599 381 390 379 801 578 481 549 111 446 441 330 900 623 800 465 735 573 527 517 745 209 251 728 231 40 434 607 286 521 555 402 739 726 702 164 526 502 166 365 649 631 518 411 687 500 213 305 481 390 557 446 338 165 818 109 706 761 509 481 439 264 349 408 636 648 424 566 383 248 306 460 637 370 178 419 744 515 211 627 60 752 146 563 622 779 759 735 536 785 256 357 417 353 578 722 625 467 209 375 370 241 692 791 180 523 241 260 559 755 471 434 357 660 179 499 611 773 690 375 601 600 757 673 181 586 713 842 492 850 650 393 171 795 541 864 410 680 313 877 246 220 494 757 720 349 569 588 761 904 410 444 517 637 440 288 696 153 207 450 741 209 157 82 346 795 582 107 285 643 280 545 498 735 461 550 466 808 698 442 512 405 522 248 316 638 520 731 359 547 652 425 507 679 609 565 476 470 564 241 649 818 576 714 741 705 371 170 113 242 413 730 530 254 59 305 775 497 22 168 788 672 518 902 558 579 552 564 422 416 697 381 748 271 352 173 341 543 477 238 357 593 185 507 126 457 204 378 588 580 480 392 693 688 711 229 410 496 214 415 475 268 471 296 219 68 382 234 366 248 649 660 396 479 238 719 356 495 113 804
428 915 532 630 777 525 472 110 583 929 302 449 0 692 604 376 637 386 578 909 756 117 893 295 774 625 502 552 801 516 328 776 354 76 287 529 289 688 334 416 839 572 173 605 799 717 97 267 356 361 864 98 185 470 786 496 161 254 341 420 887 777 539 289 574 804 821 388 663 144 479 398 224 768 466 480 800 853 589 84 794 844 864 736 590 522 162 295 292 285 790 222 162 411 725 336 659 203 588 668 785 191 636 416 469 547 627 506 672 307 338 228 796 112 858 578 867 264 771 696 755 780 717 511 423 678 720 860 244 246 433 879 418 834 255 833 928 853 244 766 480 285 865 674 839 677 731 664 356 442 652 250 283 515 605 223 578 415 511 528 209 173 612 877 404 732 475 732 645 169 804 574 709 343 617 851 710 883 797 474 864 792 392 513 559 554 795 669 760 982 309 440 763 368 312 512 827 154 632 562 845 338 400 359 364 449 595 488 415 860 704 355 425 440 689 762 414 447 328 289 728 671 186 835 187 206 753 792 813 466 405 689 550 252 711 391 207 614 790 625 487 152 212 845 756 698 372 908 728 690 428 471 529 846 351 331 362 343 556 637 320 343 91 201 478 170 807 542 446 296 633 294 288 547 224 351 115 123 617 848 637 376 613 645 103 430 533 396 739 683 806 206 266 756 536 812 652 816 140 530 210 170 805 822 389 235 710 249 482 37 39 716 913 744 347 517 113 557 791 501 716 807 363 776 479 890 94 72 521 466
295 483 996 77 219 434 888 801 434 335 508 352 692 0 90 730 420 846 427 368 83 808 387 823 274 78 914 877 258 453 383 467 351 620 614 188 597 238 360 357 552 198 731 184 167 369 606 524 547 331 256 660 704 312 618 522 780 660 402 424 359 311 977 734 782 117 489 598 305 692 772 294 561 519 576 362 112 272 104 774 233 303 464 541 622 195 816 579 480 704 381 798 681 762 490 548 359 492 312 96 242 758 73 280 897 368 598 776 271 547 783 464 311 604 312 552 319 675 113 342 329 108 420 261 271 127 580 172 468 772 317 474 283 221 758 548 453 465 652 609 219 696 362 32 239 582 390 215 558 727 88 443 849 815 413 649 120 611 484 748 786 742 128 335 290 197 583 617 560 683 296 488 609 768 229 245 542 609 142 949 329 143 303 822 420 902 125 526 385 595 386 569 162 883 870 241 233 787 676 963 268 787 519 704 787 637 608 486 558 211 589 337 507 431 9 627 589 454 632 764 315 323 802 478 605 693 128 624 438 380 510 92 402 441 107 682 657 646 226 369 629 727 638 385 346 329 495 324 302 303 670 896 492 438 870 827 402 515 354 131 756 860 745 505 294 522 562 377 372 490 718 805 846 973 692 631 806 775 204 260 577 731 673 89 591 522 210 554 157 363 359 752 465 188 419 121 335 262 823 496 794 701 436 416 789 535 76 603 554 656 727 305 347 307 346 329 669 138 206 194 440 384 423 133 216 415 606 756 241 877
208 491 912 66 242 398 805 714 409 405 421 297 604 90 0 666 408 760 402 427 167 720 438 748 282 28 831 799 309 386 303 445 262 534 528 105 511 221 276 294 532 167 642 169 219 345 517 450 484 244 303 576 625 233 582 451 698 573 329 344 414 345 895 647 710 201 474 517 273 602 693 207 484 490 527 315 201 310 15 687 259 357 462 504 559 133 732 492 406 632 374 709 592 700 456 463 356 404 259 94 262 679 41 197 814 337 541 699 244 461 713 377 350 515 340 491 376 588 192 350 354 180 391 186 186 125 537 256 386 683 252 474 204 268 670 528 469 461 564 570 130 625 411 71 282 532 368 191 495 670 73 357 760 737 394 561 59 555 415 674 706 662 77 364 205 206 509 573 507 604 310 428 562 682 220 291 500 591 205 864 355 220 219 744 359 824 209 479 404 599 297 516 198 795 782 163 273 698 615 882 330 717 439 620 720 584 546 442 502 291 543 250 453 378 89 587 510 403 566 677 335 292 720 468 516 604 172 589 429 304 430 109 340 354 158 600 568 584 280 323 555 645 549 393 335 304 412 391 289 314 591 813 426 436 783 740 316 450 325 133 685 772 657 421 240 435 535 314 318 417 654 717 769 891 603 548 718 686 160 324 522 667 610 97 505 469 133 474 181 365 393 663 386 211 385 209 331 316 734 430 714 621 425 412 705 458 117 515 508 569 640 322 410 332 258 289 586 64 265 105 409 381 337 188 127 430 520 670 193 794
592 1110 905 654 899 350 848 410 393 833 595 380 376 730 666 0 450 761 394 784 761 410 753 168 922 694 877 924 711 780 385 1004 523 348 629 646 624 841 436 374 1083 543 548 568 884 920 412 236 183 479 969 283 194 662 1065 789 267 613 344 674 761 654 913 661 930 845 1046 718 849 516 843 506 228 1017 202 381 814 972 653 388 917 738 1067 999 904 537 314 622 273 92 980 595 531 40 973 649 506 423 786 756 915 214 707 486 845 411 928 867 841 620 84 404 675 435 995 872 758 626 760 551 620 837 940 678 500 781 1000 895 336 622 415 1081 473 933 630 1077 1105 1060 600 1046 587 92 730 729 946 965 940 810 173 73 736 402 653 882 425 580 614 139 788 882 218 221 714 1019 488 857 791 1021 932 207 953 846 1000 716 548 956 979 1136 868 847 1007 768 473 881 806 928 787 940 594 1201 466 191 862 741 681 665 937 520 955 937 759 89 699 720 70 140 904 287 187 819 990 475 236 309 724 1049 739 292 103 663 599 864 262 1052 525 576 838 1072 1020 698 700 774 790 413 693 744 566 932 716 844 817 235 565 1021 940 888 661 810 900 566 775 846 807 1044 724 707 593 217 426 621 76 716 460 335 438 383 1062 772 362 259 967 669 204 922 592 694 406 487 761 768 930 1 938 651 355 225 671 709 843 527 661 582 315 870 368 837 514 726 463 810 225 208 1013 1017 762 247 782 587 231 366 368 592 803 620 476 422 265 603 728 591 947 994 609 853 574 1064 337 361 493 841
493 896 1114 356 636 114 1023 729 59 394 648 210 637 420 408 450 0 953 61 337 406 733 304 601 685 431 1054 1058 284 727 355 848 476 566 738 462 725 628 395 247 936 241 765 241 585 749 597 372 308 412 674 555 536 561 972 775 633 758 315 644 314 213 1109 831 1006 507 879 780 675 721 954 404 418 888 249 171 456 692 403 699 651 300 869 894 897 298 683 712 346 476 781 832 723 465 850 708 70 513 644 494 658 588 442 357 1027 103 895 969 649 689 528 472 234 611 731 838 317 775 390 111 177 519 791 540 367 528 919 543 412 832 259 881 339 639 828 931 870 868 745 958 426 468 283 437 658 904 771 598 314 410 475 450 895 1000 33 731 351 312 751 961 608 582 482 755 374 607 813 952 874 528 710 785 938 882 192 663 885 994 555 1057 748 385 369 1004 722 1074 414 857 145 1005 454 260 582 963 923 516 653 783 956 1113 329 533 720 847 519 315 889 169 271 413 920 413 232 197 412 971 787 193 386 851 161 693 644 875 669 757 548 979 836 631 715 501 702 458 334 847 728 926 299 711 855 578 715 797 742 709 681 371 696 140 857 1028 767 843 947 912 573 304 103 290 508 936 723 452 224 509 935 676 203 342 987 879 634 1111 766 788 729 757 562 341 884 451 945 334 547 236 500 748 573 84 213 797 381 605 102 485 91 297 772 771 618 543 831 819 920 403 494 706 220 605 656 159 359 183 424 155 552 358 318 407 807 788 599 551 407 831 547 672 235 1014
554 851 162 812 829 853 88 382 907 1154 340 745 386 846 760 761 953 0 901 1156 926 386 1153 664 796 768 117 187 1037 456 600 693 517 425 234 658 251 726 569 708 718 809 214 839 886 683 372 617 718 568 917 481 569 539 618 391 523 198 639 431 1138 1039 158 123 271 933 732 265 667 251 171 593 585 654 831 783 955 893 748 392 842 1086 799 605 399 741 496 269 625 670 756 174 241 796 623 299 954 440 601 781 826 566 774 634 84 853 453 198 693 300 720 481 1053 353 876 436 1108 181 952 982 1027 898 655 592 633 774 565 985 546 140 704 811 646 899 134 714 886 784 210 600 637 671 1123 818 895 516 686 717 721 827 774 504 135 179 921 222 764 790 430 242 578 552 728 888 616 791 328 556 497 555 819 477 535 78 870 907 576 741 900 107 874 979 613 172 510 179 969 542 1050 876 513 806 843 65 119 609 882 254 407 177 1072 719 341 149 747 826 414 831 778 1050 541 564 776 767 847 585 284 782 708 104 1001 664 541 755 285 200 850 622 751 483 351 802 516 497 908 184 226 408 1017 596 300 533 238 819 737 687 355 1136 731 964 219 86 437 791 69 57 445 695 857 849 704 68 306 510 748 449 675 527 750 634 381 94 647 164 189 220 389 286 686 1070 476 761 388 838 432 785 639 308 819 977 1078 180 579 821 858 954 941 1049 336 435 576 554 743 774 70 586 828 255 843 400 398 987 1150 1011 552 808 498 741 1009 665 643 775 424 876 648 858 442 413 771 83
462 892 1062 358 638 54 973 669 9 443 603 165 578 427 402 394 61 901 0 391 424 672 360 542 683 427 1004 1011 326 697 306 834 437 508 690 443 677 620 350 199 922 236 709 243 593 736 541 313 247 372 683 495 475 533 950 740 572 707 263 608 368 262 1057 779 964 523 868 737 661 665 909 369 358 870 195 126 477 698 395 639 654 347 863 873 863 280 622 665 288 416 773 776 668 411 831 664 113 462 624 492 659 528 439 323 976 68 865 925 637 644 471 421 283 555 735 807 366 724 413 158 227 530 775 516 334 525 895 564 357 778 220 875 304 647 774 917 870 860 694 935 401 409 337 440 665 877 758 589 254 358 473 399 839 954 32 680 343 256 718 919 548 521 474 759 339 606 775 927 846 467 710 757 911 831 201 672 863 980 566 1005 751 412 332 958 695 1026 439 832 203 1000 410 204 586 909 867 493 659 725 922 1064 373 476 680 799 462 262 856 110 212 448 894 373 172 138 419 947 746 133 326 798 207 679 583 865 617 704 553 957 826 600 676 501 675 408 352 801 676 892 337 691 816 518 664 794 733 696 641 420 688 179 813 977 735 836 892 859 534 243 77 297 450 882 664 396 192 454 917 650 154 283 951 825 575 1060 713 742 669 698 550 384 855 395 910 339 490 176 480 707 575 134 267 742 325 606 43 505 125 340 713 739 557 482 821 811 870 344 498 656 166 546 597 202 410 229 383 122 491 346 353 386 790 782 560 560 382 830 489 612 215 963
614 811 1314 363 554 436 1211 1012 392 79 819 463 909 368 427 784 337 1156 391 0 295 1017 45 928 618 433 1240 1217 121 812 585 826 640 834 924 527 908 601 597 494 908 349 1001 318 474 732 846 665 627 591 545 843 846 655 983 877 940 960 569 764 24 135 1301 1036 1134 372 842 932 672 957 1111 563 712 882 585 439 311 576 434 982 562 71 804 907 984 415 987 891 628 801 731 1071 953 801 856 870 279 740 678 463 577 901 434 524 1219 384 964 1119 636 862 860 701 115 852 625 916 51 977 262 234 166 406 784 611 524 492 948 372 666 1057 477 811 514 519 1048 904 768 809 949 975 528 793 55 399 540 949 752 581 635 746 455 677 1129 1156 360 941 402 646 841 1097 924 891 491 644 542 548 933 984 927 833 631 852 977 1079 294 539 909 962 438 1262 644 234 547 1162 784 1240 266 893 195 924 648 594 496 1181 1155 588 542 1039 1040 1294 100 865 857 1025 852 651 971 498 600 194 956 595 556 498 362 994 929 506 711 1063 189 690 955 828 885 977 462 989 789 728 849 455 765 680 270 1012 943 1009 147 737 979 884 927 719 701 692 826 66 660 226 1008 1218 852 780 1167 1127 720 613 370 311 838 1156 984 709 432 752 922 739 471 629 1080 1098 959 1299 981 956 1014 1018 571 111 944 785 1035 332 809 563 559 891 503 258 125 1029 644 529 419 338 274 111 1048 856 934 850 788 761 1109 691 432 902 556 873 936 198 37 170 607 397 845 424 163 500 805 730 745 449 514 739 815 958 394 1201
374 530 1077 126 266 441 969 865 431 255 588 381 756 83 167 761 406 926 424 295 0 872 319 866 328 160 996 960 194 535 438 532 425 683 694 269 677 307 423 393 615 219 806 194 194 438 674 569 579 398 278 717 753 394 689 604 834 739 449 506 288 259 1059 813 864 102 550 680 379 765 855 362 610 588 592 382 54 302 180 838 276 234 517 613 703 241 873 658 525 743 439 873 755 790 562 629 339 560 392 173 289 808 156 340 979 373 678 858 343 627 819 529 255 673 348 633 247 754 33 313 284 123 490 344 333 199 655 140 525 849 357 525 340 245 835 611 493 521 730 681 294 735 296 114 266 659 458 288 589 750 169 507 925 897 405 726 179 635 566 831 835 793 210 370 353 255 666 692 638 734 344 568 685 848 226 269 616 670 159 1029 367 62 364 905 501 985 43 602 343 643 454 588 207 962 947 323 264 859 757 1045 195 824 601 785 821 656 689 499 581 128 665 403 530 454 80 700 672 474 666 843 276 396 854 537 680 770 172 695 497 462 593 162 483 506 73 764 733 726 161 446 712 779 715 434 408 398 577 246 366 275 753 978 574 492 949 906 482 549 358 140 793 938 814 564 325 587 628 459 400 533 799 883 891 1055 769 713 869 845 283 184 656 762 754 115 654 544 292 636 210 337 305 827 517 239 424 81 316 195 890 578 844 752 496 472 871 584 138 681 567 720 790 268 270 263 413 344 725 201 138 267 511 440 503 164 288 459 667 818 270 959
542 1017 510 746 889 619 473 8 676 1040 398 555 117 808 720 410 733 386 672 1017 872 0 1000 284 884 741 500 568 912 610 441 874 469 190 358 644 364 799 450 524 931 685 199 718 914 820 208 361 436 478 977 178 223 579 868 581 147 312 449 520 995 884 524 320 615 920 918 460 770 196 513 514 315 860 538 583 917 965 705 35 907 954 965 824 661 637 111 375 393 323 894 213 218 438 818 420 760 319 695 783 897 197 752 532 467 648 703 542 781 393 351 345 903 218 968 659 977 316 886 799 860 896 817 623 539 793 804 976 355 256 543 980 533 948 272 925 1033 954 305 849 595 326 972 790 953 758 833 776 434 481 768 366 259 542 700 286 694 481 601 572 201 189 728 987 520 845 549 811 728 220 914 664 789 365 727 965 797 972 913 455 974 907 508 538 656 564 911 756 861 1079 425 514 878 350 286 625 940 134 697 556 956 349 487 403 378 510 669 575 491 974 785 472 510 537 805 842 487 540 389 307 834 777 160 933 272 253 868 874 914 570 493 805 649 368 826 442 269 683 902 727 554 177 281 951 862 804 464 1019 836 796 484 469 618 948 335 329 470 431 658 752 341 329 102 313 588 286 897 644 550 394 691 295 263 536 270 415 4 105 730 960 716 409 677 761 218 513 648 476 853 785 911 222 374 870 631 928 755 926 55 618 197 210 905 925 409 331 826 325 559 152 83 823 1023 851 463 622 182 673 904 617 814 912 467 891 595 996 206 61 633 469
617 842 1312 374 582 407 1211 995 360 123 819 445 893 387 438 753 304 1153 360 45 319 1000 0 900 645 447 1240 1221 131 822 573 850 638 819 922 536 906 623 589 478 933 344 992 315 504 754 834 644 601 586 578 825 823 663 1004 886 918 956 553 770 34 117 1300 1032 1142 402 868 935 692 948 1115 561 691 904 552 418 341 608 445 965 591 85 833 928 996 413 965 890 608 773 757 1062 945 768 877 872 251 731 694 483 605 877 450 520 1218 359 978 1123 657 861 830 691 101 841 656 928 74 973 287 207 140 435 806 621 521 513 967 407 652 1050 465 841 508 550 1042 929 800 837 945 995 532 766 30 417 571 966 775 602 608 713 473 666 1121 1159 328 936 408 615 852 1103 900 868 506 676 537 573 940 1003 943 811 660 866 995 1077 285 571 928 988 468 1259 675 261 541 1165 797 1243 293 911 160 955 642 563 523 1176 1147 597 572 1027 1053 1295 127 835 861 1025 821 618 984 468 571 229 974 590 528 474 380 1014 933 480 683 1058 166 710 932 855 878 971 489 1011 815 737 854 476 778 671 284 1014 937 1022 162 754 986 862 921 749 726 714 829 108 684 205 1012 1217 863 808 1161 1122 722 588 346 315 809 1150 971 695 418 740 946 752 451 609 1092 1092 932 1299 975 957 997 1005 588 140 959 754 1047 342 794 534 569 895 528 228 93 1020 628 556 390 368 248 126 1032 867 909 827 814 789 1107 671 455 899 523 858 919 178 81 150 602 378 825 429 183 504 826 757 747 478 517 769 800 940 385 1200
630 1149 793 749 965 493 751 287 542 970 574 491 295 823 748 168 601 664 542 928 866 284 900 0 978 774 779 840 844 780 447 1026 554 303 579 706 578 893 486 473 1097 651 459 680 964 952 366 299 302 528 1043 228 137 691 1060 773 142 549 421 675 905 794 807 580 869 940 1069 678 887 437 773 561 265 1028 359 502 918 1041 734 273 983 876 1102 1003 876 630 175 582 343 128 1019 491 456 180 984 618 650 421 817 832 979 106 787 554 746 546 909 799 886 588 86 418 815 388 1057 856 897 558 871 694 763 926 963 719 567 852 994 993 372 528 510 1116 545 1009 540 1092 1152 1092 538 1041 648 136 876 815 1019 954 970 864 294 237 812 426 542 807 573 517 703 293 781 822 88 124 783 1079 551 921 761 1010 921 161 1010 843 988 632 669 1030 979 1146 953 738 1067 883 536 804 814 839 897 938 744 1230 497 342 936 633 569 711 1008 411 921 837 892 82 678 654 110 304 880 432 330 940 980 522 373 434 818 1040 702 423 217 575 740 900 125 1080 475 500 917 1067 1052 711 680 851 802 435 804 685 501 902 845 867 778 147 506 1067 981 926 644 948 945 705 722 748 800 1080 617 607 602 323 560 728 96 610 360 351 543 377 1071 788 475 334 925 571 36 818 518 644 281 379 815 900 915 167 903 752 322 366 724 679 915 673 807 489 365 939 510 937 654 859 338 801 89 148 1044 1055 678 291 864 539 387 301 272 731 943 760 519 545 209 688 854 659 967 1035 611 935 639 1111 301 252 598 746
352 212 921 329 65 679 811 877 690 566 504 572 774 274 282 922 685 796 683 618 328 884 645 978 0 256 831 768 521 341 540 215 429 716 592 277 577 87 494 563 292 448 751 445 150 139 678 692 746 451 129 775 845 305 383 410 900 648 579 382 614 581 895 708 648 250 225 532 130 721 675 420 717 277 802 593 308 99 290 855 63 560 191 315 465 411 925 559 652 875 114 806 704 959 263 514 628 578 200 192 45 894 245 437 824 618 424 668 107 529 958 567 580 667 85 399 572 658 359 615 601 213 191 264 423 158 364 271 606 766 520 200 451 126 748 289 189 194 645 379 336 868 623 251 112 384 152 114 757 935 211 555 842 709 673 651 341 824 369 629 921 875 215 104 435 79 478 401 375 822 32 338 401 724 494 122 326 345 184 886 91 385 450 718 289 797 353 327 658 322 484 789 122 847 856 268 102 822 507 868 519 961 459 648 969 856 448 721 772 430 380 457 725 653 282 401 513 678 820 741 588 134 925 211 629 699 157 388 172 328 449 186 281 548 378 613 664 480 488 204 518 855 645 113 90 116 456 562 68 576 585 822 366 165 839 796 416 709 606 397 930 830 799 629 516 619 312 270 593 664 553 785 993 886 691 580 883 821 164 507 397 923 511 354 688 742 255 490 119 634 629 760 617 90 666 284 604 522 882 370 928 838 171 145 729 691 198 600 785 743 812 578 590 580 459 570 790 341 465 332 213 113 422 169 349 148 707 845 474 801
219 466 919 81 214 424 810 734 435 406 431 325 625 78 28 694 431 768 427 433 160 741 447 774 256 0 837 801 317 381 329 425 278 555 537 111 520 198 298 322 512 192 657 192 192 325 536 476 512 265 276 599 650 235 566 448 721 583 355 347 421 358 900 657 708 180 452 521 255 618 696 228 510 472 554 342 188 282 41 708 231 364 438 488 552 161 755 501 433 659 351 722 606 727 439 470 377 423 248 67 235 703 14 222 820 363 532 700 224 470 740 398 362 533 313 484 382 598 188 370 370 156 373 185 210 98 523 236 410 696 280 450 229 240 682 508 443 438 575 555 147 652 420 52 254 521 347 170 523 697 46 378 773 739 418 573 86 583 411 674 731 686 60 337 228 179 508 559 496 628 283 420 550 691 242 263 486 570 180 871 328 217 243 746 352 826 202 466 421 575 317 544 170 806 794 164 245 715 608 886 335 744 442 626 747 612 539 469 530 286 530 271 481 406 80 572 513 430 593 687 352 274 744 446 530 617 145 573 406 304 434 81 333 375 163 605 581 577 287 310 554 669 562 367 312 284 418 394 266 333 594 819 421 412 793 750 325 477 351 151 712 783 675 444 267 456 517 307 346 444 648 729 795 896 616 554 739 704 144 327 513 694 603 111 526 497 134 477 153 386 406 676 411 183 411 192 353 323 753 425 739 646 402 388 712 484 91 526 535 590 661 339 414 348 279 316 609 92 270 124 391 357 345 162 146 403 541 691 220 800
629 858 92 887 871 957 32 496 1010 1232 421 845 502 914 831 877 1054 117 1004 1240 996 500 1240 779 831 837 0 103 1120 492 700 701 602 539 320 728 335 769 664 808 713 897 330 925 935 708 483 728 830 658 957 596 685 603 601 422 638 297 741 491 1223 1127 65 228 227 993 736 317 704 365 159 680 698 654 943 883 1020 930 820 507 882 1169 807 602 394 827 610 351 733 786 776 289 353 912 629 370 1051 543 645 841 866 682 841 723 34 953 447 172 734 379 836 584 1141 464 907 445 1191 280 1023 1076 1118 955 672 655 720 830 555 1042 652 256 801 818 737 943 249 709 898 792 310 585 714 787 1210 885 936 509 707 764 833 943 837 605 243 135 1023 326 841 903 463 219 693 668 791 916 705 837 354 540 497 671 851 498 521 173 959 948 575 727 953 81 903 1051 704 125 543 80 1038 546 1144 868 606 917 893 155 221 674 924 368 385 62 1152 835 396 215 863 940 411 939 890 1122 532 655 885 872 916 566 328 889 822 217 1092 698 656 760 389 311 903 603 763 539 405 861 553 597 984 232 332 395 1097 628 315 649 342 839 764 718 420 1216 765 1056 249 32 465 803 168 173 521 805 956 930 820 172 422 618 843 556 668 569 852 743 349 210 761 60 297 285 502 401 740 1149 474 877 369 915 544 895 704 361 869 1073 1168 296 685 868 962 1016 1036 1131 448 462 691 670 755 789 134 697 888 349 953 515 514 1078 1231 1101 643 906 613 819 1088 742 657 795 497 929 727 874 555 528 862 41
604 776 183 858 812 967 112 563 1018 1203 412 848 552 877 799 924 1058 187 1011 1217 960 568 1221 840 768 801 103 0 1097 436 705 621 590 578 322 695 335 712 664 812 625 882 382 908 882 638 517 754 857 651 895 642 736 567 509 364 699 317 751 456 1202 1111 149 264 133 947 654 287 643 409 107 668 729 570 969 887 979 866 789 570 822 1147 726 517 313 811 676 347 753 833 703 356 394 960 549 353 1048 557 590 798 805 739 804 713 125 955 364 103 675 369 889 596 1124 495 840 372 1168 302 988 1069 1106 908 598 616 708 784 468 993 668 314 800 737 729 884 301 621 819 711 331 494 690 833 1192 847 876 423 635 711 861 986 796 615 322 63 1027 350 816 935 406 139 753 723 751 846 695 781 298 449 415 718 785 430 432 210 946 887 491 635 902 183 833 1017 696 56 484 32 1002 466 1136 778 604 944 839 242 304 638 864 435 294 107 1126 889 361 215 916 973 331 955 916 1087 444 649 906 885 880 474 289 903 859 266 1080 635 719 678 411 349 853 511 684 498 370 816 496 605 955 211 361 309 1072 565 254 703 365 765 694 653 393 1188 700 1046 210 122 404 724 252 242 501 829 957 907 871 253 480 639 840 577 579 515 858 764 255 274 826 134 332 271 571 465 692 1121 392 924 281 887 577 917 668 327 817 1069 1155 351 702 812 970 973 1031 1108 520 401 752 721 677 713 163 724 844 359 977 559 570 1066 1206 1087 637 906 660 794 1061 718 581 721 475 878 704 798 591 589 852 110
494 723 1195 244 459 363 1092 906 329 130 700 363 801 258 309 711 284 1037 326 121 194 912 131 844 521 317 1120 1097 0 693 474 722 521 726 805 408 789 495 483 391 806 233 887 201 384 626 734 568 543 474 464 741 752 536 875 758 844 842 463 644 106 80 1181 918 1015 286 742 811 562 843 991 445 614 776 518 345 224 492 316 877 469 50 710 798 867 297 889 771 528 717 632 956 838 732 747 751 215 626 564 353 482 808 319 407 1099 301 848 999 528 742 782 588 67 739 539 799 71 858 163 174 115 314 677 492 407 384 837 301 558 941 369 718 398 434 931 802 684 714 831 866 408 709 105 287 455 836 647 472 552 682 343 564 1014 1035 297 823 282 574 723 977 832 797 376 560 424 447 813 873 812 738 537 736 865 960 185 456 798 862 349 1143 557 141 430 1042 667 1120 176 781 173 835 531 523 400 1064 1039 469 455 927 923 1174 49 787 737 906 778 585 854 426 525 138 844 478 476 411 250 884 809 423 630 945 124 580 860 730 768 861 365 881 690 609 729 347 648 566 154 892 826 892 34 624 859 788 809 627 599 586 705 108 556 147 888 1099 734 685 1049 1009 600 523 286 191 759 1039 874 601 325 641 818 622 374 531 962 981 874 1179 864 836 909 907 458 59 829 712 918 213 700 486 440 771 403 201 117 913 539 432 344 254 201 16 940 738 842 755 688 665 989 591 327 784 490 766 830 125 114 103 490 302 744 304 57 380 697 633 625 356 394 651 708 853 281 1081
236 415 582 450 379 667 471 602 705 786 214 538 516 453 386 780 727 456 697 812 535 610 822 780 341 381 492 436 693 0 427 265 274 481 271 288 258 278 371 510 323 507 442 526 446 231 424 550 639 335 466 554 644 168 285 73 669 327 479 107 799 723 557 377 331 512 309 194 212 423 338 330 553 252 733 575 549 439 378 587 390 742 363 224 175 438 678 243 524 707 305 486 403 820 210 196 696 363 154 367 374 679 381 375 484 631 169 335 242 219 787 377 731 406 420 112 761 334 566 706 726 473 212 202 364 350 220 557 447 442 480 376 394 451 422 318 441 349 327 266 306 703 794 422 445 188 237 275 648 818 367 380 514 376 703 339 417 727 32 301 705 660 325 432 360 346 140 243 155 620 364 66 224 386 573 456 200 369 466 545 418 595 369 384 55 465 576 160 768 469 323 712 403 510 525 227 432 520 233 533 715 789 130 310 806 765 164 681 687 662 211 337 655 604 458 269 173 628 686 410 704 208 694 326 339 385 417 292 311 98 122 384 61 369 543 273 355 202 665 141 183 637 338 368 283 231 146 774 276 675 245 482 41 349 503 460 188 602 627 510 761 494 513 446 506 406 293 80 555 539 270 454 784 548 373 244 610 527 258 708 160 781 226 481 459 671 254 155 381 713 770 443 474 377 663 540 675 701 593 45 709 633 303 329 389 534 411 291 728 494 553 690 795 706 330 576 572 399 650 330 206 324 172 443 325 409 480 586 496 461
