220
0 334 275 510 256 621 340 331 235 297 340 500 324 409 762 222 656 239 443 426 428 731 69 663 184 479 269 403 495 497 309 434 146 590 316 864 326 444 472 217 244 314 596 339 495 180 759 233 168 325 435 223 542 580 633 315 524 283 338 174 108 677 508 449 355 699 381 212 226 594 262 277 523 293 493 398 465 412 220 354 496 692 262 637 449 386 178 262 386 596 606 283 631 335 854 347 378 438 623 219 595 387 313 399 573 746 245 643 544 560 339 689 317 434 329 151 800 611 701 533 567 683 590 39 58 537 376 503 220 290 143 409 324 468 34 504 565 420 329 626 204 388 223 772 649 482 295 411 179 336 139 306 620 75 762 488 544 541 541 717 600 382 182 251 384 385 643 186 409 588 166 164 378 497 665 648 135 403 243 622 613 189 445 371 553 545 235 423 657 483 294 564 444 580 104 296 355 326 363 309 716 701 533 307 282 316 205 526 566 392 632 354 189 369 473 473 614 239 257 621
334 0 593 436 325 298 21 488 379 336 495 176 44 469 445 377 362 440 199 415 464 437 267 335 514 157 597 726 187 189 623 123 480 462 68 544 328 167 597 526 572 393 393 406 242 427 427 228 463 89 299 119 244 246 662 540 228 400 531 285 374 344 179 406 103 417 54 537 241 312 564 339 491 414 562 723 512 366 528 79 460 383 161 722 169 232 457 563 372 285 386 519 412 609 547 36 596 277 308 204 416 150 542 606 398 453 294 601 390 578 636 356 227 152 638 261 491 331 369 312 408 716 450 297 378 299 373 343 437 441 444 135 348 266 344 544 267 101 276 317 286 387 410 450 335 499 583 468 467 323 384 453 366 398 501 228 368 415 360 399 324 216 370 529 82 434 717 519 101 426 296 497 710 257 435 327 268 167 97 385 544 311 621 704 557 459 412 355 714 341 270 313 121 489 247 180 512 291 192 237 382 369 411 413 229 639 439 477 266 631 429 116 498 205 517 156 341 390 576 340
275 593 0 758 500 888 595 503 303 403 310 766 591 435 1032 438 868 415 651 664 465 1005 333 928 184 745 51 134 766 730 271 674 150 703 559 1133 442 717 630 70 191 376 756 562 698 349 1020 418 135 561 590 475 815 838 827 209 796 333 477 432 223 927 754 694 628 973 644 68 494 868 284 380 756 501 683 133 672 519 260 624 734 963 537 796 673 566 150 290 631 867 878 188 796 374 1127 598 479 606 893 492 862 604 426 504 840 1020 384 869 682 767 332 947 587 661 293 346 1072 886 948 806 704 869 710 312 221 811 468 771 392 481 271 636 567 650 284 708 786 686 593 897 357 472 257 1040 877 700 329 623 294 588 340 308 895 202 1037 697 696 800 697 986 874 569 265 116 653 606 808 115 651 723 421 130 211 693 938 916 334 678 497 799 678 327 569 149 768 793 432 540 831 627 447 756 709 668 379 497 520 586 559 481 970 949 792 519 551 51 203 765 838 462 902 581 255 642 680 741 816 294 235 826
510 436 758 0 259 471 456 313 704 712 826 428 393 850 533 323 743 365 632 100 855 444 489 516 590 415 731 862 381 587 612 536 608 897 495 620 720 326 307 714 622 757 824 208 668 420 608 598 675 519 731 467 367 514 250 821 358 744 371 337 612 619 538 65 336 395 419 690 292 347 550 704 72 272 221 853 174 781 542 361 54 460 311 346 593 663 687 545 127 418 237 790 838 524 565 471 430 712 444 317 170 586 422 420 157 452 656 166 826 175 582 573 227 578 612 571 529 349 646 225 843 300 886 484 565 253 772 135 385 305 494 566 191 701 487 178 660 400 191 425 626 787 712 562 687 133 534 182 481 175 418 785 301 578 394 653 804 79 795 507 336 648 665 759 377 175 331 646 522 861 345 628 753 687 281 477 565 286 458 806 973 635 384 794 148 36 338 776 315 775 663 734 410 921 424 590 317 188 622 644 617 643 73 254 250 784 709 48 377 479 222 551 528 232 172 400 746 712 594 739
256 325 500 259 0 520 343 165 470 499 586 422 286 631 636 81 685 144 512 171 642 576 248 568 339 402 476 609 393 512 388 447 351 740 357 736 516 326 278 455 378 535 701 96 560 176 670 395 419 379 570 288 417 517 392 569 400 514 215 86 362 629 489 196 266 534 342 433 86 442 323 486 268 90 262 600 223 591 304 284 241 558 165 421 491 504 431 319 133 478 405 538 726 329 705 357 282 559 508 124 373 455 239 288 351 589 441 389 677 313 375 612 136 473 394 345 657 455 657 345 698 445 733 235 309 360 570 285 155 121 242 453 70 566 231 262 591 354 110 501 405 584 469 655 650 232 320 170 237 89 163 548 441 322 574 547 664 302 658 596 441 493 424 503 316 138 421 389 425 718 91 371 517 572 464 540 335 271 291 703 794 406 297 547 302 294 112 592 427 618 465 633 376 749 185 415 188 96 467 458 650 655 294 89 109 528 459 272 438 324 418 416 283 203 230 389 665 476 358 664
621 298 888 471 520 0 300 675 668 609 777 123 297 727 149 595 333 661 361 513 714 173 557 49 791 143 888 1020 130 257 884 264 766 616 346 247 590 195 741 821 846 668 497 565 361 672 150 515 759 355 501 415 109 92 720 834 123 683 731 522 670 156 193 483 273 182 245 829 458 135 821 618 543 602 673 1016 620 599 790 268 519 103 382 815 310 452 754 818 488 54 272 814 489 845 257 302 799 470 37 436 344 360 759 801 341 187 577 611 544 645 884 102 385 307 895 557 201 143 181 248 551 767 598 583 669 220 623 337 667 637 710 319 504 429 624 638 288 202 421 62 577 636 704 153 262 589 829 597 724 467 637 737 207 689 278 346 510 406 499 103 151 437 665 826 237 569 802 807 276 560 536 785 988 383 281 31 565 250 393 450 725 604 794 991 619 472 629 580 785 522 539 392 179 666 523 449 694 440 423 500 146 178 408 592 413 932 735 518 95 842 317 355 762 319 621 148 367 680 842 353
340 21 595 456 343 300 0 505 371 324 485 180 65 455 448 393 346 455 179 435 449 445 272 336 521 162 600 728 196 174 633 107 485 442 53 546 314 181 616 527 580 381 373 426 222 440 426 219 463 72 280 120 254 243 682 535 238 390 548 300 374 338 169 427 123 427 62 540 258 323 575 328 512 432 582 725 532 349 539 99 480 389 180 742 150 213 457 574 392 291 402 514 391 622 552 15 612 257 313 221 434 130 557 622 416 461 284 622 370 598 648 353 247 132 649 258 496 342 361 329 388 737 430 303 382 315 357 362 452 458 455 115 368 245 352 564 251 110 296 324 279 372 404 452 321 519 595 488 478 343 396 444 380 402 513 208 348 434 339 402 336 197 365 526 98 454 737 524 83 405 311 502 717 237 450 330 266 185 99 365 525 305 639 708 578 479 428 338 734 321 256 293 127 470 256 166 530 311 173 223 377 361 430 431 248 641 435 498 275 646 446 97 508 225 537 163 323 383 585 323
331 488 503 313 165 675 505 0 565 616 669 583 451 738 780 122 849 95 670 215 754 710 355 723 320 563 466 584 551 676 307 610 362 883 515 878 639 484 142 479 335 641 855 117 719 163 825 526 463 536 715 438 569 679 324 627 553 613 60 217 435 791 654 254 430 664 506 441 248 584 250 599 282 75 180 573 176 721 254 448 270 703 329 308 652 652 483 244 209 630 519 595 882 211 839 519 127 708 659 285 469 612 110 127 450 722 560 379 824 268 270 770 293 635 303 460 794 594 819 473 846 368 878 329 369 494 693 396 118 49 238 614 173 720 298 209 754 518 254 649 520 706 552 803 815 212 225 137 209 210 194 636 568 373 688 708 814 382 809 743 580 642 512 542 480 139 316 390 588 867 210 379 451 730 574 692 447 428 444 862 925 513 134 504 272 346 97 726 334 764 595 793 539 885 306 560 27 236 617 596 809 817 375 83 272 517 527 300 588 174 520 573 250 356 183 550 827 569 299 827
235 379 303 704 470 668 371 565 0 101 124 549 397 176 817 452 581 473 369 635 197 815 222 700 352 533 334 426 565 463 488 419 285 405 323 912 139 537 706 238 403 86 454 561 411 413 780 154 182 314 289 272 622 600 859 168 605 49 572 384 141 670 502 650 453 794 431 281 413 688 461 78 731 522 722 429 689 218 419 439 702 759 406 870 401 274 160 463 591 662 742 154 495 547 922 368 608 307 683 388 752 333 543 630 731 831 96 853 380 781 535 706 484 393 511 136 867 707 688 665 402 910 411 240 209 660 170 664 454 523 362 371 534 355 268 729 506 479 514 694 93 177 47 817 600 701 502 635 400 535 373 82 735 214 875 413 393 718 395 771 699 281 57 196 456 606 875 301 400 422 381 288 495 402 797 698 140 517 292 499 399 73 679 448 771 737 469 239 887 325 153 462 498 377 286 227 590 517 277 192 720 689 711 535 456 353 100 730 644 616 778 321 393 513 697 534 523 13 436 536
297 336 403 712 499 609 324 616 101 0 172 496 364 139 757 497 488 529 283 654 145 766 261 636 440 481 434 526 519 385 576 350 375 309 272 847 39 501 755 338 494 59 354 594 321 475 709 116 280 258 190 251 577 533 890 253 562 83 631 416 223 593 431 663 425 750 386 379 430 647 543 23 748 564 759 529 721 122 501 406 717 705 403 913 322 184 258 545 609 610 717 246 395 625 865 317 674 210 628 399 736 257 609 694 717 781 58 869 280 809 619 636 486 317 599 157 810 666 608 641 303 943 313 289 285 631 80 653 512 570 435 298 557 260 329 760 419 433 522 642 97 91 147 754 513 727 582 668 472 552 431 136 701 295 837 324 293 715 295 711 659 193 146 295 418 636 916 395 334 322 416 380 593 310 769 639 170 491 266 400 317 108 738 548 796 742 519 141 925 225 71 367 449 288 316 162 642 529 195 111 646 610 709 574 463 453 201 743 597 687 757 255 473 502 728 485 429 110 523 442
340 495 310 826 586 777 485 669 124 172 0 661 516 130 925 562 651 575 453 754 161 930 340 806 417 646 354 409 681 556 545 520 349 414 435 1017 200 656 810 263 458 116 495 676 488 511 880 267 231 423 345 393 738 704 972 109 722 95 669 500 234 765 602 770 573 911 547 315 534 806 531 161 851 632 832 416 803 246 492 558 821 872 529 976 493 353 206 534 710 775 864 122 537 622 1033 480 697 370 795 510 874 428 633 720 854 946 202 972 411 896 599 807 607 488 569 259 977 825 779 787 430 1023 425 352 301 781 197 787 554 629 449 469 652 422 372 842 588 594 636 807 213 194 118 924 682 817 575 749 486 655 475 43 855 300 994 493 433 841 438 880 817 363 163 195 574 721 983 351 504 447 497 344 519 475 918 808 262 638 412 549 373 196 775 456 888 859 575 272 997 368 242 527 612 369 404 329 693 638 367 283 817 781 834 646 578 354 147 850 759 699 901 424 470 637 811 648 590 114 496 604
500 176 766 428 422 123 180 583 549 496 661 0 176 619 270 492 319 558 272 447 609 271 436 163 673 22 767 898 49 184 771 165 646 543 228 369 480 106 665 699 729 554 438 480 286 563 261 397 637 239 408 293 95 97 676 714 89 567 636 413 548 209 122 423 161 261 123 708 352 167 709 502 496 508 608 894 554 499 677 151 468 211 271 759 221 351 632 706 415 115 284 693 440 739 374 182 704 379 134 325 340 257 658 708 329 287 460 583 469 596 775 194 291 212 784 436 318 185 237 229 480 727 527 462 548 204 517 301 562 542 595 218 418 345 505 578 244 81 334 147 458 531 583 275 260 529 721 523 611 383 525 621 238 568 353 270 438 377 427 223 183 336 544 704 118 492 749 686 170 493 426 664 871 308 316 152 443 159 271 404 644 484 709 871 571 437 527 482 737 436 426 336 57 586 404 335 604 353 318 388 229 235 376 501 313 811 613 475 110 745 332 245 648 232 557 34 331 561 728 321
324 44 591 393 286 297 65 451 397 364 516 176 0 499 441 344 399 407 243 371 496 424 260 339 499 156 591 723 176 227 602 162 470 505 106 542 359 141 557 525 556 419 437 365 285 400 436 251 464 129 341 126 229 259 618 554 212 422 496 254 376 364 207 362 64 399 61 532 204 293 542 364 447 376 519 719 468 403 507 44 416 375 122 679 212 273 461 540 329 277 354 531 455 581 539 80 562 320 303 170 379 194 509 570 360 439 317 558 433 534 612 366 184 194 616 271 484 312 389 279 452 672 494 286 372 269 406 303 406 404 424 178 306 310 330 501 305 96 232 309 304 421 425 450 367 455 558 425 444 280 359 474 340 392 479 271 412 373 404 396 303 257 382 534 63 392 674 510 142 470 266 488 696 300 406 325 276 130 105 428 585 326 583 695 513 416 379 394 670 383 300 356 120 531 230 213 474 248 232 271 396 389 369 374 187 636 448 434 252 598 395 159 478 162 473 151 382 408 557 380
409 469 435 850 631 727 455 738 176 139 130 619 499 0 872 622 554 647 377 790 32 889 387 749 521 607 476 538 646 486 655 464 453 287 403 957 142 635 878 383 568 97 380 725 402 588 813 254 340 385 249 389 705 645 1022 238 691 128 747 547 315 691 541 800 561 877 516 432 566 776 632 147 885 691 889 545 853 141 591 542 854 826 542 1040 425 278 315 635 745 733 852 250 422 720 982 446 783 279 749 536 874 368 718 805 854 905 195 1006 294 943 705 741 624 424 678 287 928 795 702 777 311 1075 300 410 384 766 105 792 628 694 537 409 692 331 442 892 503 563 660 765 227 94 203 865 594 861 675 799 575 688 547 130 834 388 966 410 321 853 327 827 789 292 232 319 551 769 1044 462 452 325 546 452 642 386 903 757 297 627 403 440 244 227 854 583 931 881 641 167 1054 260 200 428 576 240 447 290 763 666 304 233 745 704 848 702 601 481 251 880 724 791 893 375 567 641 861 612 490 175 603 507
762 445 1032 533 636 149 448 780 817 757 925 270 441 872 0 714 426 779 500 595 858 103 700 124 927 289 1030 1163 267 392 1012 409 906 740 495 103 737 323 827 966 980 815 613 665 492 798 116 663 905 504 639 562 224 228 770 982 242 831 838 650 816 226 332 560 409 148 392 972 584 197 948 765 603 711 749 1159 698 741 920 409 585 78 513 876 450 595 901 945 580 167 301 962 598 964 112 450 906 608 139 567 376 505 872 905 382 105 726 646 671 705 1008 152 501 449 1022 705 62 189 237 315 675 811 721 724 812 290 768 404 788 747 842 463 608 563 763 709 407 347 529 138 726 780 852 34 353 661 953 685 853 571 767 886 233 832 215 479 636 458 625 47 203 581 813 973 380 661 860 947 423 682 664 925 1123 514 278 119 712 373 540 559 853 752 890 1130 678 524 747 720 838 655 686 510 325 795 662 597 796 547 569 646 178 232 462 698 533 1076 883 577 201 952 333 503 893 434 698 292 474 829 973 457
222 377 438 323 81 595 393 122 452 497 562 492 344 622 714 0 739 67 552 227 637 656 236 642 268 471 410 540 467 566 308 499 289 761 399 815 519 401 259 401 302 525 735 125 602 99 745 404 372 419 593 318 494 587 412 531 477 499 156 97 329 697 550 258 333 614 402 372 142 522 243 481 318 71 271 531 245 600 226 348 296 637 225 419 538 531 388 239 197 554 484 499 763 251 785 406 219 586 585 175 449 494 167 230 428 669 440 434 703 341 295 684 213 520 314 341 736 535 724 425 725 462 757 213 268 440 573 363 75 75 172 498 136 600 191 284 643 420 191 578 401 586 444 733 710 266 241 192 161 165 99 526 521 277 653 591 694 374 688 674 521 521 401 455 381 170 423 325 476 746 89 309 439 612 543 616 328 346 326 744 804 396 254 473 337 358 36 605 436 642 474 676 443 763 185 438 148 176 497 474 721 723 366 86 182 462 425 327 515 255 496 455 208 281 253 459 713 457 280 714
656 362 868 743 685 333 346 849 581 488 651 319 399 554 426 739 0 800 219 750 530 495 589 320 840 329 887 999 367 173 963 240 791 339 348 476 454 418 953 799 899 538 206 762 171 782 325 451 734 334 308 441 399 250 988 740 400 571 893 645 652 201 206 732 431 513 346 827 602 457 909 507 809 775 907 1000 855 414 870 408 780 424 521 1064 208 307 719 908 713 377 591 733 180 963 531 333 957 282 369 566 654 271 901 967 645 507 488 901 283 907 984 275 574 225 981 529 488 470 194 545 278 1041 319 624 684 519 458 619 796 802 787 249 701 230 676 883 96 349 622 394 512 465 626 404 74 835 933 817 814 671 736 621 533 702 608 172 248 695 239 396 475 301 606 773 381 784 1056 825 263 278 655 804 1027 179 610 352 543 462 425 142 455 543 982 1002 883 755 773 388 1048 297 428 127 335 402 591 373 873 639 310 391 252 198 694 772 584 919 674 790 402 991 639 303 839 529 859 344 65 592 912 48
239 440 415 365 144 661 455 95 473 529 575 558 407 647 779 67 800 0 609 266 665 719 270 709 234 537 380 504 533 628 251 561 270 806 457 880 555 467 236 386 259 551 788 158 659 69 811 445 368 476 640 372 560 653 415 532 543 521 104 156 341 763 614 301 399 677 467 351 208 586 187 511 349 93 271 494 258 638 178 413 331 702 290 403 597 580 388 182 244 621 543 500 817 185 849 467 159 636 651 239 504 550 103 174 483 732 474 457 750 353 232 751 279 580 254 374 800 599 790 487 773 461 802 240 275 503 607 421 24 67 146 557 188 653 206 294 705 486 253 644 433 619 459 799 773 287 178 210 122 222 101 543 583 279 713 649 743 424 738 739 585 572 420 448 447 197 411 301 537 794 145 288 388 668 601 682 360 412 382 799 842 424 210 431 354 400 33 645 428 689 514 733 509 804 228 487 118 237 548 518 787 789 416 112 249 432 433 362 581 192 552 512 167 346 266 526 772 477 230 774
443 199 651 632 512 361 179 670 369 283 453 272 243 377 500 552 219 609 0 613 360 532 377 377 625 267 669 782 312 109 751 109 574 275 155 582 254 330 789 581 684 338 194 599 53 582 436 233 516 134 140 238 367 274 861 533 357 366 707 456 434 314 169 605 297 529 215 609 427 438 700 299 689 599 758 783 709 242 660 271 658 463 355 919 53 102 502 700 570 379 546 522 215 761 612 164 767 110 388 388 591 59 708 781 576 547 274 797 201 776 777 365 425 61 770 311 559 456 327 480 216 915 261 412 467 461 274 529 601 622 578 66 543 74 465 742 138 247 474 408 295 285 413 491 232 698 728 664 608 520 535 418 508 485 624 47 174 604 165 458 454 91 389 558 258 630 915 607 114 232 465 587 810 60 585 390 326 352 228 192 373 326 804 784 756 652 585 221 912 164 217 125 248 315 388 155 695 489 93 177 369 329 601 600 424 701 459 674 381 797 593 98 629 401 714 278 172 381 699 179
426 415 664 100 171 513 435 215 635 654 754 447 371 790 595 227 750 266 613 0 798 515 415 560 493 431 636 765 405 585 512 527 515 866 466 688 666 341 232 623 523 695 807 108 655 322 657 544 589 490 697 420 405 540 248 740 392 678 273 255 532 649 545 40 324 467 410 597 225 401 451 644 98 173 162 755 108 734 443 348 70 519 267 315 581 629 602 445 46 462 314 709 825 425 640 450 335 681 490 257 257 561 323 327 239 524 597 219 798 164 482 613 189 564 512 505 600 407 677 281 817 303 857 405 480 306 720 194 286 205 397 549 103 677 401 133 662 402 141 475 564 735 638 622 702 86 434 91 383 103 324 715 370 492 479 640 779 168 771 564 393 615 591 673 372 77 306 551 509 836 261 535 653 671 365 524 497 291 416 797 933 568 299 695 146 135 240 732 300 743 612 725 417 884 350 548 221 129 589 598 656 675 161 154 197 688 629 102 420 384 309 524 429 222 111 415 744 642 495 740
428 464 465 855 642 714 449 754 197 145 161 609 496 32 858 637 530 665 360 798 0 879 401 735 546 597 506 569 638 469 681 451 478 256 397 942 139 630 894 412 594 114 352 737 382 607 795 258 367 379 228 391 696 631 1034 270 683 150 765 559 338 672 526 807 559 868 510 460 575 768 656 157 892 705 901 576 865 120 615 539 861 814 546 1055 409 263 342 659 753 723 849 281 393 744 969 440 803 258 738 543 873 355 738 825 854 894 202 1013 265 953 730 725 629 409 704 299 914 787 682 774 282 1087 269 426 405 762 93 792 646 710 558 396 702 310 461 904 482 556 666 754 238 79 228 850 572 871 698 811 596 696 565 159 828 411 958 391 293 856 300 814 782 278 253 349 546 780 1058 489 441 295 559 478 671 364 898 744 310 625 404 412 214 242 872 613 940 885 657 144 1067 235 197 404 568 209 459 284 779 673 292 227 727 685 850 716 607 512 278 887 715 813 891 365 590 642 872 603 466 198 629 482
731 437 1005 444 576 173 445 710 815 766 930 271 424 889 103 656 495 719 532 515 879 0 674 176 886 285 999 1133 250 429 960 430 872 789 496 176 750 289 745 942 936 824 668 594 533 745 212 664 883 509 671 549 195 265 675 976 212 835 769 603 797 300 364 478 379 50 384 943 535 139 895 772 513 644 663 1128 614 766 871 385 497 73 473 783 480 619 882 892 505 157 208 954 659 903 130 450 836 641 144 523 281 525 808 833 289 16 728 548 716 613 950 226 446 475 968 694 86 123 317 238 724 715 771 694 785 218 787 321 730 681 796 484 540 600 728 622 460 337 467 125 722 800 846 137 422 575 896 605 803 503 718 888 145 804 118 518 683 367 672 105 136 603 804 956 361 585 766 913 438 733 616 892 1079 555 178 148 699 330 528 619 897 747 812 1093 586 431 687 748 744 693 696 563 318 839 628 605 724 483 587 658 262 313 372 630 480 1047 871 486 172 883 235 515 846 380 613 282 536 827 925 520
69 267 333 489 248 557 272 355 222 261 340 436 260 387 700 236 589 270 377 415 401 674 0 598 253 415 332 463 434 429 375 365 213 540 247 801 286 385 494 269 312 290 536 340 429 222 693 178 212 257 379 154 483 513 638 336 464 267 372 162 131 609 439 432 296 644 315 273 197 538 324 245 511 304 502 459 468 369 284 292 482 631 213 654 381 325 214 325 371 535 560 307 570 391 795 278 420 379 561 179 557 320 356 439 535 689 205 633 489 560 402 622 279 366 394 105 740 555 633 486 512 690 538 37 113 487 338 466 254 310 203 341 313 405 89 507 497 356 301 565 165 351 224 709 580 479 354 414 235 317 175 301 569 133 712 422 486 511 483 654 544 320 178 290 321 385 658 252 341 533 160 230 446 432 619 585 92 349 175 558 573 161 479 437 550 522 258 377 668 427 245 499 379 535 65 233 381 301 299 254 648 633 504 315 247 376 223 511 506 440 590 287 253 323 476 410 548 229 324 554
663 335 928 516 568 49 336 723 700 636 806 163 339 749 124 642 320 709 377 560 735 176 598 0 835 184 929 1060 177 269 930 287 809 620 380 212 615 242 789 861 891 695 496 613 370 719 103 546 798 386 516 454 156 105 763 866 171 712 779 569 709 127 209 529 318 197 284 870 505 174 867 646 587 650 720 1057 667 618 836 312 564 105 428 860 327 472 792 864 536 99 309 848 485 892 235 336 847 485 73 482 382 383 807 849 381 188 607 651 550 690 931 60 433 326 941 593 183 178 149 292 555 810 602 625 710 263 645 381 714 685 755 341 552 441 668 684 288 244 469 94 610 657 737 118 246 635 876 645 770 515 683 767 241 730 290 356 515 448 504 83 188 458 699 862 280 617 846 849 302 563 582 827 1032 392 310 41 602 298 432 445 732 637 842 1033 664 515 677 597 830 533 565 392 220 674 566 477 742 488 446 526 104 144 451 640 461 973 770 562 141 890 352 382 808 367 668 191 361 712 888 345
184 514 184 590 339 791 521 320 352 440 417 673 499 521 927 268 840 234 625 493 546 886 253 835 0 652 147 273 663 681 137 617 69 747 499 1030 476 605 446 173 60 437 769 387 676 172 934 405 186 509 603 406 704 757 643 343 686 397 294 286 217 858 690 526 520 849 558 126 354 748 115 418 581 324 500 263 491 562 80 524 561 854 415 613 633 561 211 119 464 761 736 312 806 208 1012 529 300 611 790 363 710 570 244 325 688 900 399 691 709 586 184 865 447 618 160 321 960 764 882 669 732 686 750 219 162 679 518 621 212 300 97 592 402 645 170 527 749 593 441 790 360 527 318 940 833 521 160 443 113 427 176 396 762 147 902 671 713 640 712 883 751 559 298 245 555 429 625 76 593 753 273 74 198 677 796 817 305 558 425 799 751 337 388 210 587 626 255 578 647 649 457 744 617 726 270 474 336 431 541 480 894 882 632 343 410 198 273 592 727 290 754 538 72 509 499 644 796 350 84 803
479 157 745 415 402 143 162 563 533 481 646 22 156 607 289 471 329 537 267 431 597 285 415 184 652 0 746 877 46 186 750 158 625 540 211 388 467 91 647 679 708 539 439 461 285 541 282 380 617 224 400 274 101 116 662 696 91 551 615 391 528 228 127 409 139 272 104 687 331 174 687 487 483 488 591 874 538 489 655 130 454 227 250 744 217 342 613 685 398 130 283 675 443 718 391 166 683 372 152 304 335 247 638 688 324 301 444 573 465 582 754 216 272 207 762 417 335 192 256 224 478 714 524 441 527 200 505 291 541 521 573 210 399 340 484 563 250 60 315 162 440 519 566 295 273 513 699 506 590 364 504 605 241 547 363 269 436 368 425 243 189 326 526 684 97 474 734 665 160 491 404 643 849 306 319 171 424 141 252 407 639 466 690 850 557 427 506 472 723 431 412 338 37 581 383 320 584 334 308 375 250 254 367 481 293 790 595 462 119 724 330 232 626 214 541 16 337 545 706 328
269 597 51 731 476 888 600 466 334 434 354 767 591 476 1030 410 887 380 669 636 506 999 332 929 147 746 0 136 764 743 221 684 129 738 568 1132 472 712 589 96 144 412 784 531 718 316 1024 437 156 572 617 480 810 843 788 256 792 369 436 413 236 935 763 667 623 965 646 61 478 861 238 411 726 469 645 130 637 552 217 622 705 960 527 753 688 589 176 244 605 864 863 233 824 327 1122 604 434 631 892 480 843 620 384 459 821 1014 410 837 713 732 283 952 572 675 244 360 1068 878 957 793 736 830 744 307 219 800 503 753 358 446 239 650 542 673 272 673 802 687 573 894 379 508 290 1040 892 667 282 589 259 565 314 348 883 200 1025 716 725 778 725 985 866 591 291 160 652 574 767 88 661 755 401 109 166 714 923 916 347 670 502 824 719 349 525 116 733 767 400 573 790 657 472 779 710 705 371 515 481 565 579 503 977 958 770 488 535 53 236 736 834 416 885 595 217 630 645 741 837 327 188 847
403 726 134 862 609 1020 728 584 426 526 409 898 723 538 1163 540 999 504 782 765 569 1133 463 1060 273 877 136 0 896 863 302 807 264 817 692 1264 564 846 697 203 250 492 879 659 829 444 1153 550 268 694 715 608 944 971 903 301 926 451 548 548 356 1060 888 798 757 1100 776 191 613 996 341 504 853 596 762 14 758 636 331 755 833 1094 662 857 805 695 281 347 736 997 999 291 920 417 1256 731 533 732 1024 615 978 737 492 558 956 1148 513 960 802 851 362 1080 707 794 319 479 1202 1013 1081 929 824 941 825 440 351 935 585 887 482 570 369 769 673 778 407 792 918 818 708 1028 488 588 379 1172 1010 791 378 713 383 698 446 416 1019 331 1160 828 818 911 820 1117 1001 699 394 231 784 701 872 223 784 842 536 244 179 823 1059 1047 467 805 630 925 781 457 625 97 855 898 527 660 898 750 575 885 841 776 505 629 596 699 690 610 1103 1082 903 615 671 88 328 864 968 506 1020 714 338 765 766 873 945 416 289 956
495 187 766 381 393 130 196 551 565 519 681 49 176 646 267 467 367 533 312 405 638 250 434 177 663 46 764 896 0 230 754 203 640 585 247 369 506 68 627 701 717 577 484 444 330 543 279 414 640 262 444 300 59 135 630 726 46 586 606 393 552 246 170 380 144 232 135 706 329 131 691 523 450 477 566 892 513 531 661 142 423 199 252 716 262 385 637 688 375 102 238 704 487 716 363 202 674 416 128 306 292 290 632 677 281 266 479 536 511 551 755 219 259 252 765 445 308 150 274 181 523 681 570 457 546 156 546 253 538 512 580 254 383 385 497 535 292 87 299 133 473 560 597 278 307 486 700 484 594 347 507 639 196 566 321 314 481 329 470 222 145 369 555 710 114 454 705 681 204 537 406 659 860 352 273 155 451 124 279 451 684 497 674 864 526 390 501 515 692 475 450 382 71 626 396 358 571 318 350 414 258 271 329 468 285 809 623 429 79 716 286 274 633 196 515 36 379 577 713 369
497 189 730 587 512 257 174 676 463 385 556 184 227 486 392 566 173 628 109 585 469 429 429 269 681 186 743 863 230 0 799 68 637 363 183 473 358 266 782 660 740 442 254 591 105 612 328 316 595 173 248 276 278 167 827 630 273 466 720 473 508 209 66 570 262 430 176 682 429 348 744 398 650 602 740 862 688 351 705 239 620 359 348 898 63 209 583 742 546 280 467 616 258 794 504 162 785 217 286 393 520 131 730 795 508 443 368 749 289 744 818 256 404 71 816 384 451 365 225 409 299 881 346 463 531 386 382 471 625 630 622 94 531 173 514 717 79 188 452 307 381 393 505 382 152 670 766 648 647 502 567 520 421 550 527 90 257 547 246 350 364 196 476 645 214 614 891 674 92 310 484 652 873 128 499 285 397 302 259 223 469 411 809 856 722 603 601 329 884 266 316 153 179 411 424 238 700 470 190 275 262 227 545 600 412 779 547 632 289 819 515 149 674 364 692 200 160 475 750 155
309 623 271 612 388 884 633 307 488 576 545 771 602 655 1012 308 963 251 751 512 681 960 375 930 137 750 221 302 754 799 0 734 203 883 617 1114 612 692 402 288 88 573 902 405 803 216 1031 537 316 630 737 524 789 860 611 462 771 532 259 363 353 965 802 550 612 920 663 236 429 824 66 554 588 341 475 289 481 698 95 620 574 936 503 557 755 693 341 70 494 849 792 434 938 116 1089 642 234 743 878 448 754 694 202 258 733 974 535 684 844 568 63 965 515 739 24 453 1039 838 991 732 868 645 885 339 296 746 654 670 235 308 179 714 439 776 288 511 870 693 498 875 496 663 453 1029 951 518 83 443 161 471 247 528 828 283 961 796 847 674 846 970 825 690 434 362 654 439 573 195 709 888 349 203 146 805 850 907 437 640 541 930 887 473 325 210 576 647 282 714 601 783 592 872 717 863 377 604 313 483 671 613 997 990 666 360 481 259 405 604 812 204 802 661 126 582 488 740 923 485 54 929
434 123 674 536 447 264 107 610 419 350 520 165 162 464 409 499 240 561 109 527 451 430 365 287 617 158 684 807 203 68 734 0 576 383 119 498 328 223 718 605 676 408 291 527 135 545 361 268 539 113 243 212 258 184 772 587 249 427 654 406 451 255 84 514 204 424 118 624 363 331 677 360 596 537 679 806 627 337 640 179 565 364 283 838 61 190 529 676 486 275 438 571 303 727 519 95 718 215 288 327 484 96 663 728 470 445 325 700 309 688 751 288 343 49 750 329 464 349 275 373 323 825 369 399 470 352 360 426 557 564 556 55 468 183 449 658 145 141 391 305 333 373 459 405 217 612 699 586 581 440 501 482 399 489 517 119 281 502 270 364 346 174 426 594 159 552 832 613 25 337 417 591 811 154 476 294 340 251 193 272 481 362 743 796 666 553 534 319 827 273 279 200 140 424 358 193 635 408 160 239 302 276 499 535 349 722 498 580 274 752 485 98 609 308 632 169 220 431 685 218
146 480 150 608 351 766 485 362 285 375 349 646 470 453 906 289 791 270 574 515 478 872 213 809 69 625 129 264 640 637 203 576 0 683 458 1008 411 586 495 117 119 370 710 413 625 203 905 348 119 465 544 367 685 725 685 279 667 330 344 285 153 822 652 544 498 838 527 83 349 734 182 353 607 354 541 258 526 497 144 499 584 835 400 663 586 505 143 186 481 740 735 248 748 274 996 491 359 552 768 352 715 521 299 383 693 887 337 722 648 622 253 834 443 572 227 265 942 751 845 665 671 730 686 184 107 671 452 625 247 335 125 547 418 589 145 563 702 566 445 770 300 460 251 917 789 553 227 476 155 439 191 328 755 90 896 620 654 651 653 861 739 504 231 185 529 458 674 42 552 691 273 21 236 624 795 793 250 543 387 743 684 274 444 225 621 644 285 514 694 588 397 691 589 661 245 421 381 438 488 421 861 846 644 372 407 180 205 616 709 354 757 491 126 501 534 619 745 282 151 753
590 462 703 897 740 616 442 883 405 309 414 543 505 287 740 761 339 806 275 866 256 789 540 620 747 540 738 817 585 363 883 383 683 0 403 805 272 604 1014 642 802 327 134 834 258 762 652 362 586 379 171 453 638 524 1114 521 630 370 909 668 531 524 429 863 564 793 487 685 658 709 846 332 949 820 999 822 953 187 804 539 917 717 600 1159 324 238 564 848 821 642 821 527 166 924 851 427 960 186 647 620 865 313 896 977 850 803 349 1062 75 1029 924 592 679 335 905 440 801 726 524 755 66 1168 20 573 589 735 236 801 793 835 733 339 784 202 621 989 334 521 725 669 390 231 448 724 402 948 883 904 768 767 715 401 780 601 889 274 107 874 118 702 725 252 454 589 530 870 1158 703 388 61 673 688 899 236 858 642 456 623 453 199 117 411 1013 850 1011 920 789 170 1160 124 297 231 523 65 579 325 909 738 278 288 579 528 871 825 670 752 503 937 650 979 868 346 775 666 959 551 277 412 829 296
316 68 559 495 357 346 53 515 323 272 435 228 106 403 495 399 348 457 155 466 397 496 247 380 499 211 568 692 247 183 617 119 458 403 0 591 262 233 634 490 558 330 346 445 204 435 465 169 425 25 236 94 305 283 714 488 290 340 554 303 337 368 196 461 168 479 114 507 272 375 562 277 547 444 606 690 558 299 524 145 515 438 202 767 142 168 417 561 422 341 453 468 369 616 601 46 615 217 361 233 482 99 557 627 464 511 233 660 333 629 637 392 278 124 634 216 545 394 390 379 352 768 392 281 352 366 306 408 451 467 440 101 391 213 331 592 254 162 325 373 231 320 358 496 334 549 586 511 466 369 389 394 432 372 565 193 314 478 307 449 388 153 320 485 149 477 764 495 94 371 312 473 692 215 502 376 226 233 78 347 480 258 649 678 610 519 432 289 763 280 204 278 178 427 243 113 541 339 128 171 412 391 474 446 273 607 391 535 326 646 496 60 493 266 563 214 316 335 568 319
864 544 1133 620 736 247 546 878 912 847 1017 369 542 957 103 815 476 880 582 688 942 176 801 212 1030 388 1132 1264 369 473 1114 498 1008 805 591 0 825 425 919 1067 1083 906 675 762 568 900 154 758 1005 598 719 661 326 315 849 1078 345 924 937 753 916 282 418 652 511 225 491 1074 686 295 1050 857 689 810 839 1260 789 824 1023 510 673 179 616 958 533 680 1000 1047 676 269 384 1059 655 1064 82 547 1004 688 241 669 456 592 972 1003 465 170 819 720 739 788 1109 218 603 535 1124 803 92 285 284 408 741 888 786 826 914 386 853 495 889 846 944 551 706 640 865 797 475 447 629 241 821 865 948 95 407 750 1054 779 955 669 869 978 320 934 261 556 704 543 693 148 299 666 910 1072 481 756 941 1049 514 746 766 1027 1226 588 351 218 811 475 639 616 920 849 985 1232 761 607 847 802 918 730 777 576 425 863 764 689 893 647 656 737 227 280 548 797 635 1177 980 662 304 1051 409 594 996 535 788 392 532 924 1076 514
326 328 442 720 516 590 314 639 139 39 200 480 359 142 737 519 454 555 254 666 139 750 286 615 476 467 472 564 506 358 612 328 411 272 262 825 0 494 777 377 530 85 315 611 288 503 684 123 318 244 152 254 564 512 905 288 550 118 657 435 259 566 408 673 421 737 375 417 443 635 577 62 759 585 777 568 738 87 534 401 727 688 410 933 296 153 297 579 621 594 712 283 356 657 846 305 702 174 611 410 735 233 637 722 716 766 82 879 242 824 654 612 493 292 634 181 791 654 580 637 264 959 276 315 319 626 55 654 539 593 466 275 572 225 358 776 388 422 532 626 123 69 186 732 482 741 615 685 503 564 458 168 693 330 825 293 255 718 257 692 648 164 184 334 410 653 935 433 315 284 436 417 631 276 762 620 195 488 266 362 288 141 764 587 810 749 543 103 942 187 59 331 436 255 336 149 665 540 170 93 620 582 713 593 473 492 239 752 584 717 753 236 506 504 745 472 393 148 558 407
444 167 717 326 326 195 181 484 537 501 656 106 141 635 323 401 418 467 330 341 630 289 385 242 605 91 712 846 68 266 692 223 586 604 233 425 494 0 561 654 658 558 514 377 357 479 345 391 595 252 452 266 100 200 572 693 81 562 538 330 509 312 213 318 90 261 123 655 264 154 628 503 393 410 502 841 448 529 599 99 364 249 191 654 284 388 594 625 309 157 222 669 522 650 411 192 606 427 187 245 261 297 565 610 247 304 457 485 530 491 691 287 192 270 702 410 357 173 340 152 545 624 590 406 497 135 538 206 473 444 520 266 315 403 443 473 336 84 231 185 445 552 564 337 364 423 636 418 532 280 445 614 200 516 339 341 503 282 493 279 163 372 521 669 85 387 644 628 217 560 343 606 801 377 269 217 414 56 246 488 697 467 607 809 467 339 435 516 633 489 436 417 87 640 342 346 503 250 350 403 326 338 280 401 219 759 586 373 123 649 267 272 572 129 451 75 422 548 652 414
472 597 630 307 278 741 616 142 706 755 810 665 557 878 827 259 953 236 789 232 894 745 494 789 446 647 589 697 627 782 402 718 495 1014 634 919 777 561 0 612 450 782 978 192 836 302 888 661 601 656 845 564 633 761 211 765 620 754 153 347 576 872 752 268 524 697 607 571 363 633 357 739 250 195 94 685 134 857 372 546 255 751 437 169 766 780 621 351 254 691 541 733 1003 289 869 631 171 835 720 401 477 732 206 149 462 754 698 306 953 185 351 841 381 748 391 599 831 639 900 513 975 245 1009 469 510 538 831 424 257 185 373 729 253 844 439 140 860 610 334 706 659 844 694 853 912 176 321 145 341 284 335 777 601 513 701 823 941 386 935 795 625 769 653 678 575 174 179 520 698 995 343 511 546 848 587 754 586 507 568 979 1062 653 89 610 202 331 238 862 202 894 731 909 628 1020 442 690 118 316 744 729 883 898 379 190 370 637 668 275 649 212 529 693 375 434 136 633 938 710 409 936
217 526 70 714 455 821 527 479 238 338 263 699 525 383 966 401 799 386 581 623 412 942 269 861 173 679 96 203 701 660 288 605 117 642 490 1067 377 654 612 0 201 316 690 525 629 318 952 349 66 492 523 408 751 770 801 175 733 273 461 382 154 858 685 651 564 912 577 53 440 806 285 315 718 467 657 202 641 456 253 560 693 899 477 780 603 498 82 290 587 802 822 147 730 378 1063 530 472 538 828 435 810 535 414 497 787 958 317 834 618 737 346 879 532 591 312 277 1008 824 879 749 640 846 648 252 160 752 407 718 363 451 242 567 524 582 230 678 716 620 542 833 288 412 194 974 808 666 331 590 272 541 302 254 835 142 978 628 630 752 631 920 813 501 197 75 587 570 791 99 582 660 372 102 260 624 881 850 265 616 430 731 624 258 559 211 735 749 399 477 811 562 379 688 643 610 319 428 498 536 490 412 902 880 744 484 497 120 140 725 774 463 848 512 240 585 649 675 747 231 243 757
244 572 191 622 378 846 580 335 403 494 458 729 556 568 980 302 899 259 684 523 594 936 312 891 60 708 144 250 717 740 88 676 119 802 558 1083 530 658 450 201 0 488 827 415 736 204 989 463 229 568 661 465 757 814 654 375 739 447 299 334 272 916 748 558 574 898 615 149 402 798 95 471 607 351 512 239 509 616 82 579 589 906 468 612 692 619 254 101 498 815 780 347 864 184 1063 587 291 669 844 415 750 629 244 316 729 950 456 712 766 602 145 921 493 677 112 379 1011 814 940 715 789 693 805 278 220 726 571 663 238 323 141 652 437 703 229 543 808 649 484 843 417 579 367 994 892 543 139 465 142 466 220 441 810 205 947 730 771 676 770 937 801 618 350 275 611 455 626 107 652 809 321 117 144 736 840 871 363 609 484 858 802 393 382 173 606 657 284 633 651 706 514 803 673 779 327 533 347 473 600 538 951 940 668 370 458 189 318 620 780 272 796 597 95 558 517 700 856 400 45 863
314 393 376 757 535 668 381 641 86 59 116 554 419 97 815 525 538 551 338 695 114 824 290 695 437 539 412 492 577 442 573 408 370 327 330 906 85 558 782 316 488 0 390 629 373 494 767 169 264 316 233 303 635 592 926 206 619 44 651 450 225 650 489 706 480 808 443 361 471 704 546 56 790 594 792 497 757 145 504 462 759 764 451 943 379 238 240 548 650 668 772 205 432 632 924 375 690 257 687 442 789 315 625 711 769 840 104 912 311 847 620 694 532 374 596 191 868 723 664 696 332 979 335 313 292 687 93 704 533 598 445 356 596 309 347 796 473 491 567 700 132 97 124 812 567 765 587 703 483 594 452 84 758 299 894 378 329 764 332 770 716 248 141 263 474 673 947 385 393 350 449 372 575 361 824 698 200 546 319 442 314 130 759 524 835 788 545 168 958 262 130 414 507 295 350 220 667 572 252 170 703 666 758 605 508 425 177 786 655 699 811 313 478 553 764 543 477 89 521 491
596 393 756 824 701 497 373 855 454 354 495 438 437 380 613 735 206 788 194 807 352 668 536 496 769 439 784 879 484 254 902 291 710 134 346 675 315 514 978 690 827 390 0 790 157 753 522 365 629 323 168 418 532 405 1054 595 526 430 889 639 559 393 318 798 489 677 406 727 616 600 857 376 883 787 951 882 902 249 815 464 851 596 547 1112 232 211 609 858 764 528 721 595 43 927 723 358 946 159 530 578 772 248 884 961 759 682 376 989 87 970 935 463 619 247 922 449 675 616 393 661 76 1109 114 572 608 638 299 717 778 807 737 259 736 136 623 936 209 431 667 553 411 301 500 595 270 891 889 856 771 713 706 472 674 623 773 173 62 793 59 578 617 217 493 648 448 822 1108 737 303 73 647 719 938 138 753 521 465 541 412 66 250 438 988 899 950 844 767 223 1106 130 315 106 428 197 561 304 881 682 240 290 449 396 790 789 617 806 553 867 542 971 769 286 785 594 907 452 145 463 848 163
339 406 562 208 96 565 426 117 561 594 676 480 365 725 665 125 762 158 599 108 737 594 340 613 387 461 531 659 444 591 405 527 413 834 445 762 611 377 192 525 415 629 790 0 646 216 714 491 495 468 663 381 457 576 298 652 442 607 177 179 447 688 561 145 334 548 416 496 177 469 343 581 195 65 167 649 129 686 335 355 174 587 246 326 575 597 510 338 93 517 403 620 814 322 722 440 243 652 547 215 355 543 221 241 335 605 536 310 770 221 377 661 191 557 405 439 678 478 716 356 791 350 827 324 389 377 665 279 178 98 293 538 63 657 311 168 669 420 146 536 499 680 558 688 722 143 328 75 276 98 224 639 451 399 572 633 756 271 749 629 464 585 514 578 384 47 326 448 506 811 181 433 545 659 458 580 429 322 383 789 889 499 230 588 214 243 133 688 332 712 561 718 440 844 279 509 131 128 560 554 702 714 263 46 179 584 544 206 476 291 405 505 322 249 136 447 747 567 387 745
495 242 698 668 560 361 222 719 411 321 488 286 285 402 492 602 171 659 53 655 382 533 429 370 676 285 718 829 330 105 803 135 625 258 204 568 288 357 836 629 736 373 157 646 0 633 418 282 564 184 155 290 381 270 901 573 374 404 757 506 483 292 171 644 334 535 250 658 475 451 752 338 728 648 803 830 753 263 712 309 697 463 400 963 76 138 549 752 613 385 567 564 171 813 604 207 818 124 391 436 616 111 759 831 603 548 318 833 184 817 829 350 468 92 822 361 552 469 301 505 194 955 242 464 518 483 301 560 653 671 630 108 589 74 516 785 101 275 517 412 342 310 456 480 194 740 780 709 660 564 586 455 524 536 631 17 152 636 142 452 468 131 435 603 292 675 958 657 147 207 515 637 860 23 602 388 376 385 278 144 365 372 853 833 796 687 636 239 955 164 258 74 272 306 440 205 744 533 140 220 347 303 633 648 469 749 504 712 393 848 615 148 681 439 758 298 121 422 751 129
