190
0 307 540 559 425 766 369 194 255 314 369 341 291 232 417 553 424 266 397 432 502 791 726 574 408 370 54 455 469 417 353 353 396 162 388 673 464 388 271 335 156 537 460 370 581 394 311 588 519 377 444 456 133 648 355 634 768 470 208 711 703 593 185 476 509 331 217 428 75 331 617 338 321 724 621 381 322 320 686 489 495 466 223 643 15 652 213 260 325 510 341 261 107 70 432 510 740 432 192 135 79 315 515 340 386 687 277 234 793 368 676 644 544 504 130 719 663 373 392 539 609 305 459 582 516 563 73 632 721 594 843 376 110 493 438 812 702 593 695 271 95 475 486 668 600 223 670 560 213 804 343 434 549 420 436 245 743 496 249 281 258 598 116 475 232 207 551 649 308 747 505 534 660 412 230 245 746 124 630 195 425 759 259 536 576 422 499 626 702 782
307 0 731 702 730 539 526 399 545 377 669 43 514 192 241 740 720 522 99 285 395 587 567 577 271 441 273 273 706 514 51 290 695 450 179 836 649 335 570 587 361 424 158 103 508 533 108 317 667 519 248 757 202 740 649 695 848 242 192 755 585 312 146 386 503 99 503 468 377 371 729 530 145 703 449 368 614 297 758 588 633 703 526 550 311 489 182 306 623 815 645 356 412 239 715 240 502 144 243 272 229 605 395 257 152 830 380 536 853 565 537 667 336 439 434 534 427 71 287 629 688 397 764 785 822 380 368 752 483 355 625 286 277 427 258 582 576 749 415 573 331 301 496 440 528 527 419 704 356 893 57 708 308 726 670 172 750 339 544 39 418 300 395 355 278 399 389 534 449 584 571 393 763 662 536 92 806 373 530 415 709 518 154 393 473 728 197 332 704 835
540 731 0 115 556 880 206 699 602 371 598 738 250 757 927 15 374 292 827 954 559 854 732 395 931 325 524 966 136 257 752 888 617 585 882 143 83 926 570 238 675 575 877 829 524 207 795 844 110 217 663 622 551 247 360 302 338 960 540 368 649 870 685 531 406 805 371 344 489 869 196 208 628 492 697 921 617 471 303 222 141 137 432 579 526 698 549 800 590 595 435 796 482 585 304 793 882 776 489 674 572 346 1047 870 691 179 808 424 387 175 671 378 1048 497 519 773 828 797 549 230 261 343 583 60 585 687 556 184 870 790 917 533 649 498 642 918 664 96 941 550 621 991 379 817 530 526 860 113 378 349 786 262 769 505 141 763 450 1018 585 730 315 918 590 1007 455 347 1074 619 282 753 280 617 230 191 507 639 357 627 586 689 308 904 585 619 571 496 911 926 442 393
559 702 115 0 647 787 191 734 664 327 678 703 285 757 916 108 472 343 794 947 475 755 631 290 925 268 532 954 239 193 716 892 699 632 865 137 122 933 637 306 705 486 839 803 426 173 778 774 40 189 598 712 541 137 447 187 242 939 514 255 543 802 679 450 312 785 425 268 519 888 86 225 584 378 606 934 689 420 193 133 70 239 494 476 544 603 523 815 664 693 519 819 521 591 405 731 793 727 468 690 575 424 1047 871 640 131 834 488 286 204 570 264 1031 409 563 676 744 764 485 124 146 306 676 162 685 604 588 84 783 713 818 471 666 411 576 822 559 52 866 618 647 980 289 731 428 587 779 4 367 264 758 363 696 597 233 760 336 1011 647 707 307 857 628 1005 426 353 1066 518 263 651 183 532 127 282 570 612 251 660 485 727 407 815 550 534 476 589 870 860 327 287
425 730 556 647 0 1157 532 404 212 612 92 765 411 612 789 571 189 346 816 785 853 1168 1080 825 762 632 466 821 422 629 777 682 88 293 780 691 527 696 172 349 418 885 879 783 894 566 717 1005 616 554 844 67 549 780 201 808 887 858 610 887 1030 1013 597 822 787 740 288 692 360 595 731 471 733 967 992 663 157 674 834 666 618 421 227 960 422 1014 618 567 130 85 134 525 324 492 258 928 1138 855 573 490 503 231 831 687 802 734 519 221 932 468 1021 859 912 827 296 1090 1063 794 765 708 769 583 37 557 94 945 363 729 1120 999 1226 746 473 820 833 1203 1036 649 1113 162 415 834 756 1065 909 204 1077 646 511 904 762 298 957 55 418 632 953 841 203 702 499 1022 345 802 590 458 889 982 532 1102 714 899 773 367 195 667 895 380 954 384 253 1159 669 901 911 65 918 1049 927 932
766 539 880 787 1157 0 716 917 1019 568 1123 497 795 730 726 880 1072 843 530 776 328 80 186 507 771 579 714 742 938 630 493 817 1151 927 666 906 819 859 1029 881 875 307 506 583 364 695 634 242 774 694 323 1203 634 726 1008 651 772 676 559 653 281 267 671 359 476 615 875 541 811 908 753 762 450 511 184 897 1084 487 703 660 740 936 931 328 761 185 554 844 1082 1238 1039 893 845 718 1036 306 46 403 587 792 696 962 875 783 397 868 917 937 743 789 231 573 751 384 886 120 112 523 394 665 676 601 1194 938 1240 214 838 780 62 184 89 413 788 384 329 46 261 836 211 1025 830 766 501 100 365 975 131 790 652 820 556 1008 231 1134 907 711 587 805 1012 577 681 334 879 844 568 709 836 281 669 177 604 272 759 930 974 542 712 872 312 929 1033 50 508 270 311 1132 498 299 552 718
369 526 206 191 532 716 0 550 502 170 542 533 124 568 731 215 389 190 622 760 388 702 592 296 738 137 341 769 224 101 546 702 566 457 682 316 125 743 483 190 519 411 672 626 387 34 595 650 152 24 467 594 354 285 340 289 405 759 336 370 523 673 491 357 269 604 267 181 336 698 250 62 424 435 533 744 539 270 330 140 126 221 340 451 354 542 345 625 519 595 398 630 342 401 336 594 711 572 286 500 384 302 858 682 487 321 645 338 437 76 529 329 848 338 388 620 649 592 354 187 256 139 566 262 591 510 404 263 697 604 765 337 476 335 447 757 534 230 751 467 460 794 238 642 399 428 678 192 179 438 582 302 578 491 192 571 425 824 487 527 117 718 446 816 250 163 879 483 78 614 182 445 293 218 414 435 392 475 451 544 335 734 379 447 421 484 706 728 396 430
194 399 699 734 404 917 550 0 193 507 320 442 453 231 391 713 484 408 463 383 683 953 901 767 361 563 242 422 605 607 450 279 340 130 393 838 629 294 234 470 43 717 522 418 769 577 347 713 694 560 598 406 300 833 428 823 953 465 378 902 886 710 254 658 702 372 334 621 215 198 799 510 469 917 789 265 254 506 874 677 674 602 295 829 207 823 380 164 275 482 381 124 217 209 518 634 886 542 376 128 233 404 429 286 522 858 123 306 981 534 854 837 511 691 184 886 809 448 567 727 797 498 430 733 494 726 147 811 867 737 1000 553 130 680 597 962 884 763 814 248 101 433 679 818 788 227 809 735 405 988 412 535 690 424 577 254 935 438 202 362 445 696 109 399 421 392 487 832 495 921 696 708 843 541 246 376 934 75 815 21 511 904 417 710 759 430 559 730 895 971
255 545 602 664 212 1019 502 193 0 521 130 583 383 407 580 617 315 322 623 574 741 1041 969 769 552 562 305 612 485 584 594 471 154 96 574 745 546 485 45 365 209 776 686 586 806 535 517 841 626 519 697 219 387 782 273 790 900 651 460 871 935 844 403 712 715 541 240 624 213 385 740 448 575 919 868 453 70 556 831 641 616 483 171 870 258 897 466 356 84 291 210 314 184 312 363 762 993 679 436 287 329 265 620 477 639 775 310 178 936 461 915 823 701 731 137 967 917 604 637 689 757 501 239 623 302 813 183 746 975 848 1095 620 274 722 690 1065 938 681 947 64 216 624 687 922 824 77 924 663 412 927 570 389 803 234 465 428 922 630 18 512 426 843 150 591 466 373 679 883 471 991 675 779 784 420 96 495 893 176 860 172 356 1013 513 781 810 241 724 873 888 931
314 377 371 327 612 568 170 507 521 0 596 376 227 458 599 378 506 278 467 635 246 566 469 261 615 67 267 636 387 138 389 595 624 450 544 462 293 639 516 314 468 276 512 478 287 165 459 482 294 155 299 665 241 370 444 337 484 616 194 408 420 505 375 214 198 464 324 116 316 615 354 201 259 411 390 649 574 101 396 213 259 384 390 353 301 408 201 538 563 687 484 557 338 316 468 425 557 406 156 422 293 399 739 569 320 454 577 393 499 233 410 334 709 216 387 485 491 437 188 257 322 35 648 429 686 356 373 377 542 440 626 170 402 209 279 611 426 375 585 505 407 663 173 486 304 458 517 329 110 527 433 442 411 581 353 456 431 696 509 385 116 549 420 698 107 155 751 371 105 492 206 298 391 367 450 288 451 436 345 508 466 580 224 300 300 577 545 559 390 485
369 669 598 678 92 1123 542 320 130 596 0 706 418 537 709 613 252 352 750 702 830 1140 1059 827 680 626 416 740 468 634 718 598 28 221 704 738 557 610 100 373 339 864 813 714 882 576 646 957 644 562 804 90 499 807 240 826 919 780 567 907 1016 962 530 800 782 669 280 688 313 507 760 482 687 974 964 575 68 647 859 680 641 466 208 948 370 990 574 483 47 163 165 439 279 432 316 878 1100 800 536 416 447 255 744 605 754 776 432 208 961 486 1002 870 830 812 241 1063 1025 730 734 725 790 571 112 606 176 913 302 761 1082 957 1196 716 402 804 796 1169 1021 686 1064 100 343 752 752 1028 899 149 1035 677 490 940 697 352 914 133 457 558 967 757 127 638 489 965 276 716 559 442 804 966 528 1081 722 873 803 408 150 613 921 306 941 300 310 1121 624 875 894 142 852 994 937 959
341 43 738 703 765 497 533 442 583 376 706 0 530 234 266 747 747 543 92 313 369 547 531 561 300 438 304 295 721 512 14 328 732 488 202 838 657 372 607 607 402 396 140 117 483 537 143 275 670 524 214 794 227 733 676 685 838 255 202 741 553 269 188 362 487 129 530 460 409 412 725 541 127 681 413 406 652 290 748 585 634 718 557 522 344 453 192 348 660 850 676 399 445 274 739 197 460 101 254 314 262 632 422 294 116 829 423 567 841 577 503 652 349 417 469 496 385 63 266 624 680 399 800 794 856 343 405 749 440 313 584 268 318 405 226 540 543 751 373 609 371 323 483 399 503 563 377 705 368 884 73 730 267 759 685 215 732 362 582 82 429 260 434 383 284 415 410 503 456 547 563 361 758 680 570 108 794 413 501 457 734 475 154 362 445 760 176 291 685 821
291 514 250 285 411 795 124 453 383 227 418 530 0 513 689 264 282 67 612 712 471 791 689 415 688 229 279 728 192 219 544 641 443 347 648 386 177 678 361 88 427 499 669 606 492 158 563 695 246 145 514 472 319 399 224 411 517 729 330 492 629 714 445 439 379 576 145 286 240 619 358 66 441 558 616 671 417 316 448 263 233 189 218 557 277 632 340 551 396 477 277 547 237 339 242 630 784 589 277 425 329 184 802 625 511 406 559 215 553 82 628 452 813 432 279 709 716 583 410 309 376 194 445 292 474 583 308 366 769 662 852 391 400 427 497 838 637 311 801 345 372 751 348 712 505 308 740 285 167 546 566 217 630 372 156 521 549 776 367 506 117 747 345 761 260 116 832 584 129 711 305 524 402 151 292 424 510 379 554 445 239 807 385 527 517 366 706 763 520 548
232 192 757 757 612 730 568 231 407 458 537 234 513 0 186 769 647 495 235 201 555 777 748 700 177 524 234 223 698 588 240 137 560 319 168 882 677 181 441 565 201 587 293 188 660 585 117 507 719 569 429 626 219 824 580 794 941 248 272 864 755 498 85 538 627 142 448 568 303 184 803 550 307 840 631 197 475 412 853 665 689 695 444 711 244 669 268 115 490 695 556 166 331 174 661 430 693 333 303 122 185 544 291 115 337 887 189 456 957 583 712 784 314 584 332 720 618 225 438 712 778 465 643 803 705 562 262 822 674 546 816 430 142 573 435 773 748 797 600 450 199 244 612 631 680 413 611 759 391 982 188 666 499 621 664 23 876 265 411 153 451 475 268 250 352 411 321 701 495 766 663 564 842 642 427 212 908 233 692 250 655 709 278 565 635 625 329 511 831 941
417 241 927 916 789 726 731 391 580 599 709 266 689 186 0 939 833 677 200 51 634 787 789 816 50 666 413 39 878 736 261 130 730 497 65 1046 846 153 617 746 371 661 223 152 748 743 141 486 879 728 477 796 378 968 766 929 1080 81 406 991 817 465 244 625 742 142 633 700 489 246 953 720 385 943 672 201 644 531 990 812 847 874 629 787 428 712 399 231 663 870 740 285 517 355 847 424 684 332 449 305 362 730 157 109 380 1046 302 642 1089 755 766 905 128 679 516 747 617 215 527 856 918 614 817 977 881 603 447 974 665 550 814 526 326 667 491 764 807 959 555 628 382 65 733 635 767 594 597 918 553 1124 193 851 508 801 843 172 990 99 586 220 615 416 449 120 494 581 152 767 655 803 801 626 989 824 610 316 1041 411 766 411 841 694 386 626 710 806 242 455 943 1071
553 740 15 108 571 880 215 713 617 378 613 747 264 769 939 0 388 306 836 965 561 853 731 392 943 330 536 977 150 261 760 900 631 600 892 128 93 938 585 253 689 576 886 839 523 214 805 849 108 224 668 637 562 237 375 294 325 970 549 358 646 875 696 533 405 816 386 346 503 882 186 220 636 486 697 934 632 477 293 221 141 150 447 577 539 698 559 813 605 609 449 810 496 597 318 799 883 783 499 687 584 361 1059 883 697 164 822 439 375 187 669 372 1059 498 534 773 830 806 554 227 253 350 597 58 599 690 570 173 872 793 916 538 662 499 647 918 661 83 945 565 635 1002 379 819 528 541 863 105 388 335 795 276 773 519 156 775 442 1030 599 740 325 924 605 1019 464 359 1086 618 291 751 279 618 219 206 521 649 346 641 584 703 322 906 594 621 571 510 920 931 434 381
424 720 374 472 189 1072 389 484 315 506 252 747 282 647 833 388 0 230 815 840 751 1072 970 683 816 510 447 869 239 489 761 746 263 355 810 505 355 770 271 200 483 780 876 793 772 420 734 953 445 412 778 254 520 608 72 644 709 892 562 720 908 967 608 720 656 754 218 564 350 682 557 330 685 815 896 747 296 587 663 512 452 238 204 837 415 913 572 635 264 222 106 606 319 492 71 882 1059 824 516 530 495 117 906 743 757 550 607 192 757 316 909 703 960 713 319 990 989 789 682 548 604 474 211 370 213 859 387 552 1043 931 1132 663 508 708 763 1116 917 468 1061 251 455 887 625 987 784 259 1009 470 425 722 762 112 894 135 240 663 792 902 299 699 392 990 392 871 516 367 955 865 411 993 565 804 597 192 239 641 722 434 835 467 67 1081 623 806 798 125 916 1011 771 759
266 522 292 343 346 843 190 408 322 278 352 543 67 495 677 306 230 0 620 695 523 843 745 480 672 288 266 715 204 284 557 618 377 294 641 433 227 652 297 70 387 553 679 607 552 224 558 729 305 211 551 406 321 462 167 476 579 723 347 557 688 745 436 491 442 574 83 347 204 585 419 131 466 623 667 641 352 358 512 328 295 201 153 618 252 685 357 520 331 415 213 510 192 323 202 660 829 610 297 397 317 123 780 605 537 458 520 150 616 140 684 518 803 489 228 762 760 592 453 374 441 246 381 325 413 630 268 425 813 702 903 433 372 483 535 887 696 363 836 280 336 738 411 757 566 246 781 342 197 605 570 188 667 309 173 506 615 760 305 508 163 773 300 741 290 139 816 642 188 767 371 575 463 147 229 435 574 337 613 398 198 852 406 577 574 304 717 791 586 612
397 99 827 794 816 530 622 463 623 467 750 92 612 235 200 836 815 620 0 250 448 589 590 649 243 529 368 222 804 603 80 291 776 530 138 928 745 330 652 685 428 473 63 55 564 626 120 292 760 614 284 839 300 824 744 775 928 171 288 830 623 276 221 445 575 96 599 550 469 392 816 627 217 765 474 371 693 381 838 676 725 801 618 598 403 514 278 341 704 901 737 396 504 328 812 226 489 132 340 341 321 701 355 257 191 920 419 629 930 663 569 740 264 501 522 547 419 30 352 715 771 489 850 881 909 405 453 840 470 352 618 356 351 490 300 569 611 841 374 657 408 250 572 437 583 613 402 796 453 974 54 806 308 816 768 213 818 290 624 117 515 242 475 320 372 497 332 574 545 604 654 434 849 760 623 189 883 448 576 480 806 501 244 434 522 818 103 279 771 910
432 285 954 947 785 776 760 383 574 635 702 313 712 201 51 965 840 695 250 0 680 837 838 858 24 701 433 49 898 770 309 106 722 497 113 1075 873 116 613 765 368 708 273 201 793 774 182 535 909 759 525 788 407 1004 775 967 1117 118 442 1031 865 515 270 670 783 187 647 738 501 219 987 746 429 987 721 165 636 571 1028 846 879 895 637 834 444 761 435 219 657 864 744 268 527 374 858 474 733 381 482 310 383 740 110 99 428 1077 282 649 1128 780 814 946 129 723 522 796 667 264 571 891 955 647 812 1001 875 652 454 1008 715 600 864 569 334 712 538 814 855 989 603 626 386 51 774 685 813 595 646 949 582 1161 241 864 557 801 864 192 1032 65 582 261 643 464 451 71 529 607 121 815 685 852 838 674 1024 842 612 355 1080 411 813 403 851 744 426 674 757 806 290 503 986 1110
502 395 559 475 853 328 388 683 741 246 830 369 471 555 634 561 751 523 448 680 0 321 229 229 665 252 449 663 611 304 375 677 858 658 570 604 494 724 743 557 640 35 466 485 117 368 502 313 457 366 170 904 384 443 689 376 522 618 306 409 204 345 476 32 170 494 566 216 529 736 457 435 253 319 146 749 801 186 437 344 421 608 628 157 493 163 305 661 793 930 728 697 559 474 711 291 325 332 311 571 450 645 789 645 258 574 720 633 510 462 175 317 712 70 605 240 270 425 119 359 388 278 890 618 930 130 572 485 313 241 382 130 559 65 150 370 202 525 394 735 585 692 188 259 135 686 304 478 342 571 441 682 233 824 580 543 379 730 731 424 361 410 618 750 276 396 777 150 343 251 294 58 474 602 682 343 468 622 138 689 709 348 279 61 80 821 484 404 332 488
791 587 854 755 1168 80 702 953 1041 566 1140 547 791 777 787 853 1072 843 589 837 321 0 129 469 831 568 738 805 922 611 545 872 1168 952 726 869 798 914 1048 876 910 293 570 641 330 679 687 308 746 680 355 1217 661 683 1009 607 720 741 584 601 226 336 713 353 449 669 883 524 831 957 714 753 484 453 177 951 1104 495 655 633 713 920 942 283 785 161 580 891 1100 1247 1046 937 863 748 1030 364 124 459 606 829 726 964 939 837 440 827 961 948 686 778 186 526 820 366 906 83 172 579 406 632 635 598 1205 911 1248 229 863 741 136 238 64 425 823 368 356 82 206 803 290 1042 862 830 477 153 328 993 202 758 658 766 610 1001 282 1142 893 759 530 870 1033 625 681 407 906 906 581 714 903 238 663 114 575 270 716 919 991 580 659 902 271 963 1028 129 538 268 285 1139 565 374 498 661
726 567 732 631 1080 186 592 901 969 469 1059 531 689 748 789 731 970 745 590 838 229 129 0 342 828 462 673 812 808 497 533 857 1086 884 725 741 681 902 971 772 858 196 585 638 209 566 673 345 624 569 321 1132 602 554 911 478 592 754 524 473 98 378 676 259 330 659 792 411 757 931 586 646 443 327 119 934 1029 414 526 511 592 806 856 156 718 80 521 860 1022 1155 953 901 787 692 925 376 215 459 536 783 669 867 945 824 416 699 925 860 560 667 63 397 841 257 832 69 220 575 335 507 507 500 1116 788 1155 188 797 613 217 258 190 351 773 262 314 207 78 677 365 963 805 839 359 197 203 914 262 634 570 638 601 893 290 1049 780 733 403 879 959 603 584 454 842 909 503 622 918 113 560 23 453 193 588 809 910 540 531 844 147 909 923 231 486 191 172 1045 589 429 370 535
574 577 395 290 825 507 296 767 769 261 827 561 415 700 816 392 683 480 649 858 229 469 342 0 840 209 527 850 487 197 571 834 853 705 755 401 354 880 757 485 728 226 677 677 144 263 677 540 286 273 390 886 492 222 635 150 294 815 428 183 255 573 616 216 75 675 548 148 572 868 247 356 435 152 333 896 815 290 209 180 258 486 620 187 561 322 433 791 800 890 692 814 590 573 627 518 518 547 405 679 550 597 966 805 464 362 834 621 285 367 283 92 910 160 640 392 480 622 298 166 170 273 860 449 886 349 631 274 511 464 531 294 660 169 368 539 270 335 616 744 668 878 90 463 142 700 519 293 366 343 630 590 461 785 465 694 176 915 755 597 344 638 678 925 356 396 966 231 300 362 122 277 255 502 689 503 241 696 198 768 626 539 432 279 201 779 700 632 132 264
408 271 931 925 762 771 738 361 552 615 680 300 688 177 50 943 816 672 243 24 665 831 828 840 0 681 410 64 874 749 297 87 700 474 106 1053 850 105 591 741 345 694 271 191 778 753 165 531 888 737 513 766 385 984 751 947 1097 127 422 1012 853 512 248 655 766 173 623 719 478 202 966 724 414 971 710 153 614 552 1008 826 857 871 613 820 420 751 415 198 635 841 720 248 503 350 834 468 729 373 462 287 360 717 127 76 416 1056 263 626 1109 757 803 928 151 708 498 788 661 254 556 871 935 626 790 978 853 641 430 986 711 594 859 553 310 696 526 810 843 967 603 603 362 73 755 679 798 572 642 927 560 1141 229 840 550 778 840 169 1015 89 559 244 621 464 427 86 508 584 145 802 663 843 818 661 1004 818 588 337 1060 388 800 381 828 740 408 662 743 783 291 503 969 1092
370 441 325 268 632 579 137 563 562 67 626 438 229 524 666 330 510 288 529 701 252 568 462 209 681 0 327 702 360 75 450 661 653 497 610 404 251 705 552 311 526 276 572 543 264 121 525 520 238 117 338 690 306 303 452 271 418 681 260 344 401 546 441 221 156 529 348 63 364 679 289 185 318 360 397 714 610 152 330 148 201 358 418 330 357 408 267 602 596 703 501 620 382 378 464 469 574 460 222 484 357 410 806 635 373 391 639 420 434 211 400 274 774 205 431 486 513 500 225 191 255 66 668 384 701 374 425 312 561 469 630 209 464 201 318 621 409 317 619 539 465 729 127 505 278 494 542 270 159 460 497 433 446 597 329 522 373 763 548 450 138 595 471 764 174 189 817 356 101 484 140 308 324 352 484 353 385 491 326 563 462 597 287 310 290 592 603 602 334 419
54 273 524 532 466 714 341 242 305 267 416 304 279 234 413 536 447 266 368 433 449 738 673 527 410 327 0 451 465 379 317 365 443 215 376 652 445 404 319 335 202 484 430 348 529 363 294 541 492 346 392 501 84 613 377 594 733 459 155 670 650 548 171 423 461 311 233 383 107 359 585 318 271 677 567 403 371 267 649 453 466 462 254 591 48 598 161 285 372 551 373 295 143 61 448 464 688 390 139 161 52 335 524 347 339 661 313 264 755 350 622 601 538 452 175 666 612 342 338 503 572 262 502 570 556 510 126 602 670 543 791 322 138 441 385 760 649 569 649 317 142 474 439 617 549 268 620 533 174 771 316 445 499 457 431 243 698 498 299 252 226 557 170 483 180 180 554 596 274 694 464 481 627 412 272 202 707 175 577 245 441 708 209 483 523 458 469 583 657 743
455 273 966 954 821 742 769 422 612 636 740 295 728 223 39 977 869 715 222 49 663 805 812 850 64 702 451 0 916 773 289 151 761 531 95 1084 884 164 650 785 404 690 236 179 778 781 177 501 917 766 504 827 416 1004 803 964 1116 73 443 1026 844 478 283 656 775 176 671 735 526 265 990 759 417 975 695 213 675 566 1026 849 885 913 666 816 466 736 436 260 695 902 775 311 554 393 884 443 699 354 487 340 400 767 134 136 408 1084 326 678 1124 793 791 939 92 711 552 768 634 241 559 892 954 651 850 1015 913 627 483 1011 681 569 830 558 362 699 519 779 833 997 564 662 417 29 768 652 798 629 612 956 591 1160 223 888 528 835 881 210 1023 68 619 255 653 424 483 104 531 620 116 795 693 825 837 654 1026 862 645 351 1076 445 795 442 878 708 421 654 739 840 249 463 976 1106
469 706 136 239 422 938 224 605 485 387 468 721 192 698 878 150 239 204 804 898 611 922 808 487 874 360 465 916 0 312 735 821 485 483 839 270 134 855 450 137 587 633 860 797 600 244 754 868 217 245 685 488 511 375 229 420 472 920 519 493 733 890 634 580 479 768 271 399 407 787 324 187 626 603 755 844 493 485 431 308 235 4 320 661 456 763 529 724 465 460 304 712 392 525 169 808 934 775 467 601 516 222 983 808 694 312 721 311 521 154 745 489 1002 558 421 841 872 775 574 333 379 354 448 139 450 734 470 316 921 826 985 556 576 556 666 979 745 230 971 429 539 939 449 865 609 411 900 237 354 484 758 127 798 370 37 707 570 962 468 697 296 929 497 944 445 307 1018 696 284 830 366 668 362 66 391 615 488 536 664 592 173 957 573 670 639 361 896 942 555 524
417 514 257 193 629 630 101 607 584 138 634 512 219 588 736 261 489 284 603 770 304 611 497 197 749 75 379 773 312 0 525 725 659 528 681 329 190 768 568 290 572 324 647 616 290 71 596 589 164 77 408 690 369 237 439 217 355 753 330 295 425 615 506 275 170 601 355 89 399 737 218 161 392 340 446 775 626 227 270 77 127 310 428 353 403 452 338 660 608 694 496 674 412 434 436 541 629 534 288 539 414 401 873 701 447 317 691 427 376 175 434 240 846 247 460 529 572 574 295 124 193 124 663 317 690 431 464 240 616 533 674 280 517 246 387 669 436 243 684 554 511 800 139 562 300 512 603 196 206 395 570 401 512 589 284 588 339 832 569 522 164 666 509 832 242 218 887 386 114 519 92 362 255 315 499 425 329 533 354 605 435 651 361 364 327 583 678 672 305 365
353 51 752 716 777 493 546 450 594 389 718 14 544 240 261 760 761 557 80 309 375 545 533 571 297 450 317 289 735 525 0 328 744 499 197 851 670 372 618 621 412 402 126 111 490 550 143 268 682 537 217 806 241 744 689 695 849 246 216 751 557 261 197 369 497 127 543 471 422 415 737 555 138 689 415 407 664 302 759 597 647 732 570 527 357 455 206 353 672 862 689 405 458 287 753 191 456 94 268 323 275 646 417 294 120 841 428 580 851 591 506 662 340 425 482 496 382 52 275 636 691 412 812 807 869 345 417 761 436 310 581 277 328 414 231 536 547 764 364 621 382 317 493 396 510 575 372 718 382 895 69 744 264 772 699 219 740 356 593 89 443 249 445 379 297 429 403 507 470 548 575 366 769 694 583 122 804 424 506 466 748 470 167 366 451 773 162 281 694 832
353 290 888 892 682 817 702 279 471 595 598 328 641 137 130 900 746 618 291 106 677 872 857 834 87 661 365 151 821 725 328 0 617 397 164 1015 809 47 512 686 268 709 331 236 786 720 186 582 854 704 538 683 356 961 683 931 1078 210 407 1000 873 566 220 664 760 203 562 704 418 117 939 682 425 972 739 81 532 545 990 801 825 818 545 834 366 779 402 116 554 760 648 163 439 304 769 512 777 414 439 222 318 651 163 35 441 1023 176 557 1093 714 826 919 235 712 429 823 705 294 563 849 915 602 708 932 772 670 364 958 758 636 905 557 247 701 547 858 865 932 662 525 294 156 747 721 807 496 691 894 527 1119 262 778 590 700 788 141 1010 160 480 256 585 526 355 126 488 544 210 820 631 873 800 681 979 763 514 337 1045 314 814 299 762 790 406 681 757 705 357 565 965 1078
396 695 617 699 88 1151 566 340 154 624 28 732 443 560 730 631 263 377 776 722 858 1168 1086 853 700 653 443 761 485 659 744 617 0 247 727 755 578 627 126 395 361 891 838 738 909 600 670 984 666 587 832 67 526 829 257 850 940 802 595 930 1043 989 555 828 808 694 306 714 341 524 782 507 714 999 992 592 87 674 881 704 663 484 235 975 397 1018 602 503 73 146 183 457 307 459 329 905 1128 826 564 440 474 276 761 625 781 795 449 234 982 509 1030 895 850 839 269 1091 1052 756 762 749 813 598 98 623 161 941 328 782 1110 985 1223 744 426 831 823 1196 1048 706 1091 127 368 772 779 1056 926 177 1063 698 518 960 722 367 942 136 476 581 991 776 152 663 516 992 301 734 587 469 822 993 555 1109 747 901 825 426 178 640 943 329 968 320 323 1149 651 903 921 146 877 1021 962 981
162 450 585 632 293 927 457 130 96 450 221 488 347 319 497 600 355 294 530 497 658 952 884 705 474 497 215 531 483 528 499 397 247 0 487 727 520 418 124 351 130 693 592 493 729 487 425 746 593 471 605 311 294 741 298 741 861 565 369 821 856 749 309 630 646 449 215 558 134 327 703 409 481 856 781 392 165 474 786 591 577 480 167 793 168 811 374 283 175 376 253 251 117 217 389 667 901 584 349 197 235 276 554 399 545 751 253 178 893 428 832 765 622 653 69 880 824 510 551 641 711 433 324 614 386 724 90 712 882 755 1005 534 181 644 599 973 857 656 852 132 123 546 620 830 748 99 831 632 341 891 476 407 710 305 457 339 865 556 95 418 366 748 55 521 384 311 607 803 414 906 619 693 747 418 118 400 848 87 782 114 381 921 421 695 730 310 631 778 828 886
388 179 882 865 780 666 682 393 574 544 704 202 648 168 65 892 810 641 138 113 570 726 725 755 106 610 376 95 839 681 197 164 727 487 0 996 800 199 609 710 366 597 169 88 684 693 87 427 828 678 413 793 332 912 741 870 1022 83 352 932 753 408 206 562 681 82 604 642 461 276 898 675 323 881 608 243 641 472 932 757 796 835 607 723 398 648 344 244 658 862 721 300 492 322 819 363 624 269 398 290 325 703 221 134 316 994 320 619 1030 710 702 845 167 616 497 684 556 151 464 800 861 561 810 932 872 539 427 920 606 489 754 464 308 605 427 705 742 909 501 618 366 123 673 574 704 581 537 867 505 1067 129 819 445 788 803 149 928 161 579 161 568 364 435 184 441 538 211 703 605 739 744 562 934 787 594 258 982 400 702 412 813 636 327 562 646 792 193 402 882 1012
673 836 143 137 691 906 316 838 745 462 738 838 386 882 1046 128 505 433 928 1075 604 869 741 401 1053 404 652 1084 270 329 851 1015 755 727 996 0 211 1055 712 381 813 612 974 937 543 304 909 907 169 318 732 757 669 194 499 268 237 1072 647 308 649 936 806 580 436 917 513 402 626 1003 156 336 720 456 728 1053 759 555 239 266 204 272 575 586 658 722 655 932 732 724 574 932 622 712 435 866 915 863 599 807 697 487 1172 996 776 57 945 567 291 307 683 352 1162 536 660 792 870 899 620 246 235 440 715 136 712 733 694 129 906 843 930 607 782 539 711 940 667 88 996 693 758 1109 417 856 543 669 907 134 494 232 892 394 829 638 282 886 397 1139 727 839 432 991 730 1131 559 472 1195 631 391 760 311 660 163 331 649 745 276 765 598 829 440 937 685 662 597 629 1006 994 403 304
464 649 83 122 527 819 125 629 546 293 557 657 177 677 846 93 355 227 745 873 494 798 681 354 850 251 445 884 134 190 670 809 578 520 800 211 0 847 518 185 603 513 796 747 472 131 713 770 90 139 588 592 469 254 326 290 363 878 458 366 602 795 604 465 351 723 309 279 416 793 205 128 548 470 635 844 569 393 309 175 101 133 376 531 449 640 467 723 544 576 398 722 413 505 290 717 818 696 407 597 492 303 967 791 611 232 735 369 406 97 618 356 966 436 453 717 761 715 474 200 250 263 556 138 568 621 484 205 806 720 861 457 573 435 567 858 616 137 869 499 547 909 322 751 480 470 792 121 296 384 704 249 696 478 118 682 440 937 529 648 233 841 521 926 373 267 993 568 201 702 234 552 248 164 451 557 369 555 535 620 292 841 504 554 514 470 830 850 423 406
388 335 926 933 696 859 743 294 485 639 610 372 678 181 153 938 770 652 330 116 724 914 902 880 105 705 404 164 855 768 372 47 627 418 199 1055 847 0 527 720 289 755 367 276 833 762 230 622 894 745 583 693 400 1004 709 975 1121 231 452 1045 919 605 265 710 806 246 593 749 450 108 982 720 471 1018 784 49 543 590 1034 844 866 852 571 880 402 824 448 136 567 772 670 172 469 343 796 554 818 456 484 255 359 679 136 79 486 1063 180 584 1137 752 872 964 238 759 455 867 747 336 609 892 959 645 721 969 785 714 392 1000 799 678 947 603 280 747 592 899 910 972 699 542 322 161 792 764 853 517 732 935 568 1163 305 807 633 717 823 186 1055 153 495 302 626 562 379 107 533 583 196 866 672 918 844 726 1022 796 535 383 1089 337 860 313 789 830 452 727 803 723 390 601 1010 1122
271 570 570 637 172 1029 483 234 45 516 100 607 361 441 617 585 271 297 652 613 743 1048 971 757 591 552 319 650 450 568 618 512 126 124 609 712 518 527 0 334 247 777 714 616 802 516 548 858 600 501 709 188 401 759 232 771 875 687 471 852 933 863 431 713 707 572 217 614 218 429 715 426 590 906 874 496 59 558 808 622 592 447 144 867 272 901 478 396 54 254 166 357 186 333 321 780 1005 701 443 320 348 228 663 516 656 745 353 149 913 436 916 807 740 729 144 973 929 631 643 669 736 493 202 588 264 821 202 720 987 861 1103 625 304 720 701 1075 937 652 965 21 246 663 678 933 819 58 938 636 407 900 598 349 817 191 431 462 905 671 33 539 415 866 177 632 469 364 720 882 458 993 658 783 759 385 70 514 871 209 858 214 314 1026 527 785 809 197 753 895 873 909
335 587 238 306 349 881 190 470 365 314 373 607 88 565 746 253 200 70 685 765 557 876 772 485 741 311 335 785 137 290 621 686 395 351 710 381 185 720 334 0 451 584 744 674 572 222 627 781 272 213 601 413 388 435 152 459 547 792 408 539 709 799 505 525 456 642 137 365 271 651 388 130 524 621 702 708 384 403 487 319 270 134 195 637 321 717 418 588 359 408 217 576 256 392 155 715 871 670 357 465 386 120 848 674 594 412 585 187 589 120 710 511 872 515 287 795 804 657 497 359 421 281 381 264 403 670 333 390 856 749 938 478 440 511 584 925 718 319 888 315 403 807 425 799 585 288 827 306 250 569 637 130 716 304 107 575 604 829 347 575 204 830 362 810 344 195 885 666 214 795 369 611 431 78 269 500 549 401 635 458 152 894 466 613 600 297 782 848 580 587
156 361 675 705 418 875 519 43 209 468 339 402 427 201 371 689 483 387 428 368 640 910 858 728 345 526 202 404 587 572 412 268 361 130 366 813 603 289 247 451 0 675 488 385 727 545 315 673 665 528 556 427 257 800 422 788 921 442 336 866 843 671 215 616 662 339 317 583 187 203 768 481 427 878 747 266 275 464 840 643 644 584 286 787 170 781 338 154 293 499 382 127 195 167 511 594 844 503 335 89 191 395 424 270 480 831 135 298 947 507 811 800 494 649 170 843 767 412 525 693 763 460 447 711 510 684 120 781 825 695 957 511 88 638 554 920 841 736 774 259 61 417 640 776 747 229 767 706 368 956 376 525 649 434 557 223 898 426 215 324 411 659 93 391 380 358 477 789 461 878 660 666 811 524 247 334 900 51 773 55 504 862 374 667 717 439 526 692 857 936
537 424 575 486 885 307 411 717 776 276 864 396 499 587 661 576 780 553 473 708 35 293 196 226 694 276 484 690 633 324 402 709 891 693 597 612 513 755 777 584 675 0 487 512 97 389 531 317 471 389 191 937 418 445 719 375 517 643 340 401 170 350 509 64 177 522 597 235 564 769 463 461 284 301 123 781 835 220 434 357 435 631 661 126 528 133 339 694 827 961 759 731 593 509 738 304 308 353 346 605 485 675 817 676 283 580 754 665 502 486 140 310 736 79 639 211 259 451 153 367 391 307 922 633 961 123 607 491 297 239 355 165 593 78 173 347 167 537 390 769 620 718 198 245 114 720 296 490 375 566 469 709 238 856 603 575 364 758 766 454 391 419 652 778 310 428 803 116 371 218 304 52 477 627 715 376 461 657 106 724 736 330 313 54 49 852 504 410 319 479
460 158 877 839 879 506 672 522 686 512 813 140 669 293 223 886 876 679 63 273 466 570 585 677 271 572 430 236 860 647 126 331 838 592 169 974 796 367 714 744 488 487 0 106 582 674 176 265 806 662 297 902 359 861 806 808 962 172 341 859 627 243 284 467 605 151 660 588 532 439 857 680 255 785 472 411 755 421 872 717 770 857 681 609 465 512 331 394 767 964 800 450 566 391 873 211 463 135 394 402 383 763 370 299 213 963 472 692 961 716 571 769 256 524 585 537 398 88 381 754 807 537 913 933 972 405 516 882 445 335 594 387 413 513 316 543 614 887 333 720 471 261 605 418 600 676 376 841 507 1009 117 865 297 879 824 270 841 300 687 179 569 195 538 339 423 554 335 582 595 597 692 444 887 818 686 245 914 511 587 540 867 472 293 444 535 881 40 234 795 940
370 103 829 803 783 583 626 418 586 478 714 117 606 188 152 839 793 607 55 201 485 641 638 677 191 543 348 179 797 616 111 236 738 493 88 937 747 276 616 674 385 512 106 0 600 633 71 346 768 619 326 803 288 842 722 797 949 140 291 855 666 330 188 479 602 46 580 570 444 338 831 626 242 798 520 317 654 399 859 690 734 794 593 637 378 561 282 290 667 867 711 345 477 301 794 278 542 183 340 300 298 681 308 203 230 931 368 604 954 661 614 767 235 534 491 597 472 64 382 731 790 498 816 882 876 451 422 854 523 404 671 383 313 522 340 623 655 850 428 622 371 207 597 489 620 581 456 805 452 995 47 791 360 786 762 165 848 246 588 101 515 295 439 271 378 492 293 617 548 652 673 475 865 750 592 192 907 410 616 436 789 555 256 476 561 788 141 332 801 936
581 508 524 426 894 364 387 769 806 287 882 483 492 660 748 523 772 552 564 793 117 330 209 144 778 264 529 778 600 290 490 786 909 729 684 543 472 833 802 572 727 97 582 600 0 360 614 411 416 364 285 950 474 365 716 291 426 734 399 309 138 445 579 124 121 607 607 208 596 838 389 444 365 204 190 856 860 264 348 303 384 598 675 67 570 179 400 762 849 966 763 794 622 563 723 400 375 447 393 664 539 673 903 755 374 505 817 678 408 463 147 220 828 78 670 251 339 541 224 302 313 312 930 581 964 214 647 417 368 330 393 230 650 90 266 398 147 474 478 791 669 806 152 321 21 744 379 429 395 475 556 689 333 860 573 650 267 845 794 535 396 515 694 863 350 440 892 97 364 231 245 148 398 604 736 450 369 703 64 773 721 396 383 149 59 855 599 504 222 384
394 533 207 173 566 695 34 577 535 165 576 537 158 585 743 214 420 224 626 774 368 679 566 263 753 121 363 781 244 71 550 720 600 487 693 304 131 762 516 222 545 389 674 633 360 0 606 640 136 17 457 628 368 256 372 256 377 768 343 337 495 664 506 337 240 614 300 156 364 721 224 95 423 402 511 764 572 264 300 107 105 242 373 423 379 519 352 647 553 628 432 654 372 421 366 587 692 570 296 522 404 336 874 699 484 304 670 371 407 105 503 295 859 314 418 597 632 597 343 155 224 138 599 266 624 493 431 240 679 589 742 327 499 312 436 735 506 217 739 500 485 807 209 624 370 461 662 175 194 412 589 331 565 524 215 587 392 838 519 536 137 711 474 832 255 187 893 456 90 588 149 425 267 245 447 442 361 502 424 572 366 715 383 427 396 517 708 720 363 399
311 108 795 778 717 634 595 347 517 459 646 143 563 117 141 805 734 558 120 182 502 687 673 677 165 525 294 177 754 596 143 186 670 425 87 909 713 230 548 627 315 531 176 71 614 606 0 402 742 591 354 735 245 828 665 788 939 167 266 851 692 390 127 491 602 25 524 559 385 277 813 589 250 806 555 265 585 391 849 672 709 750 532 657 320 595 259 222 599 801 649 277 417 243 740 330 595 231 311 230 243 625 291 152 257 908 300 544 948 624 644 765 254 543 427 638 522 114 391 715 778 475 749 846 810 485 357 835 576 452 722 388 244 531 365 676 683 823 490 555 303 205 593 537 634 515 510 780 418 983 79 738 406 721 718 95 851 240 520 80 481 361 372 250 355 451 293 641 518 689 660 500 849 703 527 175 900 341 637 366 734 609 246 500 580 724 212 398 805 930
588 317 844 774 1005 242 650 713 841 482 957 275 695 507 486 849 953 729 292 535 313 308 345 540 531 520 541 501 868 589 268 582 984 746 427 907 770 622 858 781 673 317 265 346 411 640 402 0 751 633 184 1042 458 755 884 688 833 435 397 718 409 35 460 331 482 381 741 507 647 679 766 682 273 608 247 662 909 384 749 643 714 866 784 414 587 284 388 620 912 1089 900 672 682 529 930 80 199 174 439 586 512 838 634 548 203 882 696 792 818 715 348 627 512 383 716 286 137 289 297 665 700 515 1041 903 1093 199 658 794 180 89 330 314 587 376 204 279 391 826 109 858 636 525 495 158 424 809 112 777 533 882 324 911 80 991 834 486 676 564 837 356 580 110 694 603 439 590 595 375 585 352 599 265 786 844 813 346 777 679 391 727 926 209 337 264 354 990 258 94 632 795
519 667 110 40 616 774 152 694 626 294 644 670 246 719 879 108 445 305 760 909 457 746 624 286 888 238 492 917 217 164 682 854 666 593 828 169 90 894 600 272 665 471 806 768 416 136 742 751 0 151 572 681 503 165 416 203 276 904 478 277 540 778 641 430 299 749 387 245 480 849 117 186 553 389 592 895 653 389 219 115 38 217 457 470 504 591 487 776 629 665 486 780 481 552 379 704 778 697 431 650 536 391 1008 833 610 169 794 452 318 166 562 274 994 393 524 666 726 730 458 122 162 271 646 165 657 586 548 121 767 692 809 444 626 394 550 811 555 82 844 582 608 943 273 714 421 550 760 41 329 301 723 337 674 567 206 721 353 973 610 671 269 830 588 967 390 313 1029 511 225 645 172 514 160 253 533 577 279 620 477 688 381 800 516 516 464 559 838 835 339 317
377 519 217 189 554 694 24 560 519 155 562 524 145 569 728 224 412 211 614 759 366 680 569 273 737 117 346 766 245 77 537 704 587 471 678 318 139 745 501 213 528 389 662 619 364 17 591 633 151 0 450 615 353 273 362 272 394 754 329 353 500 657 490 336 246 599 285 158 347 704 241 84 412 414 511 748 557 255 316 122 121 243 359 428 362 520 338 630 538 618 420 637 355 404 360 579 690 559 281 505 387 325 858 683 474 320 653 357 423 100 506 308 844 315 402 598 629 584 337 171 241 126 588 275 614 490 414 257 677 585 743 320 482 312 430 735 510 232 733 485 468 792 214 621 375 446 658 191 178 429 575 326 560 513 214 571 406 822 504 522 120 703 457 816 242 170 878 459 74 591 161 423 284 241 432 428 378 485 428 555 359 713 370 426 398 507 696 712 376 415
444 248 663 598 844 323 467 598 697 299 804 214 514 429 477 668 778 551 284 525 170 355 321 390 513 338 392 504 685 408 217 538 832 605 413 732 588 583 709 601 556 191 297 326 285 457 354 184 572 450 0 887 312 591 710 530 681 455 238 572 340 208 360 174 322 342 570 331 492 612 597 498 130 488 203 614 763 200 594 467 535 682 619 314 439 242 232 542 762 927 732 586 526 396 751 134 297 163 271 475 374 664 634 504 98 711 609 627 674 531 290 481 547 232 565 293 221 264 115 494 536 332 881 722 930 134 516 624 278 155 403 131 469 222 23 369 330 649 288 706 509 532 329 225 303 656 234 601 354 730 286 730 117 825 650 413 547 572 691 283 398 260 557 596 262 412 616 291 402 338 428 150 621 661 657 226 630 550 292 609 747 317 186 150 238 824 315 264 501 652
456 757 622 712 67 1203 594 406 219 665 90 794 472 626 796 637 254 406 839 788 904 1217 1132 886 766 690 501 827 488 690 806 683 67 311 793 757 592 693 188 413 427 937 902 803 950 628 735 1042 681 615 887 0 584 845 266 872 953 869 650 951 1085 1048 619 873 845 759 343 750 397 589 796 533 771 1029 1041 657 153 723 899 729 682 487 276 1016 456 1065 657 569 136 85 197 523 361 520 324 964 1182 887 617 506 534 294 826 692 839 800 514 273 998 532 1074 921 916 881 327 1139 1106 819 812 772 834 638 49 622 101 992 390 795 1164 1040 1274 793 491 874 877 1249 1091 715 1150 185 433 838 814 1109 966 234 1118 711 562 970 786 364 998 120 484 647 1016 842 216 727 555 1053 365 799 637 511 888 1036 590 1154 775 949 839 434 230 700 960 395 1009 386 319 1203 708 951 965 129 941 1081 989 998
