50
0 571 209 528 709 210 387 740 521 577 254 188 303 457 305 390 351 451 217 327 78 330 446 634 535 675 289 178 148 605 191 82 143 682 274 313 353 394 313 360 702 526 434 541 539 625 440 387 383 221
571 0 653 158 280 675 930 583 270 549 529 754 726 316 772 784 874 582 483 862 495 731 744 71 246 446 851 525 424 919 754 650 436 615 684 479 437 744 260 903 175 187 141 461 318 376 811 297 279 368
209 653 0 561 710 26 482 933 678 777 150 281 492 434 121 578 228 306 174 442 253 122 648 704 534 854 365 129 296 397 294 226 248 883 65 229 548 591 405 459 744 663 536 454 510 579 231 550 398 293
528 158 561 0 193 585 910 719 394 658 422 715 742 167 673 812 788 438 387 845 461 620 795 168 89 587 816 437 396 781 719 610 386 737 580 358 501 781 232 882 184 316 189 304 160 226 688 371 164 308
709 280 710 193 0 736 1094 860 549 825 563 895 935 277 813 1005 936 515 542 1031 646 747 985 235 178 722 997 595 584 856 900 790 568 894 717 488 687 973 423 1067 142 465 370 335 208 186 795 552 328 490
210 675 26 585 736 0 462 942 693 783 176 264 483 459 104 568 204 328 198 424 261 123 643 726 559 865 345 151 309 399 278 217 263 889 73 254 555 584 425 439 768 680 556 479 536 605 231 563 422 312
387 930 482 910 1094 462 0 901 804 723 603 210 268 842 480 293 400 785 587 70 450 560 414 998 922 892 117 537 516 798 201 308 527 809 529 677 576 348 685 28 1077 839 790 912 925 1009 642 682 770 605
740 583 933 719 860 942 901 0 328 179 889 838 634 830 1042 623 1084 1037 828 839 681 1050 510 628 803 139 891 836 642 1310 827 778 698 107 992 887 388 564 615 882 735 403 546 988 868 944 1157 409 748 691
521 270 678 394 549 693 804 328 0 280 602 671 557 504 797 593 868 726 542 735 446 785 524 328 476 203 752 563 386 1025 666 583 431 346 729 584 234 542 305 779 439 84 219 662 540 617 885 134 426 401
577 549 777 658 825 783 723 179 280 0 751 662 456 740 881 449 915 915 690 661 525 897 341 608 734 202 713 690 495 1164 651 607 554 106 839 760 231 390 506 704 719 363 472 893 791 875 1005 300 650 562
254 529 150 422 563 176 603 889 602 751 0 394 556 286 253 643 374 198 62 554 252 202 690 574 388 793 490 77 258 424 405 310 199 855 159 80 521 643 303 578 604 570 428 312 361 430 288 486 259 202
188 754 281 715 895 264 210 838 671 662 394 0 256 636 308 331 276 580 378 162 260 375 430 818 720 798 102 328 330 637 16 106 330 761 336 468 467 363 498 184 889 690 615 702 719 802 471 540 568 408
303 726 492 742 935 483 268 634 557 456 556 256 0 720 551 88 532 753 514 206 321 605 174 796 776 627 271 480 363 877 242 266 402 544 555 611 324 107 512 249 889 605 590 828 799 890 709 448 632 469
457 316 434 167 277 459 842 830 504 740 286 636 720 0 536 799 659 272 269 783 406 473 807 334 105 706 738 322 357 616 643 535 324 830 441 211 545 780 241 815 334 439 286 158 83 171 531 440 95 252
305 772 121 673 813 104 480 1042 797 881 253 308 551 536 0 633 132 358 290 456 362 88 719 820 639 968 367 248 412 329 323 293 366 986 96 326 655 656 525 462 856 783 656 531 608 668 164 667 510 413
390 784 578 812 1005 568 293 623 593 449 643 331 88 799 633 0 605 840 601 245 405 689 121 854 851 635 326 567 443 961 316 352 485 525 641 697 362 60 584 281 951 649 651 912 877 968 793 495 710 549
351 874 228 788 936 204 400 1084 868 915 374 276 532 659 132 605 0 488 401 393 422 217 706 928 761 1025 298 353 484 403 291 308 449 1018 225 450 699 639 620 387 971 865 751 661 733 797 260 735 625 508
451 582 306 438 515 328 785 1037 726 915 198 580 753 272 358 840 488 0 244 741 444 273 885 606 370 927 669 273 437 346 592 504 380 1016 272 157 692 839 423 761 600 676 521 190 312 342 288 629 311 354
217 483 174 387 542 198 587 828 542 690 62 378 514 269 290 601 401 244 0 533 201 252 641 531 365 732 478 54 199 485 387 284 140 794 202 97 461 597 247 561 570 513 374 327 349 427 345 424 224 141
327 862 442 845 1031 424 70 839 735 661 554 162 206 783 456 245 393 741 533 0 385 531 364 930 859 826 96 485 450 781 150 250 464 750 495 626 508 296 618 45 1010 770 722 859 865 951 620 612 707 542
78 495 253 461 646 261 450 681 446 525 252 260 321 406 362 405 422 444 201 385 0 373 441 559 476 608 359 179 71 642 261 156 83 630 314 295 296 398 239 422 631 448 358 508 488 577 481 313 325 158
330 731 122 620 747 123 560 1050 785 897 202 375 605 473 88 689 217 273 252 531 373 0 766 775 578 967 444 223 410 276 390 339 357 1002 59 264 667 707 498 539 801 762 626 452 540 594 110 660 460 389
446 744 648 795 985 643 414 510 524 341 690 430 174 807 719 121 706 885 641 364 441 766 0 813 845 536 440 615 461 1041 415 428 512 410 713 734 307 69 576 401 916 590 620 934 880 972 873 447 714 564
634 71 704 168 235 726 998 628 328 608 574 818 796 334 820 854 928 606 531 930 559 775 813 0 247 490 916 576 488 948 819 714 496 668 731 517 506 814 321 970 112 245 209 467 318 361 849 366 316 425
535 246 534 89 178 559 922 803 476 734 388 720 776 105 639 851 761 370 365 859 476 578 845 247 0 672 821 417 418 716 725 616 395 816 544 315 562 825 270 894 231 401 263 220 73 142 635 440 153 318
675 446 854 587 722 865 892 139 203 202 793 798 627 706 968 635 1025 927 732 826 608 967 536 490 672 0 864 747 558 1216 790 724 610 202 909 782 332 577 504 870 597 271 421 864 738 812 1070 308 629 592
289 851 365 816 997 345 117 891 752 713 490 102 271 738 367 326 298 669 478 96 359 444 440 916 821 864 0 426 428 689 98 207 431 807 413 565 537 371 598 96 989 778 712 800 820 903 529 624 670 509
178 525 129 437 595 151 537 836 563 690 77 328 480 322 248 567 353 273 54 485 179 223 615 576 417 747 426 0 196 475 337 238 139 795 168 141 460 567 279 511 620 541 409 375 403 480 324 439 274 168
148 424 296 396 584 309 516 642 386 495 258 330 363 357 412 443 484 437 199 450 71 410 461 488 418 558 428 196 0 670 331 227 60 600 352 282 265 426 170 488 562 382 287 474 436 527 516 255 270 107
605 919 397 781 856 399 798 1310 1025 1164 424 637 877 616 329 961 403 346 485 781 642 276 1041 948 716 1216 689 475 670 0 652 614 613 1269 332 448 933 981 723 782 945 989 840 523 657 676 169 909 641 626
191 754 294 719 900 278 201 827 666 651 405 16 242 643 323 316 291 592 387 150 261 390 415 819 725 790 98 337 331 652 0 110 333 750 350 477 459 348 500 175 891 687 615 712 725 809 486 535 573 411
82 650 226 610 790 217 308 778 583 607 310 106 266 535 293 352 308 504 284 250 156 339 428 714 616 724 207 238 227 614 110 0 225 711 289 378 395 368 394 281 783 595 513 610 618 702 446 450 464 302
143 436 248 386 568 263 527 698 431 554 199 330 402 324 366 485 449 380 140 464 83 357 512 496 395 610 431 139 60 613 333 225 0 658 300 225 324 473 177 500 561 418 305 428 405 494 461 304 244 78
682 615 883 737 894 889 809 107 346 106 855 761 544 830 986 525 1018 1016 794 750 630 1002 410 668 816 202 807 795 600 1269 750 711 658 0 944 862 336 467 602 791 778 429 554 986 877 958 1111 393 743 664
274 684 65 580 717 73 529 992 729 839 159 336 555 441 96 641 225 272 202 495 314 59 713 731 544 909 413 168 352 332 350 289 300 944 0 230 609 655 445 508 762 708 575 438 512 573 168 603 418 335
313 479 229 358 488 254 677 887 584 760 80 468 611 211 326 697 450 157 97 626 295 264 734 517 315 782 565 141 282 448 477 378 225 862 230 0 536 692 280 651 537 543 392 235 284 351 333 479 201 199
353 437 548 501 687 555 576 388 234 231 521 467 324 545 655 362 699 692 461 508 296 667 307 506 562 332 537 460 265 933 459 395 324 336 609 536 0 314 304 553 611 288 318 690 608 698 775 141 451 339
394 744 591 781 973 584 348 564 542 390 643 363 107 780 656 60 639 839 597 296 398 707 69 814 825 577 371 567 426 981 348 368 473 467 655 692 314 0 556 334 913 601 614 899 855 947 812 451 688 532
313 260 405 232 423 425 685 615 305 506 303 498 512 241 525 584 620 423 247 618 239 498 576 321 270 504 598 279 170 723 500 394 177 602 445 280 304 556 0 657 393 267 132 389 307 398 591 209 148 113
360 903 459 882 1067 439 28 882 779 704 578 184 249 815 462 281 387 761 561 45 422 539 401 970 894 870 96 511 488 782 175 281 500 791 508 651 553 334 657 0 1050 813 763 886 898 982 624 656 742 578
702 175 744 184 142 768 1077 735 439 719 604 889 889 334 856 951 971 600 570 1010 631 801 916 112 231 597 989 620 562 945 891 783 561 778 762 537 611 913 393 1050 0 356 301 437 291 306 864 471 347 484
526 187 663 316 465 680 839 403 84 363 570 690 605 439 783 649 865 676 513 770 448 762 590 245 401 271 778 541 382 989 687 595 418 429 708 543 288 601 267 813 356 0 157 596 468 541 857 159 369 374
434 141 536 189 370 556 790 546 219 472 428 615 590 286 656 651 751 521 374 722 358 626 620 209 263 421 712 409 287 840 615 513 305 554 575 392 318 614 132 763 301 157 0 443 323 405 715 184 213 244
541 461 454 304 335 479 912 988 662 893 312 702 828 158 531 912 661 190 327 859 508 452 934 467 220 864 800 375 474 523 712 610 428 986 438 235 690 899 389 886 437 596 443 0 150 154 477 594 243 370
539 318 510 160 208 536 925 868 540 791 361 719 799 83 608 877 733 312 349 865 488 540 880 318 73 738 820 403 436 657 725 618 405 877 512 284 608 855 307 898 291 468 323 150 0 92 588 493 168 332
625 376 579 226 186 605 1009 944 617 875 430 802 890 171 668 968 797 342 427 951 577 594 972 361 142 812 903 480 527 676 809 702 494 958 573 351 698 947 398 982 306 541 405 154 92 0 628 580 260 422
440 811 231 688 795 231 642 1157 885 1005 288 471 709 531 164 793 260 288 345 620 481 110 873 849 635 1070 529 324 516 169 486 446 461 1111 168 333 775 812 591 624 864 857 715 477 588 628 0 763 534 485
387 297 550 371 552 563 682 409 134 300 486 540 448 440 667 495 735 629 424 612 313 660 447 366 440 308 624 439 255 909 535 450 304 393 603 479 141 451 209 656 471 159 184 594 493 580 763 0 351 285
383 279 398 164 328 422 770 748 426 650 259 568 632 95 510 710 625 311 224 707 325 460 714 316 153 629 670 274 270 641 573 464 244 743 418 201 451 688 148 742 347 369 213 243 168 260 534 351 0 167
221 368 293 308 490 312 605 691 401 562 202 408 469 252 413 549 508 354 141 542 158 389 564 425 318 592 509 168 107 626 411 302 78 664 335 199 339 532 113 578 484 374 244 370 332 422 485 285 167 0
