50
0 927 1088 725 812 638 752 843 649 772 823 831 716 768 277 431 706 1050 557 744 646 626 193 607 749 662 439 198 227 275 289 594 185 1091 946 406 613 624 357 946 923 766 563 314 883 641 836 399 293 183
927 0 301 203 514 361 176 541 287 240 385 117 637 676 668 800 221 125 502 749 466 363 741 333 194 704 630 908 825 822 639 899 742 217 132 817 445 613 867 47 306 232 440 617 281 474 122 563 747 816
1088 301 0 419 416 451 403 423 460 531 312 404 575 589 865 1054 438 252 559 672 483 462 922 569 369 662 700 1116 933 914 816 881 908 124 184 866 720 897 929 334 602 327 699 803 580 757 413 784 971 941
725 203 419 0 439 199 28 474 91 182 329 130 519 570 470 636 20 326 334 631 327 194 540 150 61 569 446 715 626 626 437 740 540 382 243 634 312 493 679 228 348 140 281 416 304 356 141 373 561 614
812 514 416 439 0 279 449 39 392 620 130 534 161 175 672 940 444 568 266 257 182 293 695 528 386 250 375 905 611 578 603 470 660 501 411 494 710 883 562 560 775 308 656 606 735 761 549 648 805 637
638 361 451 199 279 0 220 318 124 371 213 323 327 382 435 676 195 464 142 437 131 16 480 251 171 371 273 683 490 477 376 545 460 468 327 459 432 604 511 398 544 141 377 369 500 484 336 384 557 493
752 176 403 28 449 220 0 484 118 172 335 104 537 586 496 653 46 299 358 649 346 217 567 169 64 589 473 740 654 654 464 763 567 360 224 661 322 502 706 200 331 144 296 442 288 363 117 396 583 642
843 541 423 474 39 318 484 0 429 655 157 567 167 167 709 978 480 589 302 250 219 332 730 566 420 257 404 939 638 603 639 475 694 515 433 513 748 921 583 587 808 342 694 643 768 799 581 686 842 666
649 287 460 91 392 124 118 429 0 249 301 219 450 505 408 607 80 405 249 559 254 115 471 140 100 491 356 658 539 537 366 654 465 444 299 544 322 500 589 315 425 139 275 348 380 372 230 326 512 530
772 240 531 182 620 371 172 655 249 0 507 128 697 749 497 574 179 350 494 807 502 363 579 178 236 740 585 715 724 734 490 896 595 456 349 768 213 374 802 227 181 316 225 462 135 235 120 378 547 699
823 385 312 329 130 213 335 157 301 507 0 412 272 300 644 888 338 440 269 379 183 229 682 440 272 355 404 888 643 618 581 572 655 382 282 558 622 801 623 431 654 192 575 577 616 671 426 596 769 660
831 117 404 130 534 323 104 567 219 128 412 0 634 681 565 684 142 237 461 746 446 320 642 227 157 689 575 800 749 751 543 867 648 331 223 763 329 498 807 118 242 227 325 518 205 359 15 455 637 734
716 637 575 519 161 327 537 167 450 697 272 634 0 62 628 914 519 707 238 114 196 337 632 570 478 90 286 837 499 459 555 310 588 653 549 356 743 902 426 681 866 411 681 566 823 796 647 633 764 535
768 676 589 570 175 382 586 167 505 749 300 681 62 0 688 975 571 739 299 84 253 392 690 628 526 115 343 894 547 506 615 317 645 676 581 395 803 963 463 721 916 456 741 627 874 855 695 695 824 586
277 668 865 470 672 435 496 709 408 497 644 565 628 688 0 293 451 792 409 695 491 421 86 339 505 607 354 251 306 342 74 636 121 849 706 445 341 388 438 682 647 540 287 67 607 373 569 123 136 260
431 800 1054 636 940 676 653 978 607 574 888 684 914 975 293 0 617 919 685 986 760 661 328 486 688 898 646 253 570 613 366 924 382 1008 877 729 362 256 711 797 658 745 361 350 632 352 682 293 167 516
706 221 438 20 444 195 46 480 80 179 338 142 519 571 451 617 0 345 327 630 325 189 521 131 76 565 435 696 611 611 418 732 521 402 263 623 297 478 666 244 350 151 264 397 306 341 152 353 541 598
1050 125 252 326 568 464 299 589 405 350 440 237 707 739 792 919 345 0 602 817 555 468 865 457 308 782 737 1033 941 935 762 987 865 135 158 922 561 721 975 123 368 326 561 741 355 585 238 688 871 934
557 502 559 334 266 142 358 302 249 494 269 461 238 299 409 685 327 602 0 333 90 142 430 346 312 254 142 639 377 356 338 407 396 594 459 320 511 665 377 540 672 277 447 343 627 563 474 398 542 392
744 749 672 631 257 437 649 250 559 807 379 746 114 84 695 986 630 817 333 0 306 445 686 674 590 89 342 885 518 473 621 244 638 757 659 352 843 995 418 794 978 524 778 638 935 895 760 716 830 562
646 466 483 327 182 131 346 219 254 502 183 446 196 253 491 760 325 555 90 306 0 141 517 376 290 243 222 726 461 437 422 434 485 530 403 384 553 718 446 508 673 235 493 425 630 605 460 469 623 479
626 363 462 194 293 16 217 332 115 363 229 320 337 392 421 661 189 468 142 445 141 0 467 238 171 377 269 669 481 470 362 547 448 476 334 455 419 590 507 399 538 148 363 355 493 471 333 368 542 483
193 741 922 540 695 480 567 730 471 579 682 642 632 690 86 328 521 865 430 686 517 467 0 416 570 598 347 210 244 285 107 598 54 914 770 402 426 462 383 757 732 596 372 125 691 457 646 207 162 192
607 333 569 150 528 251 169 566 140 178 440 227 570 628 339 486 131 457 346 674 376 238 416 0 203 599 417 576 547 557 320 734 426 529 392 595 184 361 626 344 354 269 138 294 309 234 231 231 416 524
749 194 369 61 386 171 64 420 100 236 272 157 478 526 505 688 76 308 312 590 290 171 570 203 0 533 437 754 634 629 465 715 565 345 201 625 372 553 674 229 392 81 338 447 351 416 170 417 604 627
662 704 662 569 250 371 589 257 491 740 355 689 90 115 607 898 565 782 254 89 243 377 598 599 533 0 254 798 438 395 533 221 551 736 625 281 763 911 349 747 915 474 698 549 870 815 703 629 741 480
439 630 700 446 375 273 473 404 356 585 404 575 286 343 354 646 435 737 142 342 222 269 347 417 437 254 0 552 240 215 280 322 303 735 598 189 552 680 239 665 765 413 484 298 719 602 586 387 488 263
198 908 1116 715 905 683 740 939 658 715 888 800 837 894 251 253 696 1033 639 885 726 669 210 576 754 798 552 0 393 441 308 767 249 1096 954 571 523 483 534 917 840 790 491 315 806 536 802 346 170 339
227 825 933 626 611 490 654 638 539 724 643 749 499 547 306 570 611 941 377 518 461 481 244 547 634 438 240 393 0 49 261 374 192 957 815 181 620 693 144 853 896 629 556 293 852 662 758 406 405 56
275 822 914 626 578 477 654 603 537 734 618 751 459 506 342 613 611 935 356 473 437 470 285 557 629 395 215 441 49 0 290 326 232 944 804 132 643 726 99 852 909 618 578 321 864 687 761 434 447 103
289 639 816 437 603 376 464 639 366 490 581 543 555 615 74 366 418 762 338 621 422 362 107 320 465 533 280 308 261 290 0 569 106 809 664 382 362 438 382 657 652 490 300 33 610 401 548 145 210 222
594 899 881 740 470 545 763 475 654 896 572 867 310 317 636 924 732 987 407 244 434 547 598 734 715 221 322 767 374 326 569 0 545 950 833 197 873 994 238 939 1075 668 805 595 1030 923 880 697 758 428
185 742 908 540 660 460 567 694 465 595 655 648 588 645 121 382 521 865 396 638 485 448 54 426 565 551 303 249 192 232 106 545 0 907 762 348 456 507 330 762 755 584 399 134 713 492 654 236 216 141
1091 217 124 382 501 468 360 515 444 456 382 331 653 676 849 1008 402 135 594 757 530 476 914 529 345 736 735 1096 957 944 809 950 907 0 145 912 659 829 971 238 499 329 648 791 483 689 337 755 942 958
946 132 184 243 411 327 224 433 299 349 282 223 549 581 706 877 263 158 459 659 403 334 770 392 201 625 598 954 815 804 664 833 762 145 0 779 538 714 835 175 437 187 518 647 410 573 233 615 802 814
406 817 866 634 494 459 661 513 544 768 558 763 356 395 445 729 623 922 320 352 384 455 402 595 625 281 189 571 181 132 382 197 348 912 779 0 711 816 70 853 947 597 643 410 902 759 774 518 563 233
613 445 720 312 710 432 322 748 322 213 622 329 743 803 341 362 297 561 511 843 553 419 426 184 372 763 552 523 620 643 362 873 456 659 538 711 0 182 728 438 318 445 69 329 284 53 325 221 354 583
624 613 897 493 883 604 502 921 500 374 801 498 902 963 388 256 478 721 665 995 718 590 462 361 553 911 680 483 693 726 438 994 507 829 714 816 182 0 819 599 416 626 228 408 398 141 492 299 333 647
357 867 929 679 562 511 706 583 589 802 623 807 426 463 438 711 666 975 377 418 446 507 383 626 674 349 239 534 144 99 382 238 330 971 835 70 728 819 0 901 979 651 661 412 934 773 817 524 545 199
946 47 334 228 560 398 200 587 315 227 431 118 681 721 682 797 244 123 540 794 508 399 757 344 229 747 665 917 853 852 657 939 762 238 175 853 438 599 901 0 268 274 440 633 247 462 117 573 754 841
923 306 602 348 775 544 331 808 425 181 654 242 866 916 647 658 350 368 672 978 673 538 732 354 392 915 765 840 896 909 652 1075 755 499 437 947 318 416 979 268 0 467 361 621 46 309 228 525 671 868
766 232 327 140 308 141 144 342 139 316 192 227 411 456 540 745 151 326 277 524 235 148 596 269 81 474 413 790 629 618 490 668 584 329 187 597 445 626 651 274 467 0 406 477 427 491 241 464 649 629
563 440 699 281 656 377 296 694 275 225 575 325 681 741 287 361 264 561 447 778 493 363 372 138 338 698 484 491 556 578 300 805 399 648 518 643 69 228 661 440 361 406 0 268 322 119 324 165 322 522
314 617 803 416 606 369 442 643 348 462 577 518 566 627 67 350 397 741 343 638 425 355 125 294 447 549 298 315 293 321 33 595 134 791 647 410 329 408 412 633 621 477 268 0 580 369 523 113 200 254
883 281 580 304 735 500 288 768 380 135 616 205 823 874 607 632 306 355 627 935 630 493 691 309 351 870 719 806 852 864 610 1030 713 483 410 902 284 398 934 247 46 427 322 580 0 281 191 485 637 825
641 474 757 356 761 484 363 799 372 235 671 359 796 855 373 352 341 585 563 895 605 471 457 234 416 815 602 536 662 687 401 923 492 689 573 759 53 141 773 462 309 491 119 369 281 0 353 258 369 623
836 122 413 141 549 336 117 581 230 120 426 15 647 695 569 682 152 238 474 760 460 333 646 231 170 703 586 802 758 761 548 880 654 337 233 774 325 492 817 117 228 241 324 523 191 353 0 458 638 741
399 563 784 373 648 384 396 686 326 378 596 455 633 695 123 293 353 688 398 716 469 368 207 231 417 629 387 346 406 434 145 697 236 755 615 518 221 299 524 573 525 464 165 113 485 258 458 0 188 366
293 747 971 561 805 557 583 842 512 547 769 637 764 824 136 167 541 871 542 830 623 542 162 416 604 741 488 170 405 447 210 758 216 942 802 563 354 333 545 754 671 649 322 200 637 369 638 188 0 352
183 816 941 614 637 493 642 666 530 699 660 734 535 586 260 516 598 934 392 562 479 483 192 524 627 480 263 339 56 103 222 428 141 958 814 233 583 647 199 841 868 629 522 254 825 623 741 366 352 0
