50
0 522 552 470 462 892 743 260 573 133 554 652 529 621 989 740 919 380 155 44 318 680 671 345 694 140 721 428 307 795 397 385 736 159 707 539 450 289 687 401 164 809 922 121 539 382 329 227 1069 681
522 0 62 153 319 502 883 599 488 648 433 139 657 569 675 324 778 288 549 509 697 670 156 542 189 557 847 718 662 792 164 160 221 605 583 716 673 712 238 229 462 466 664 450 141 390 725 299 731 735
552 62 0 214 380 538 944 649 550 673 494 101 717 631 718 362 835 347 562 543 746 731 120 597 144 572 908 773 711 853 167 212 185 621 643 775 730 757 178 288 506 511 714 469 90 449 773 326 770 796
470 153 214 0 167 444 732 485 338 603 284 276 508 419 586 277 645 149 539 446 582 519 287 408 326 541 696 585 544 643 234 97 346 587 440 569 533 606 390 92 368 381 555 432 284 247 612 280 654 583
462 319 380 167 0 441 566 387 179 590 130 438 347 259 529 318 514 88 571 426 476 357 447 279 488 567 530 449 437 482 370 209 502 606 298 411 387 513 556 113 317 351 469 467 446 114 507 341 608 417
892 502 538 444 441 0 804 818 437 1024 408 503 673 474 203 178 455 514 979 860 899 544 494 695 526 980 768 840 861 609 653 541 498 1024 396 742 762 944 636 494 757 104 258 872 627 547 930 723 236 636
743 883 944 732 566 804 0 486 418 806 472 1003 238 348 729 792 450 604 897 701 467 261 1011 413 1052 882 39 333 457 224 900 751 1063 892 409 206 294 526 1121 660 602 707 618 832 1003 505 479 793 808 171
260 599 649 485 387 818 486 0 415 325 421 738 289 435 864 704 726 343 414 221 98 466 754 134 788 398 466 170 64 566 535 440 818 407 534 285 194 127 815 394 156 721 777 363 671 274 127 378 950 446
573 488 550 338 179 437 418 415 0 689 57 595 240 82 451 381 353 253 704 532 481 182 601 282 643 697 380 406 444 305 548 387 649 728 135 310 326 533 722 290 411 334 363 607 621 196 511 501 537 254
133 648 673 603 590 1024 806 325 689 0 675 773 612 730 1116 873 1028 511 161 165 347 779 793 438 814 141 789 476 351 887 513 516 857 114 821 608 517 298 797 534 280 939 1045 210 652 503 346 349 1197 768
554 433 494 284 130 408 472 421 57 675 0 539 282 137 447 335 388 210 678 514 495 238 545 291 587 672 434 433 457 360 498 338 593 706 170 352 357 543 666 242 396 306 370 578 567 173 525 463 531 310
652 139 101 276 438 503 1003 738 595 773 539 0 783 674 696 339 849 421 661 642 836 775 20 677 52 671 965 854 800 893 265 299 85 720 672 844 806 850 139 361 600 496 707 569 154 521 864 426 739 847
529 657 717 508 347 673 238 289 240 612 282 783 0 206 658 617 458 372 681 485 311 192 793 186 833 667 206 195 284 278 664 518 849 684 304 70 115 372 895 430 377 570 555 607 772 271 334 557 743 157
621 569 631 419 259 474 348 435 82 730 137 674 206 0 453 444 299 328 759 579 487 102 680 303 722 751 310 393 453 224 626 466 727 779 102 272 311 544 802 369 458 372 354 667 702 257 515 571 539 180
989 675 718 586 529 203 729 864 451 1116 447 696 658 453 0 359 310 614 1097 952 931 489 689 732 723 1094 697 845 894 512 813 680 697 1134 354 721 763 984 831 611 838 210 112 991 808 615 960 852 87 575
740 324 362 277 318 178 792 704 381 873 335 339 617 444 359 0 534 373 815 712 793 535 333 594 369 817 754 756 754 630 476 372 350 863 400 687 685 830 476 340 618 159 373 708 452 431 824 556 408 622
919 778 835 645 514 455 450 726 353 1028 388 849 458 299 310 534 0 598 1055 877 766 267 848 597 889 1047 424 652 736 227 874 717 878 1076 219 504 573 826 987 624 756 389 206 959 918 547 791 850 375 327
380 288 347 149 88 514 604 343 253 511 210 421 372 328 614 373 598 0 484 347 438 420 433 259 472 481 569 436 399 547 303 148 494 520 380 428 386 467 524 60 246 429 557 380 400 102 468 254 692 468
155 549 562 539 571 979 897 414 704 161 678 661 681 759 1097 815 1055 484 0 197 465 825 681 496 696 21 875 581 458 943 396 444 742 63 839 693 604 428 665 489 308 905 1039 107 525 509 472 261 1173 831
44 509 543 446 426 860 701 221 532 165 514 642 485 579 952 712 877 347 197 0 285 637 661 302 687 182 679 390 271 752 395 365 726 202 665 497 408 263 686 372 121 775 883 147 538 342 300 222 1033 638
318 697 746 582 476 899 467 98 481 347 495 836 311 487 931 793 766 438 465 285 0 500 851 204 885 446 455 136 40 585 629 537 916 445 589 284 198 62 911 491 247 799 838 432 766 363 32 467 1017 463
680 670 731 519 357 544 261 466 182 779 238 775 192 102 489 535 267 420 825 637 500 0 781 342 823 814 225 386 471 128 722 562 827 839 148 242 307 561 903 465 518 446 380 738 802 340 525 655 572 92
671 156 120 287 447 494 1011 754 601 793 545 20 793 680 689 333 848 433 681 661 851 781 0 691 42 691 974 868 816 897 285 315 66 740 675 855 818 867 144 374 617 490 703 589 173 533 880 445 729 854
345 542 597 408 279 695 413 134 282 438 291 677 186 303 732 594 597 259 496 302 204 342 691 0 728 483 386 178 166 452 514 387 752 502 401 210 139 253 772 318 192 596 644 422 636 168 235 385 818 336
694 189 144 326 488 526 1052 788 643 814 587 52 833 722 723 369 889 472 696 687 885 823 42 728 0 707 1015 905 850 939 303 349 50 756 717 895 857 899 111 412 648 527 741 608 176 572 913 468 761 896
140 557 572 541 567 980 882 398 697 141 672 671 667 751 1094 817 1047 481 21 182 446 814 691 483 707 0 860 564 440 931 406 447 753 50 831 678 589 408 679 489 297 904 1035 110 538 502 453 265 1172 819
721 847 908 696 530 768 39 466 380 789 434 965 206 310 697 754 424 569 875 679 455 225 974 386 1015 860 0 320 441 197 867 716 1025 872 372 183 273 515 1085 624 576 670 586 807 968 471 468 763 777 134
428 718 773 585 449 840 333 170 406 476 433 854 195 393 845 756 652 436 581 390 136 386 868 178 905 564 320 0 127 458 679 561 929 569 494 154 83 196 946 495 316 737 745 533 808 342 150 535 931 337
307 662 711 544 437 861 457 64 444 351 457 800 284 453 894 754 736 399 458 271 40 471 816 166 850 440 441 127 0 561 598 502 880 443 555 265 175 91 879 453 219 761 803 416 735 324 71 440 980 439
795 792 853 643 482 609 224 566 305 887 360 893 278 224 512 630 227 547 943 752 585 128 897 452 939 931 197 458 561 0 849 689 940 953 231 305 387 647 1023 592 636 519 400 859 926 466 606 781 587 123
397 164 167 234 370 653 900 535 548 513 498 265 664 626 813 476 874 303 396 395 629 722 285 514 303 406 867 679 598 849 0 161 347 455 664 712 651 630 292 258 382 605 788 305 144 397 653 173 876 771
385 160 212 97 209 541 751 440 387 516 338 299 518 466 680 372 717 148 444 365 537 562 315 387 349 447 716 561 502 689 161 0 380 493 505 571 521 553 386 98 304 476 643 338 254 247 565 184 749 615
736 221 185 346 502 498 1063 818 649 857 593 85 849 727 697 350 878 494 742 726 916 827 66 752 50 753 1025 929 880 940 347 380 0 802 714 912 878 932 149 435 682 507 722 652 225 592 944 510 730 903
159 605 621 587 606 1024 892 407 728 114 706 720 684 779 1134 863 1076 520 63 202 445 839 740 502 756 50 872 569 443 953 455 493 802 0 863 690 600 402 727 531 322 946 1072 157 587 535 449 312 1212 838
707 583 643 440 298 396 409 534 135 821 170 672 304 102 354 400 219 380 839 665 589 148 675 401 717 831 372 494 555 231 664 505 714 863 0 367 412 645 806 410 544 299 252 742 721 330 617 632 439 240
539 716 775 569 411 742 206 285 310 608 352 844 70 272 721 687 504 428 693 497 284 242 855 210 895 678 183 154 265 305 712 571 912 690 367 0 92 346 952 487 397 639 615 627 825 327 303 593 806 184
450 673 730 533 387 762 294 194 326 517 357 806 115 311 763 685 573 386 604 408 198 307 818 139 857 589 273 83 175 387 651 521 878 600 412 92 0 260 906 445 315 659 663 542 773 287 220 521 849 265
289 712 757 606 513 944 526 127 533 298 543 850 372 544 984 830 826 467 428 263 62 561 867 253 899 408 515 196 91 647 630 553 932 402 645 346 260 0 918 516 252 846 893 408 771 401 50 463 1069 524
687 238 178 390 556 636 1121 815 722 797 666 139 895 802 831 476 987 524 665 686 911 903 144 772 111 679 1085 946 879 1023 292 386 149 727 806 952 906 918 0 466 667 633 846 587 149 626 937 465 870 971
401 229 288 92 113 494 660 394 290 534 242 361 430 369 611 340 624 60 489 372 491 465 374 318 412 489 624 495 453 592 258 98 435 531 410 487 445 516 466 0 284 416 564 383 344 161 521 242 686 519
164 462 506 368 317 757 602 156 411 280 396 600 377 458 838 618 756 246 308 121 247 518 617 192 648 297 576 316 219 636 382 304 682 322 544 397 315 252 667 284 0 667 765 231 521 224 272 223 920 524
809 466 511 381 351 104 707 721 334 939 306 496 570 372 210 159 389 429 905 775 799 446 490 596 527 904 670 737 761 519 605 476 507 946 299 639 659 846 633 416 667 0 215 798 600 452 830 653 273 537
922 664 714 555 469 258 618 777 363 1045 370 707 555 354 112 373 206 557 1039 883 838 380 703 644 741 1035 586 745 803 400 788 643 722 1072 252 615 663 893 846 564 765 215 0 936 802 542 866 805 193 465
121 450 469 432 467 872 832 363 607 210 578 569 607 667 991 708 959 380 107 147 432 738 589 422 608 110 807 533 416 859 305 338 652 157 742 627 542 408 587 383 231 798 936 0 443 412 446 156 1067 752
539 141 90 284 446 627 1003 671 621 652 567 154 772 702 808 452 918 400 525 538 766 802 173 636 176 538 968 808 735 926 144 254 225 587 721 825 773 771 149 344 521 600 802 443 0 501 792 316 859 861
382 390 449 247 114 547 505 274 196 503 173 521 271 257 615 431 547 102 509 342 363 340 533 168 572 502 471 342 324 466 397 247 592 535 330 327 287 401 626 161 224 452 542 412 501 0 394 316 698 377
329 725 773 612 507 930 479 127 511 346 525 864 334 515 960 824 791 468 472 300 32 525 880 235 913 453 468 150 71 606 653 565 944 449 617 303 220 50 937 521 272 830 866 446 792 394 0 490 1046 484
227 299 326 280 341 723 793 378 501 349 463 426 557 571 852 556 850 254 261 222 467 655 445 385 468 265 763 535 440 781 173 184 510 312 632 593 521 463 465 242 223 653 805 156 316 316 490 0 925 686
1069 731 770 654 608 236 808 950 537 1197 531 739 743 539 87 408 375 692 1173 1033 1017 572 729 818 761 1172 777 931 980 587 876 749 730 1212 439 806 849 1069 870 686 920 273 193 1067 859 698 1046 925 0 657
681 735 796 583 417 636 171 446 254 768 310 847 157 180 575 622 327 468 831 638 463 92 854 336 896 819 134 337 439 123 771 615 903 838 240 184 265 524 971 519 524 537 465 752 861 377 484 686 657 0
