20
0 802 278 331 259 958 687 636 193 690 914 615 877 1062 982 770 116 575 641 1097
802 0 823 477 651 188 427 636 623 1062 266 885 468 520 251 347 748 904 646 623
278 823 0 441 177 1004 563 432 265 415 852 342 742 937 940 672 378 299 434 944
331 477 441 0 276 627 483 543 182 807 626 666 658 818 678 526 273 654 552 878
259 651 177 276 0 829 441 378 125 535 703 411 630 820 784 537 310 388 384 846
958 188 1004 627 829 0 605 820 789 1249 376 1072 614 616 306 512 891 1091 830 729
687 427 563 483 441 605 0 223 502 671 316 492 191 380 419 120 699 524 231 411
636 636 432 543 378 820 223 0 483 451 534 273 346 536 638 338 683 311 11 523
193 623 265 182 125 789 502 483 0 654 722 535 691 872 791 579 203 511 490 912
690 1062 415 807 535 1249 671 451 654 0 985 180 784 960 1089 789 792 161 444 918
914 266 852 626 703 376 316 534 722 985 0 806 249 255 106 197 890 840 542 361
615 885 342 666 411 1072 492 273 535 180 806 0 612 794 910 610 701 58 266 761
877 468 742 658 630 614 191 346 691 784 249 612 0 196 349 143 886 655 351 223
1062 520 937 818 820 616 380 536 872 960 255 794 196 0 312 296 1062 841 540 116
982 251 940 678 784 306 419 638 791 1089 106 910 349 312 0 301 948 943 646 426
770 347 672 526 537 512 120 338 579 789 197 610 143 296 301 0 767 643 346 355
116 748 378 273 310 891 699 683 203 792 890 701 886 1062 948 767 0 667 690 1108
575 904 299 654 388 1091 524 311 511 161 840 58 655 841 943 643 667 0 305 812
641 646 434 552 384 830 231 11 490 444 542 266 351 540 646 346 690 305 0 524
1097 623 944 878 846 729 411 523 912 918 361 761 223 116 426 355 1108 812 524 0
