37
0 118 452 862 358 395 563 792 71 659 844 783 701 375 571 789 571 570 398 173 313 566 421 600 1040 849 1049 492 503 587 818 585 564 213 861 658 142
118 0 543 912 403 339 570 900 123 692 960 864 718 431 505 883 512 669 505 284 395 621 537 698 1092 882 1092 593 604 695 933 685 672 330 962 719 228
452 543 0 482 238 556 425 391 421 379 524 337 473 193 692 341 667 141 500 425 150 233 396 163 646 530 679 94 101 216 508 159 201 365 429 272 316
862 912 482 0 510 736 421 596 806 245 803 269 296 488 768 404 730 487 981 889 565 296 872 466 180 141 197 530 527 582 804 491 586 837 524 214 723
358 403 238 510 0 322 243 625 298 302 759 488 355 46 456 541 432 376 592 427 140 219 529 393 690 492 693 328 337 451 741 393 434 397 649 319 228
395 339 556 736 322 0 322 946 331 491 1069 790 473 368 178 858 177 696 771 553 427 494 754 714 907 661 882 642 651 765 1049 713 746 565 970 595 368
563 570 425 421 243 322 0 767 495 178 935 530 154 265 354 630 318 538 835 662 378 244 769 543 587 339 561 518 524 633 923 553 622 638 756 323 455
792 900 391 596 625 946 767 0 780 651 209 327 754 579 1074 195 1046 251 640 698 533 527 511 233 680 713 751 314 303 206 214 233 229 628 117 480 676
71 123 421 806 298 331 495 780 0 596 849 744 634 319 508 761 506 547 447 224 274 511 453 576 985 787 990 472 483 576 824 563 554 248 840 606 106
659 692 379 245 302 491 178 651 596 0 839 374 104 295 530 490 494 454 856 720 399 148 767 449 417 191 403 460 462 556 831 466 550 680 620 174 529
844 960 524 803 759 1069 935 209 849 839 0 535 942 716 1215 403 1190 398 592 714 643 704 477 394 887 917 959 432 424 309 31 383 325 648 308 672 752
783 864 337 269 488 790 530 327 744 374 535 0 470 448 876 135 842 271 796 759 471 299 674 241 369 393 432 338 331 346 537 267 357 695 260 208 644
701 718 473 296 355 473 154 754 634 104 942 470 0 360 477 590 439 555 933 781 471 245 852 551 447 191 412 557 560 657 933 568 650 748 720 276 581
375 431 193 488 46 368 265 579 319 295 716 448 360 0 500 497 475 330 576 425 114 193 505 347 667 481 675 284 293 407 698 347 391 389 603 289 238
571 505 692 768 456 178 354 1074 508 530 1215 876 477 500 0 964 39 828 947 730 579 579 927 842 923 666 883 783 792 906 1196 845 890 741 1083 670 542
789 883 341 404 541 858 630 195 761 490 403 135 590 497 964 0 932 226 734 735 489 388 607 194 488 527 558 305 295 265 407 214 282 667 130 317 656
571 512 667 730 432 177 318 1046 506 494 1190 842 439 475 39 932 0 801 941 726 559 546 915 814 885 628 845 759 767 882 1173 818 866 733 1053 636 533
570 669 141 487 376 696 538 251 547 454 398 271 555 330 828 226 801 0 526 509 287 312 404 33 626 568 675 80 69 103 385 18 101 442 294 304 441
398 505 500 981 592 771 835 640 447 856 592 796 933 576 947 734 941 526 0 225 463 719 130 557 1140 1024 1177 461 467 471 562 532 453 208 745 771 410
173 284 425 889 427 553 662 698 224 720 714 759 781 425 730 735 726 509 225 0 327 601 259 542 1061 903 1084 431 441 497 686 521 475 71 783 676 210
313 395 150 565 140 427 378 533 274 399 643 471 471 114 579 489 559 287 463 327 0 275 391 312 740 578 759 221 231 341 623 304 321 282 578 354 173
566 621 233 296 219 494 244 527 511 148 704 299 245 193 579 388 546 312 719 601 275 0 624 311 475 307 486 313 315 413 694 325 406 554 513 104 428
421 537 396 872 529 754 769 511 453 767 477 674 852 505 927 607 915 404 130 259 391 624 0 433 1025 926 1067 345 349 343 448 408 326 208 616 666 387
600 698 163 466 393 714 543 233 576 449 394 241 551 347 842 194 814 33 557 542 312 311 433 0 601 553 653 112 101 116 384 26 121 474 267 292 470
1040 1092 646 180 690 907 587 680 985 417 887 369 447 667 923 488 885 626 1140 1061 740 475 1025 601 0 259 88 680 676 712 893 626 720 1007 585 386 901
849 882 530 141 492 661 339 713 787 191 917 393 191 481 666 527 628 568 1024 903 578 307 926 553 259 0 222 595 595 669 914 575 669 859 652 266 718
1049 1092 679 197 693 882 561 751 990 403 959 432 412 675 883 558 845 675 1177 1084 759 486 1067 653 88 222 0 723 720 766 964 678 773 1033 662 410 913
492 593 94 530 328 642 518 314 472 460 432 338 557 284 783 305 759 80 461 431 221 313 345 112 680 595 723 0 12 124 415 94 108 364 370 330 366
503 604 101 527 337 651 524 303 483 462 424 331 560 293 792 295 767 69 467 441 231 315 349 101 676 595 720 12 0 115 407 83 100 373 359 329 377
587 695 216 582 451 765 633 206 576 556 309 346 657 407 906 265 882 103 471 497 341 413 343 116 712 669 766 124 115 0 293 94 24 427 287 406 473
818 933 508 804 741 1049 923 214 824 831 31 537 933 698 1196 407 1173 385 562 686 623 694 448 384 893 914 964 415 407 293 0 370 308 620 319 666 728
585 685 159 491 393 713 553 233 563 466 383 267 568 347 845 214 818 18 532 521 304 325 408 26 626 575 678 94 83 94 370 0 96 453 278 313 457
564 672 201 586 434 746 622 229 554 550 325 357 650 391 890 282 866 101 453 475 321 406 326 121 720 669 773 108 100 24 308 96 0 405 309 404 450
213 330 365 837 397 565 638 628 248 680 648 695 748 389 741 667 733 442 208 71 282 554 208 474 1007 859 1033 364 373 427 620 453 405 0 713 624 202
861 962 429 524 649 970 756 117 840 620 308 260 720 603 1083 130 1053 294 745 783 578 513 616 267 585 652 662 370 359 287 319 278 309 713 0 446 735
658 719 272 214 319 595 323 480 606 174 672 208 276 289 670 317 636 304 771 676 354 104 666 292 386 266 410 330 329 406 666 313 404 624 446 0 518
142 228 316 723 228 368 455 676 106 529 752 644 581 238 542 656 533 441 410 210 173 428 387 470 901 718 913 366 377 473 728 457 450 202 735 518 0
