15
0 183 525 303 672 412 586 734 144 225 174 141 542 406 555
183 0 506 437 574 564 666 708 151 404 262 227 496 251 681
525 506 0 815 281 515 331 210 394 571 696 390 79 403 481
303 437 815 0 974 529 801 1022 446 308 182 427 840 686 705
672 574 281 974 0 780 608 299 529 788 820 566 205 356 761
412 564 515 529 780 0 318 671 427 228 534 343 582 688 179
586 666 331 801 608 318 0 405 517 496 750 457 409 673 188
734 708 210 1022 299 671 405 0 603 764 905 597 216 566 588
144 151 394 446 529 427 517 603 0 306 304 85 404 288 533
225 404 571 308 788 228 496 764 306 0 311 235 616 594 400
174 262 696 182 820 534 750 905 304 311 0 315 708 513 696
141 227 390 427 566 343 457 597 85 235 315 0 415 364 455
542 496 79 840 205 582 409 216 404 616 708 415 0 357 557
406 251 403 686 356 688 673 566 288 594 513 364 357 0 753
555 681 481 705 761 179 188 588 533 400 696 455 557 753 0
