40
0 409 524 659 771 279 387 400 91 138 427 420 489 258 339 733 637 167 263 560 762 354 612 359 357 458 222 325 226 332 100 378 405 331 241 376 412 379 128 422
409 0 268 665 875 669 366 643 351 314 684 817 317 490 399 792 658 455 657 959 803 155 346 232 322 534 195 435 567 587 406 740 795 736 419 720 238 355 515 440
524 268 0 447 683 801 235 571 508 492 613 858 94 696 306 586 449 635 711 996 586 415 91 492 577 785 325 671 733 539 568 744 828 843 633 711 115 611 650 696
659 665 447 0 246 875 316 386 705 721 409 770 363 910 329 141 29 823 682 873 140 773 440 838 900 1076 591 942 877 416 750 623 732 866 873 577 428 934 768 1008
771 875 683 246 0 928 510 398 838 865 396 746 594 1029 493 109 237 938 707 814 133 963 683 1019 1068 1220 765 1085 965 458 870 604 708 893 1006 560 645 1100 856 1166
279 669 801 875 928 0 645 530 319 358 536 300 762 276 585 917 849 238 230 402 952 577 889 550 504 482 495 397 137 475 265 367 313 98 327 397 689 508 156 504
387 366 235 316 510 645 0 336 411 418 378 645 151 618 75 432 303 537 510 778 447 460 293 523 585 767 276 635 612 307 464 521 612 666 572 484 148 619 510 695
400 643 571 386 398 530 336 0 481 518 43 384 484 651 268 395 358 560 313 491 432 676 623 712 738 857 474 725 573 69 499 238 346 500 640 191 475 765 466 818
91 351 508 705 838 319 411 481 0 49 510 502 489 207 377 791 686 130 348 640 817 273 599 271 267 383 186 248 227 412 61 468 490 389 169 466 404 290 165 338
138 314 492 721 865 358 418 518 49 0 549 551 482 207 392 813 703 146 397 689 838 227 583 222 223 358 168 222 254 449 93 515 538 432 154 512 394 248 207 303
427 684 613 409 396 536 378 43 510 549 0 366 526 673 310 404 380 582 312 464 443 713 664 747 770 883 513 751 588 102 525 219 327 498 666 172 518 797 483 847
420 817 858 770 746 300 645 384 502 551 366 0 791 554 571 767 741 488 160 143 807 773 932 771 750 771 623 669 421 364 474 147 39 213 587 194 745 763 367 778
489 317 94 363 594 762 151 484 489 482 526 791 0 688 225 499 362 618 649 926 502 450 143 523 601 802 317 680 708 457 548 670 759 794 631 634 92 636 616 719
258 490 696 910 1029 276 618 651 207 207 673 554 688 0 583 989 889 92 431 672 1018 359 786 309 242 221 374 122 139 583 161 573 555 372 73 586 600 239 201 229
339 399 306 329 493 585 75 268 377 392 310 571 225 583 0 427 311 498 438 703 448 471 367 527 580 748 273 614 562 234 424 446 537 599 544 409 208 612 457 684
733 792 586 141 109 917 432 395 791 813 404 767 499 989 427 0 137 899 706 851 41 891 580 951 1006 1170 699 1035 939 443 829 621 729 894 960 575 558 1039 829 1109
637 658 449 29 237 849 303 358 686 703 380 741 362 889 311 137 0 802 654 844 145 762 447 826 886 1059 576 924 853 388 729 595 703 839 853 548 422 919 744 993
167 455 635 823 938 238 537 560 130 146 582 488 618 92 498 899 802 0 353 614 928 345 726 313 269 305 311 184 114 492 74 492 485 327 100 502 533 277 122 293
263 657 711 682 707 230 510 313 348 397 312 160 649 431 438 706 654 353 0 302 743 616 789 618 604 652 464 537 313 267 327 145 142 188 452 169 597 620 232 645
560 959 996 873 814 402 778 491 640 689 464 143 926 672 703 851 844 614 302 0 892 913 1068 907 880 883 765 791 535 484 608 260 169 306 713 303 884 891 497 900
762 803 586 140 133 952 447 432 817 838 443 807 502 1018 448 41 145 928 743 892 0 906 575 969 1026 1195 718 1060 971 479 857 661 768 931 986 614 566 1060 861 1132
354 155 415 773 963 577 460 676 273 227 713 773 450 359 471 891 762 345 616 913 906 0 498 78 168 380 204 287 458 612 315 723 758 656 287 713 361 200 432 285
612 346 91 440 683 889 293 623 599 583 664 932 143 786 367 580 447 726 789 1068 575 498 0 576 662 872 415 760 823 599 659 812 900 927 723 776 200 696 739 781
359 232 492 838 1019 550 523 712 271 222 747 771 523 309 527 951 826 313 618 907 969 78 576 0 92 304 255 221 423 646 300 736 759 636 238 730 434 124 414 208
357 322 577 900 1068 504 585 738 267 223 770 750 601 242 580 1006 886 269 604 880 1026 168 662 92 0 213 310 137 370 670 278 732 743 595 178 732 510 35 384 119
458 534 785 1076 1220 482 767 857 383 358 883 771 802 221 748 1170 1059 305 652 883 1195 380 872 304 213 0 495 136 351 789 359 794 775 579 218 806 711 181 421 99
222 195 325 591 765 495 276 474 186 168 513 623 317 374 273 699 576 311 464 765 718 204 415 255 310 495 0 367 412 413 246 548 601 552 315 531 227 344 340 420
325 435 671 942 1085 397 635 725 248 222 751 669 680 122 614 1035 924 184 537 791 1060 287 760 221 137 136 367 0 260 656 228 675 668 492 87 684 588 124 306 110
226 567 733 877 965 137 612 573 227 254 588 421 708 139 562 939 853 114 313 535 971 458 823 423 370 351 412 260 0 509 167 457 426 233 193 477 626 372 110 368
332 587 539 416 458 475 307 69 412 449 102 364 457 583 234 443 388 492 267 484 479 612 599 646 670 789 413 656 509 0 431 224 327 454 572 182 437 697 401 750
100 406 568 750 870 265 464 499 61 93 525 474 548 161 424 829 729 74 327 608 857 315 659 300 278 359 246 228 167 431 0 457 466 341 142 461 463 295 117 329
378 740 744 623 604 367 521 238 468 515 219 147 670 573 446 621 595 492 145 260 661 723 812 736 732 794 548 675 457 224 457 0 109 305 589 47 635 751 373 782
405 795 828 732 708 313 612 346 490 538 327 39 759 555 537 729 703 485 142 169 768 758 900 759 743 775 601 668 426 327 466 109 0 232 584 156 716 757 363 777
331 736 843 866 893 98 666 500 389 432 498 213 794 372 599 894 839 327 188 306 931 656 927 636 595 579 552 492 233 454 341 305 232 0 420 342 728 601 226 600
241 419 633 873 1006 327 572 640 169 154 666 587 631 73 544 960 853 100 452 713 986 287 723 238 178 218 315 87 193 572 142 589 584 420 0 597 541 181 222 194
376 720 711 577 560 397 484 191 466 512 172 194 634 586 409 575 548 502 169 303 614 713 776 730 732 806 531 684 477 182 461 47 156 342 597 0 603 753 386 788
412 238 115 428 645 689 148 475 404 394 518 745 92 600 208 558 422 533 597 884 566 361 200 434 510 711 227 588 626 437 463 635 716 728 541 603 0 545 539 627
379 355 611 934 1100 508 619 765 290 248 797 763 636 239 612 1039 919 277 620 891 1060 200 696 124 35 181 344 124 372 697 295 751 757 601 181 753 545 0 396 85
128 515 650 768 856 156 510 466 165 207 483 367 616 201 457 829 744 122 232 497 861 432 739 414 384 421 340 306 110 401 117 373 363 226 222 386 539 396 0 414
422 440 696 1008 1166 504 695 818 338 303 847 778 719 229 684 1109 993 293 645 900 1132 285 781 208 119 99 420 110 368 750 329 782 777 600 194 788 627 85 414 0
