13
0 241 343 532 830 621 417 694 233 73 605 243 717
241 0 269 332 766 539 199 503 451 189 365 98 518
343 269 0 269 507 286 429 392 422 274 449 363 422
532 332 269 0 551 344 359 172 674 462 224 415 188
830 766 507 551 0 228 883 482 811 768 766 863 510
621 539 286 344 228 0 658 328 642 555 566 636 362
417 199 429 359 883 658 0 515 641 379 261 179 518
694 503 392 172 482 328 515 0 813 622 313 586 35
233 451 422 674 811 642 641 813 0 263 796 472 841
73 189 274 462 768 555 379 622 263 0 546 216 645
605 365 449 224 766 566 261 313 796 546 0 405 303
243 98 363 415 863 636 179 586 472 216 405 0 599
717 518 422 188 510 362 518 35 841 645 303 599 0
