39
0 539 1007 897 346 100 871 702 791 833 510 597 400 496 777 842 779 731 603 880 909 678 499 596 662 308 560 649 781 216 1220 891 1087 582 1018 640 953 1184 316
539 0 861 397 442 511 352 167 838 305 203 581 344 437 666 335 696 265 190 674 669 284 209 257 653 279 346 597 826 414 772 724 605 113 828 107 838 792 245
1007 861 0 733 663 909 1061 918 338 1008 1053 412 643 524 231 1078 230 676 1048 193 221 1137 1055 605 357 1004 532 358 338 799 664 138 713 970 81 905 68 512 815
897 397 733 0 676 844 361 307 868 319 570 660 565 575 630 393 673 171 500 550 513 549 580 336 704 673 438 641 859 720 389 617 210 441 670 344 743 451 582
346 442 663 676 0 250 786 596 483 735 547 257 113 155 433 774 437 507 600 537 569 697 542 340 328 407 256 307 472 139 933 546 831 540 673 543 611 872 234
100 511 909 844 250 0 855 677 693 813 520 499 317 403 680 831 681 674 605 787 817 688 510 528 563 324 479 552 683 132 1149 795 1025 571 922 616 855 1104 271
871 352 1061 361 786 855 0 191 1125 56 389 880 681 751 913 45 951 388 288 869 843 270 402 515 943 574 631 881 1114 765 718 932 529 290 1007 246 1058 807 595
702 167 918 307 596 677 191 0 949 141 275 699 491 565 749 183 785 249 194 726 707 246 286 338 765 422 451 705 938 579 696 784 514 146 872 63 907 749 411
791 838 338 868 483 693 1125 949 0 1069 995 258 522 406 247 1129 204 749 1023 380 435 1120 993 612 186 885 499 245 12 616 930 325 924 950 401 915 270 798 699
833 305 1008 319 735 813 56 141 1069 0 367 825 629 697 858 75 896 334 268 816 790 269 379 459 887 542 576 826 1059 718 688 878 499 256 955 199 1004 768 549
510 203 1053 570 547 520 389 275 995 367 0 739 476 590 848 353 874 461 102 870 868 169 13 453 814 203 526 764 984 468 957 916 780 130 1025 228 1026 988 315
597 581 412 660 257 499 880 699 258 825 739 0 270 149 187 880 182 520 766 318 363 863 737 366 77 638 250 56 247 395 812 308 759 693 432 661 356 714 449
400 344 643 565 113 317 681 491 522 629 476 270 0 124 415 671 430 395 515 493 515 613 473 230 346 371 163 306 511 186 838 515 726 449 640 441 599 788 180
496 437 524 575 155 403 751 565 406 697 590 149 124 0 294 748 307 417 619 385 415 717 588 250 225 495 137 182 395 281 794 399 707 548 526 523 477 722 303
777 666 231 630 433 680 913 749 247 858 848 187 415 294 0 923 44 527 855 149 203 949 848 416 150 781 322 131 240 569 691 123 677 778 246 726 185 570 590
842 335 1078 393 774 831 45 183 1129 75 353 880 671 748 923 0 960 403 251 886 862 227 365 518 945 543 632 885 1118 745 757 947 568 262 1026 231 1072 841 575
779 696 230 673 437 681 951 785 204 896 874 182 430 307 44 960 0 567 886 185 240 980 874 450 129 799 351 131 197 574 731 146 721 809 259 760 175 607 608
731 265 676 171 507 674 388 249 749 334 461 520 395 417 527 403 567 0 416 484 461 488 468 170 573 527 281 510 739 549 513 545 359 343 626 254 670 528 416
603 190 1048 500 600 605 288 194 1023 268 102 766 515 619 855 251 886 416 0 860 851 98 115 445 839 298 535 785 1012 539 889 911 707 79 1013 163 1027 935 374
880 674 193 550 537 787 869 726 380 816 870 318 493 385 149 886 185 484 860 0 56 947 873 418 296 837 360 264 374 666 550 68 559 782 156 714 194 423 653
909 669 221 513 569 817 843 707 435 790 868 363 515 415 203 862 240 461 851 56 0 935 871 415 347 848 371 310 430 693 495 117 509 773 166 700 236 368 667
678 284 1137 549 697 688 270 246 1120 269 169 863 613 717 949 227 980 488 98 947 935 0 180 535 935 371 630 881 1109 630 935 1000 749 172 1099 236 1118 994 469
499 209 1055 580 542 510 402 286 993 379 13 737 473 588 848 365 874 468 115 873 871 180 0 456 812 192 527 763 982 460 966 918 790 141 1028 238 1027 996 309
596 257 605 336 340 528 515 338 612 459 453 366 230 250 416 518 450 170 445 418 415 535 456 0 429 449 118 368 601 398 625 467 500 367 573 311 583 599 294
662 653 357 704 328 563 943 765 186 887 814 77 346 225 150 945 129 573 839 296 347 935 812 429 0 714 314 64 175 466 821 271 785 765 388 730 296 710 525
308 279 1004 673 407 324 574 422 885 542 203 638 371 495 781 543 799 527 298 837 848 371 192 449 714 0 478 676 873 297 1039 870 879 287 991 362 965 1040 192
560 346 532 438 256 479 631 451 499 576 526 250 163 137 322 632 351 281 535 360 371 630 527 118 314 478 0 255 488 348 679 396 578 459 513 417 501 626 296
649 597 358 641 307 552 881 705 245 826 764 56 306 182 131 885 131 510 785 264 310 881 763 368 64 676 255 0 234 445 769 252 726 710 376 671 305 666 485
781 826 338 859 472 683 1114 938 12 1059 984 247 511 395 240 1118 197 739 1012 374 430 1109 982 601 175 873 488 234 0 605 924 321 916 939 400 904 271 794 687
216 414 799 720 139 132 765 579 616 718 468 395 186 281 569 745 574 549 539 666 693 630 460 398 466 297 348 445 605 0 1018 679 897 492 806 520 749 973 171
1220 772 664 389 933 1149 718 696 930 688 957 812 838 794 691 757 731 513 889 550 495 935 966 625 821 1039 679 769 924 1018 0 609 190 829 584 731 707 163 914
891 724 138 617 546 795 932 784 325 878 916 308 515 399 123 947 146 545 911 68 117 1000 918 467 271 870 396 252 321 679 609 0 625 833 127 769 127 474 682
1087 605 713 210 831 1025 529 514 924 499 780 759 726 707 677 568 721 359 707 559 509 749 790 500 785 879 578 726 916 897 190 625 0 651 638 553 742 297 773
582 113 970 441 540 571 290 146 950 256 130 693 449 548 778 262 809 343 79 782 773 172 141 367 765 287 459 710 939 492 829 833 651 0 935 98 949 866 323
1018 828 81 670 673 922 1007 872 401 955 1025 432 640 526 246 1026 259 626 1013 156 166 1099 1028 573 388 991 513 376 400 806 584 127 638 935 0 864 136 432 804
640 107 905 344 543 616 246 63 915 199 228 661 441 523 726 231 760 254 163 714 700 236 238 311 730 362 417 671 904 520 731 769 553 98 864 0 889 772 351
953 838 68 743 611 855 1058 907 270 1004 1026 356 599 477 185 1072 175 670 1027 194 236 1118 1027 583 296 965 501 305 271 749 707 127 742 949 136 889 0 560 774
1184 792 512 451 872 1104 807 749 798 768 988 714 788 722 570 841 607 528 935 423 368 994 996 599 710 1040 626 666 794 973 163 474 297 866 432 772 560 0 893
316 245 815 582 234 271 595 411 699 549 315 449 180 303 590 575 608 416 374 653 667 469 309 294 525 192 296 485 687 171 914 682 773 323 804 351 774 893 0
