45
0 645 526 487 891 487 795 660 371 221 855 178 476 461 707 518 305 239 660 267 743 504 85 746 183 284 341 550 220 622 582 198 355 675 192 312 728 556 388 346 261 154 246 178 339
645 0 415 165 730 936 158 420 554 467 673 582 373 1029 62 175 365 487 217 395 728 441 580 404 519 362 512 97 445 690 867 791 388 350 545 337 484 492 416 603 409 563 765 521 409
526 415 0 310 402 589 480 136 214 494 354 588 67 738 449 253 441 288 251 304 330 37 514 234 525 361 207 357 329 276 471 569 530 177 340 379 203 80 140 710 296 378 500 523 193
487 165 310 0 683 779 309 366 405 328 629 445 253 865 225 72 232 323 226 230 639 327 427 392 378 206 359 70 281 578 727 627 286 321 380 188 442 389 270 501 245 399 601 379 253
891 730 402 683 0 746 716 319 523 894 58 981 469 947 737 614 842 662 514 702 195 409 896 334 921 762 551 709 721 311 541 871 930 381 700 781 248 344 530 1110 692 738 781 919 586
487 936 589 779 746 0 1045 698 390 672 742 663 592 211 988 763 715 467 832 577 553 553 560 802 652 646 425 848 538 442 217 310 797 762 425 685 726 549 525 832 557 429 242 647 527
795 158 480 309 716 1045 0 439 656 624 660 739 457 1156 100 291 522 618 233 536 756 513 733 385 676 513 621 248 586 744 950 929 545 358 678 491 483 549 521 759 549 701 894 677 528
660 420 136 366 319 698 439 0 342 609 264 710 186 860 436 296 543 422 212 424 318 166 642 105 645 470 341 391 456 317 552 703 625 82 475 482 79 150 273 819 420 512 631 643 323
371 554 214 405 523 390 656 342 0 427 491 486 204 525 602 379 419 165 444 255 374 179 389 445 438 334 53 471 245 258 326 366 514 391 183 368 394 205 139 639 237 220 289 434 159
221 467 494 328 894 672 624 609 427 0 848 117 430 677 528 382 102 263 541 192 784 486 138 673 53 141 379 378 184 680 717 414 135 597 268 143 686 551 366 218 204 250 438 55 311
855 673 354 629 58 742 660 264 491 848 0 938 420 938 680 559 793 623 457 657 199 364 857 277 877 715 515 653 678 301 543 847 880 324 664 732 191 303 486 1064 648 702 759 875 542
178 582 588 445 981 663 739 710 486 117 938 0 526 633 643 497 218 325 655 286 856 574 107 780 69 252 443 494 261 744 743 374 221 705 308 259 785 637 453 170 292 277 422 69 397
476 373 67 253 469 592 457 186 204 430 420 526 0 725 414 203 374 239 240 241 392 75 456 272 462 295 181 306 270 326 497 537 463 204 296 313 260 140 92 644 235 332 476 460 138
461 1029 738 865 947 211 1156 860 525 677 938 633 725 0 1086 866 746 542 962 640 755 702 545 965 643 696 545 935 593 638 427 264 811 915 486 732 899 714 643 790 623 472 265 638 629
707 62 449 225 737 988 100 436 602 528 680 643 414 1086 0 225 426 544 226 454 751 478 642 405 580 424 563 158 505 722 910 851 445 361 603 399 493 524 465 659 469 622 822 582 463
518 175 253 72 614 763 291 296 379 382 559 497 203 866 225 0 291 327 161 252 579 274 466 321 429 249 339 105 302 526 693 640 354 249 388 240 371 332 241 566 262 412 603 430 239
305 365 441 232 842 715 522 543 419 102 793 218 374 746 426 291 0 266 451 164 751 439 228 596 154 87 367 277 184 658 731 485 95 521 293 62 621 507 328 279 183 287 493 157 277
239 487 288 323 662 467 618 422 165 263 623 325 239 542 544 327 266 0 445 111 531 266 235 511 273 186 119 393 83 421 466 315 358 442 62 224 490 321 150 475 91 94 278 270 105
660 217 251 226 514 832 233 212 444 541 457 655 240 962 226 161 451 445 0 394 528 285 617 188 587 404 418 218 440 511 722 759 511 135 507 399 269 317 320 726 400 537 708 587 343
267 395 304 230 702 577 536 424 255 192 657 286 241 640 454 252 164 111 394 0 595 294 226 498 222 79 204 299 51 497 571 397 259 423 157 115 500 359 175 410 20 170 377 220 120
743 728 330 639 195 553 756 318 374 784 199 856 392 755 751 579 751 531 528 595 0 319 762 386 802 666 413 682 602 127 347 697 844 399 557 692 283 252 424 1001 581 593 604 799 477
504 441 37 327 409 553 513 166 179 486 364 574 75 702 478 274 439 266 285 294 319 0 496 267 513 356 176 378 314 253 438 537 530 213 315 378 227 69 123 702 284 353 466 511 178
85 580 514 427 896 560 733 642 389 138 857 107 456 545 642 466 228 235 617 226 762 496 0 721 98 222 350 486 187 647 636 282 271 648 207 244 715 554 375 276 226 174 320 93 321
746 404 234 392 334 802 385 105 445 673 277 780 272 965 405 321 596 511 188 498 386 267 721 0 713 532 440 400 535 409 651 802 670 76 567 538 104 254 363 875 496 603 732 712 408
183 519 525 378 921 652 676 645 438 53 877 69 462 643 580 429 154 273 587 222 802 513 98 713 0 184 392 429 202 694 712 379 177 638 266 191 721 577 392 203 230 242 413 5 336
284 362 361 206 762 646 513 470 334 141 715 252 295 696 424 249 87 186 404 79 666 356 222 532 184 0 282 267 109 572 649 442 182 457 222 39 548 424 243 350 98 225 435 184 191
341 512 207 359 551 425 621 341 53 379 515 443 181 545 563 339 367 119 418 204 413 176 350 440 392 282 0 427 195 303 376 362 462 379 149 316 400 218 101 592 185 188 296 388 109
550 97 357 70 709 848 248 391 471 378 653 494 306 935 158 105 277 393 218 299 682 378 486 400 429 267 427 0 349 631 791 695 314 334 450 243 463 436 334 532 314 468 670 431 321
220 445 329 281 721 538 586 456 245 184 678 261 270 593 505 302 184 83 440 51 602 314 187 535 202 109 195 349 0 497 548 347 275 462 114 147 529 377 192 400 41 122 331 199 137
622 690 276 578 311 442 744 317 258 680 301 744 326 638 722 526 658 421 511 497 127 253 647 409 694 572 303 631 497 0 253 571 753 397 440 601 313 199 334 895 481 475 478 691 382
582 867 471 727 541 217 950 552 326 717 543 743 497 427 910 693 731 466 722 571 347 438 636 651 712 649 376 791 548 253 0 455 823 626 450 686 561 410 458 910 551 471 362 708 484
198 791 569 627 871 310 929 703 366 414 847 374 537 264 851 640 485 315 759 397 697 537 282 802 379 442 362 695 347 571 455 0 547 739 254 477 758 571 447 536 382 229 96 375 416
355 388 530 286 930 797 545 625 514 135 880 221 463 811 445 354 95 358 511 259 844 530 271 670 177 182 462 314 275 753 823 547 0 595 379 153 703 598 422 219 277 369 567 182 372
675 350 177 321 381 762 358 82 391 597 324 705 204 915 361 249 521 442 135 423 399 213 648 76 638 457 379 334 462 397 626 739 595 0 499 462 134 218 296 800 423 535 674 637 338
192 545 340 380 700 425 678 475 183 268 664 308 296 486 603 388 293 62 507 157 557 315 207 567 266 222 149 450 114 440 450 254 379 499 0 260 541 364 205 468 139 39 221 262 165
312 337 379 188 781 685 491 482 368 143 732 259 313 732 399 240 62 224 399 115 692 378 244 538 191 39 316 243 147 601 686 477 153 462 260 0 560 446 269 339 135 263 473 192 220
728 484 203 442 248 726 483 79 394 686 191 785 260 899 493 371 621 490 269 500 283 227 715 104 721 548 400 463 529 313 561 758 703 134 541 560 0 190 342 897 494 579 682 719 395
556 492 80 389 344 549 549 150 205 551 303 637 140 714 524 332 507 321 317 359 252 69 554 254 577 424 218 436 377 199 410 571 598 218 364 446 190 0 186 768 349 403 492 575 242
388 416 140 270 530 525 521 273 139 366 486 453 92 643 465 241 328 150 320 175 424 123 375 363 392 243 101 334 192 334 458 447 422 296 205 269 342 186 0 584 163 241 389 390 56
346 603 710 501 1110 832 759 819 639 218 1064 170 644 790 659 566 279 475 726 410 1001 702 276 875 203 350 592 532 400 895 910 536 219 800 468 339 897 768 584 0 422 441 591 207 528
261 409 296 245 692 557 549 420 237 204 648 292 235 623 469 262 183 91 400 20 581 284 226 496 230 98 185 314 41 481 551 382 277 423 139 135 494 349 163 422 0 154 359 228 107
154 563 378 399 738 429 701 512 220 250 702 277 332 472 622 412 287 94 537 170 593 353 174 603 242 225 188 468 122 475 471 229 369 535 39 263 579 403 241 441 154 0 211 237 199
246 765 500 601 781 242 894 631 289 438 759 422 476 265 822 603 493 278 708 377 604 466 320 732 413 435 296 670 331 478 362 96 567 674 221 473 682 492 389 591 359 211 0 408 368
178 521 523 379 919 647 677 643 434 55 875 69 460 638 582 430 157 270 587 220 799 511 93 712 5 184 388 431 199 691 708 375 182 637 262 192 719 575 390 207 228 237 408 0 334
339 409 193 253 586 527 528 323 159 311 542 397 138 629 463 239 277 105 343 120 477 178 321 408 336 191 109 321 137 382 484 416 372 338 165 220 395 242 56 528 107 199 368 334 0
