35
0 640 254 486 412 366 595 201 628 119 600 620 509 150 205 163 351 467 317 350 101 469 474 482 345 280 575 592 536 288 477 49 595 405 196
640 0 819 291 392 977 399 711 225 711 1111 756 145 768 841 549 839 793 635 633 549 423 499 318 636 366 952 480 1068 505 806 662 50 939 605
254 819 0 721 659 414 645 110 853 316 346 510 675 291 171 417 528 305 258 595 295 516 483 577 589 460 358 608 283 339 310 281 780 535 444
486 291 721 0 112 760 571 629 151 514 1055 846 271 574 685 344 584 806 626 358 426 525 591 441 362 297 956 633 999 499 819 488 247 689 375
412 392 659 112 0 657 620 577 258 421 1001 852 343 481 603 256 474 784 603 247 370 552 610 483 251 288 926 671 941 486 797 405 345 579 275
366 977 414 760 657 0 957 463 911 269 653 915 858 218 246 430 240 718 629 453 466 829 825 848 447 635 759 948 584 643 723 328 929 171 386
595 399 645 571 620 957 0 542 592 707 844 379 310 744 746 609 915 484 393 787 498 131 171 140 787 377 634 85 821 320 496 638 400 989 681
201 711 110 629 577 463 542 0 756 296 427 455 567 293 222 353 528 275 169 550 207 412 385 468 545 356 374 511 371 230 284 242 673 557 395
628 225 853 151 258 911 592 756 0 663 1179 913 284 723 830 493 730 904 728 499 559 579 652 480 504 405 1059 666 1126 596 918 633 200 836 525
119 711 316 514 421 269 707 296 663 0 650 734 589 61 195 171 236 570 432 288 209 583 592 588 282 368 663 708 582 406 579 71 664 287 154
600 1111 346 1055 1001 653 844 427 1179 650 0 551 967 612 468 763 834 364 479 935 632 735 675 824 930 776 248 780 71 606 355 624 1079 811 788
620 756 510 846 852 915 379 455 913 734 551 0 635 742 670 722 969 216 303 931 562 337 262 441 928 565 307 295 554 375 218 668 744 1009 787
509 145 675 271 343 858 310 567 284 589 967 635 0 643 706 438 743 654 492 559 414 299 374 197 560 230 813 382 924 362 667 535 115 836 501
150 768 291 574 481 218 744 293 723 61 612 742 643 0 147 231 239 566 443 336 249 617 620 631 329 418 645 740 543 435 574 111 721 267 212
205 841 171 685 603 246 746 222 830 195 468 670 706 147 0 347 369 473 390 481 293 615 599 652 475 477 526 725 398 427 478 199 797 366 346
163 549 417 344 256 430 609 353 493 171 763 722 438 231 347 0 312 601 431 210 165 499 528 477 207 237 723 629 699 354 612 149 501 400 73
351 839 528 584 474 240 915 528 730 236 834 969 743 239 369 312 0 803 667 237 429 798 816 787 232 548 884 927 763 632 811 303 790 107 243
467 793 305 806 784 718 484 275 904 570 364 216 654 566 473 601 803 0 182 808 438 386 319 485 804 510 160 417 352 309 14 512 768 828 655
317 635 258 626 603 629 393 169 728 432 479 303 492 443 390 431 667 182 0 640 267 269 226 348 637 330 332 351 443 133 195 366 606 709 491
350 633 595 358 247 453 787 550 499 288 935 931 559 336 481 210 237 808 640 0 374 690 728 650 7 412 923 819 868 561 819 315 585 344 155
101 549 295 426 370 466 498 207 559 209 632 562 414 249 293 165 429 438 267 374 0 375 388 382 370 185 566 501 574 204 450 141 506 494 226
469 423 516 525 552 829 131 412 579 583 735 337 299 617 615 499 798 386 269 690 375 0 77 106 689 281 544 131 706 189 399 514 408 868 571
474 499 483 591 610 825 171 385 652 592 675 262 374 620 599 528 816 319 226 728 388 77 0 182 726 328 473 127 650 186 331 522 484 878 599
482 318 577 441 483 848 140 468 480 588 824 441 197 631 652 477 787 485 348 650 382 106 182 0 649 242 643 193 790 238 498 522 304 866 549
345 636 589 362 251 447 787 545 504 282 930 928 560 329 475 207 232 804 637 7 370 689 726 649 0 411 919 818 862 558 815 310 587 338 150
280 366 460 297 288 635 377 356 405 368 776 565 230 418 477 237 548 510 330 412 185 281 328 242 411 0 661 408 725 203 523 309 324 633 308
575 952 358 956 926 759 634 374 1059 663 248 307 813 645 526 723 884 160 332 923 566 544 473 643 919 661 0 561 265 464 147 614 928 891 769
592 480 608 633 671 948 85 511 666 708 780 295 382 740 725 629 927 417 351 819 501 131 127 193 818 408 561 0 761 306 427 639 478 994 701
536 1068 283 999 941 584 821 371 1126 582 71 554 924 543 398 699 763 352 443 868 574 706 650 790 862 725 265 761 0 565 345 559 1034 741 721
288 505 339 499 486 643 320 230 596 406 606 375 362 435 427 354 632 309 133 561 204 189 186 238 558 203 464 306 565 0 323 336 475 692 423
477 806 310 819 797 723 496 284 918 579 355 218 667 574 478 612 811 14 195 819 450 399 331 498 815 523 147 427 345 323 0 522 782 835 666
49 662 281 488 405 328 638 242 633 71 624 668 535 111 199 149 303 512 366 315 141 514 522 522 310 309 614 639 559 336 522 0 616 357 164
595 50 780 247 345 929 400 673 200 664 1079 744 115 721 797 501 790 768 606 585 506 408 484 304 587 324 928 478 1034 475 782 616 0 890 556
405 939 535 689 579 171 989 557 836 287 811 1009 836 267 366 400 107 828 709 344 494 868 878 866 338 633 891 994 741 692 835 357 890 0 336
196 605 444 375 275 386 681 395 525 154 788 787 501 212 346 73 243 655 491 155 226 571 599 549 150 308 769 701 721 423 666 164 556 336 0
