27
0 189 58 290 99 273 484 528 434 178 202 816 225 248 756 786 605 770 664 751 437 430 472 235 376 223 402
189 0 145 163 242 131 589 461 284 198 375 832 357 334 608 622 445 805 671 668 621 364 573 423 555 260 230
58 145 0 271 103 217 534 478 411 194 259 847 277 231 736 759 579 806 692 753 491 379 520 287 432 186 369
290 163 271 0 373 270 533 606 146 172 419 700 358 489 467 499 317 684 538 505 670 514 516 499 595 420 140
99 242 103 373 0 282 559 473 513 276 243 910 299 153 838 860 681 861 760 847 438 379 548 230 391 149 470
273 131 217 270 282 0 715 337 354 327 473 959 474 312 659 652 490 934 797 765 706 245 700 500 648 223 277
484 589 534 533 559 715 0 1011 625 393 334 438 261 705 831 913 758 362 348 638 397 912 18 422 335 703 665
528 461 478 606 473 337 1011 0 673 645 714 1292 753 373 943 910 776 1263 1132 1093 894 100 997 692 857 326 587
434 284 411 146 513 354 625 673 0 309 558 702 488 618 326 354 172 704 547 421 808 590 607 642 731 542 88
178 198 194 172 276 327 393 645 309 0 250 657 187 422 612 658 478 620 500 576 500 546 377 340 424 379 311
202 375 259 419 243 473 334 714 558 250 0 733 108 377 857 907 727 671 601 778 253 619 326 110 182 391 553
816 832 847 700 910 959 438 1292 702 657 733 0 633 1062 724 829 746 87 162 426 834 1195 436 836 771 1033 780
225 357 277 358 299 474 261 753 488 187 108 633 0 447 771 828 652 575 497 674 325 654 249 217 247 442 498
248 334 231 489 153 312 705 373 618 422 377 1062 447 0 942 950 777 1014 912 982 524 296 694 330 495 90 559
756 608 736 467 838 659 831 943 326 612 857 724 771 942 0 107 171 763 611 307 1096 875 815 951 1017 863 386
786 622 759 499 860 652 913 910 354 658 907 829 828 950 107 0 182 866 711 414 1152 850 896 995 1074 867 393
605 445 579 317 681 490 758 776 172 478 727 746 652 777 171 182 0 767 607 379 974 706 741 814 897 696 218
770 805 806 684 861 934 362 1263 704 620 671 87 575 1014 763 866 767 0 161 477 756 1164 362 771 696 990 777
664 671 692 538 760 797 348 1132 547 500 601 162 497 912 611 711 607 161 0 340 737 1035 341 708 667 878 623
751 668 753 505 847 765 638 1093 421 576 778 426 674 982 307 414 379 477 340 0 979 1007 625 886 901 921 509
437 621 491 670 438 706 397 894 808 500 253 834 325 524 1096 1152 974 756 737 979 0 808 400 209 80 573 805
430 364 379 514 379 245 912 100 590 546 619 1195 654 296 875 850 706 1164 1035 1007 808 0 898 603 768 236 507
472 573 520 516 548 700 18 997 607 377 326 436 249 694 815 896 741 362 341 625 400 898 0 417 336 691 648
235 423 287 499 230 500 422 692 642 340 110 836 217 330 951 995 814 771 708 886 209 603 417 0 166 368 626
376 555 432 595 391 648 335 857 731 424 182 771 247 495 1017 1074 897 696 667 901 80 768 336 166 0 533 732
223 260 186 420 149 223 703 326 542 379 391 1033 442 90 863 867 696 990 878 921 573 236 691 368 533 0 478
402 230 369 140 470 277 665 587 88 311 553 780 498 559 386 393 218 777 623 509 805 507 648 626 732 478 0
