43
0 618 610 332 214 485 357 190 618 172 649 303 275 577 781 434 334 97 38 557 606 139 110 311 100 672 493 593 521 486 171 400 317 739 802 174 558 275 291 298 262 556 685
618 0 970 418 734 149 821 715 684 455 823 672 556 591 610 263 376 590 580 229 928 747 591 926 564 1015 180 606 784 514 700 253 437 684 711 593 347 676 905 411 877 1052 160
610 970 0 558 402 826 261 768 391 630 258 335 438 457 654 707 603 534 626 772 62 536 719 578 553 63 790 454 196 481 753 877 542 526 580 469 676 879 657 577 565 238 930
332 418 558 0 348 271 408 508 360 188 458 257 142 288 459 159 47 253 308 262 521 414 384 592 237 608 243 306 383 185 489 339 21 443 500 213 230 549 603 43 544 637 416
214 734 402 348 0 588 144 368 499 296 486 153 217 489 717 497 376 162 237 608 405 144 323 271 189 464 575 501 348 426 353 561 327 641 707 142 566 478 315 335 231 350 760
485 149 826 271 588 0 672 604 565 317 695 524 408 474 539 122 228 448 449 151 787 609 474 790 423 874 56 491 645 387 588 188 289 590 627 446 252 587 776 263 741 903 208
357 821 261 408 144 672 0 508 443 413 389 154 267 459 690 567 447 293 377 663 272 276 466 344 317 323 650 467 252 425 493 676 388 592 657 246 597 620 413 410 320 232 821
190 715 768 508 368 604 508 0 807 327 833 485 464 765 964 582 501 287 203 705 773 235 133 312 288 830 626 782 702 673 20 468 496 927 990 363 725 127 243 470 279 669 812
618 684 391 360 499 565 443 807 0 528 156 348 344 94 265 447 398 521 609 459 331 631 703 765 521 408 514 80 214 183 788 688 358 150 215 446 343 878 814 399 730 590 599
172 455 630 188 296 317 413 327 528 0 598 296 206 467 646 263 175 139 138 387 609 293 198 474 111 688 322 485 493 367 308 266 180 627 686 168 398 362 463 147 425 640 514
649 823 258 458 486 695 389 833 156 598 0 349 395 243 404 574 502 554 649 603 197 629 747 732 562 262 648 233 140 310 815 796 450 271 323 477 491 921 794 492 704 481 749
303 672 335 257 153 524 154 485 348 296 349 0 117 339 568 416 297 213 308 510 316 286 406 422 227 393 499 350 219 284 467 548 237 489 555 140 446 577 467 262 384 381 668
275 556 438 142 217 408 267 464 344 206 395 117 0 305 520 300 181 178 265 400 411 313 360 478 178 493 383 320 288 222 444 439 122 466 530 107 350 535 505 146 433 497 557
577 591 457 288 489 474 459 765 94 467 243 339 305 0 232 359 322 482 563 366 400 610 652 759 478 482 423 19 265 103 745 605 290 163 226 411 250 825 799 329 720 634 508
781 610 654 459 717 539 690 964 265 646 404 568 520 232 0 455 477 690 762 393 593 831 842 987 681 665 484 223 478 298 944 710 469 137 118 626 291 1007 1022 500 946 854 477
434 263 707 159 497 122 567 582 447 263 574 416 300 359 455 0 123 377 401 124 666 542 450 724 354 754 85 376 524 267 564 258 179 486 529 357 167 591 722 163 675 796 263
334 376 603 47 376 228 447 501 398 175 502 297 181 322 477 123 0 264 306 236 567 429 373 609 244 653 204 340 429 219 482 295 62 473 527 236 225 532 614 42 561 677 384
97 590 534 253 162 448 293 287 521 139 554 213 178 482 690 377 264 0 97 497 523 166 194 348 28 595 446 498 430 394 267 401 236 643 707 78 482 367 351 224 299 511 637
38 580 626 308 237 449 377 203 609 138 649 308 265 563 762 401 306 97 0 525 618 176 98 348 89 687 458 580 526 470 184 362 295 725 788 173 530 272 328 271 300 584 650
557 229 772 262 608 151 663 705 459 387 603 510 400 366 393 124 236 497 525 0 725 662 572 844 475 812 99 380 580 298 686 335 282 457 488 471 119 707 845 277 795 887 160
606 928 62 521 405 787 272 773 331 609 197 316 411 400 593 666 567 523 618 725 0 545 714 605 540 88 748 396 146 430 757 848 507 465 519 454 625 878 680 544 587 292 881
139 747 536 414 144 609 276 235 631 293 629 286 313 610 831 542 429 166 176 662 545 0 228 183 189 598 610 624 492 534 222 537 396 767 833 209 643 354 193 388 134 440 801
110 591 719 384 323 474 466 133 703 198 747 406 360 652 842 450 373 194 98 572 714 228 0 371 185 781 494 669 624 556 115 350 373 814 875 270 595 176 327 344 327 661 681
311 926 578 592 271 790 344 312 765 474 732 422 478 759 987 724 609 348 348 844 605 183 371 0 371 635 792 771 593 695 310 708 573 910 976 381 819 436 90 569 50 409 983
100 564 553 237 189 423 317 288 521 111 562 227 178 478 681 354 244 28 89 475 540 189 185 371 0 613 422 494 441 387 268 374 221 640 703 88 465 360 371 205 322 537 613
672 1015 63 608 464 874 323 830 408 688 262 393 493 482 665 754 653 595 687 812 88 598 781 635 613 0 836 477 233 517 815 932 593 533 582 529 711 941 716 629 624 275 968
493 180 790 243 575 56 650 626 514 322 648 499 383 423 484 85 204 446 458 99 748 610 494 792 422 836 0 439 605 339 609 237 262 535 571 434 196 619 784 243 743 879 193
593 606 454 306 501 491 467 782 80 485 233 350 320 19 223 376 340 498 580 380 396 624 669 771 494 477 439 0 265 122 762 623 308 146 211 426 264 842 812 347 732 637 520
521 784 196 383 348 645 252 702 214 493 140 219 288 265 478 524 429 430 526 580 146 492 624 593 441 233 605 265 0 285 685 717 371 361 422 355 481 796 655 409 565 377 736
486 514 481 185 426 387 425 673 183 367 310 284 222 103 298 267 219 394 470 298 430 534 556 695 387 517 339 122 285 0 653 506 188 260 320 328 196 727 726 227 652 625 452
171 700 753 489 353 588 493 20 788 308 815 467 444 745 944 564 482 267 184 686 757 222 115 310 268 815 609 762 685 653 0 454 476 908 970 344 705 134 246 450 274 658 795
400 253 877 339 561 188 676 468 688 266 796 548 439 605 710 258 295 401 362 335 848 537 350 708 374 932 237 623 717 506 454 0 349 741 786 431 420 423 674 308 660 905 380
317 437 542 21 327 289 388 496 358 180 450 237 122 290 469 179 62 236 295 282 507 396 373 573 221 593 262 308 371 188 476 349 0 448 506 193 248 541 586 42 525 618 437
739 684 526 443 641 590 592 927 150 627 271 489 466 163 137 486 473 643 725 457 465 767 814 910 640 533 535 146 361 260 908 741 448 0 67 572 341 986 954 485 872 735 570
802 711 580 500 707 627 657 990 215 686 323 555 530 226 118 529 527 707 788 488 519 833 875 976 703 582 571 211 422 320 970 786 506 67 0 636 375 1046 1020 542 938 795 586
174 593 469 213 142 446 246 363 446 168 477 140 107 411 626 357 236 78 173 471 454 209 270 381 88 529 434 426 355 328 344 431 193 572 636 0 439 444 401 195 335 474 619
558 347 676 230 566 252 597 725 343 398 491 446 350 250 291 167 225 482 530 119 625 643 595 819 465 711 196 264 481 196 705 420 248 341 375 439 0 747 833 261 772 811 260
275 676 879 549 478 587 620 127 878 362 921 577 535 825 1007 591 532 367 272 707 878 354 176 436 360 941 619 842 796 727 134 423 541 986 1046 444 747 0 362 508 404 792 793
291 905 657 603 315 776 413 243 814 463 794 467 505 799 1022 722 614 351 328 845 680 193 327 90 371 716 784 812 655 726 246 674 586 954 1020 401 833 362 0 575 93 497 976
298 411 577 43 335 263 410 470 399 147 492 262 146 329 500 163 42 224 271 277 544 388 344 569 205 629 243 347 409 227 450 308 42 485 542 195 261 508 575 0 520 641 425
262 877 565 544 231 741 320 279 730 425 704 384 433 720 946 675 561 299 300 795 587 134 327 50 322 624 743 732 565 652 274 660 525 872 938 335 772 404 93 520 0 414 934
556 1052 238 637 350 903 232 669 590 640 481 381 497 634 854 796 677 511 584 887 292 440 661 409 537 275 879 637 377 625 658 905 618 735 795 474 811 792 497 641 414 0 1046
685 160 930 416 760 208 821 812 599 514 749 668 557 508 477 263 384 637 650 160 881 801 681 983 613 968 193 520 736 452 795 380 437 570 586 619 260 793 976 425 934 1046 0
