48
0 789 340 98 716 639 591 590 243 790 413 434 921 532 330 754 814 524 821 590 754 387 857 737 492 673 455 597 284 783 203 536 844 856 796 487 345 671 105 802 518 517 830 280 267 777 507 358
789 0 634 856 393 206 395 217 700 289 965 942 304 466 751 246 143 286 460 591 233 632 115 344 633 534 770 549 912 288 753 428 283 79 72 932 702 243 694 281 492 289 438 857 794 383 369 471
340 634 0 336 419 436 629 419 484 525 331 743 662 227 587 709 715 353 509 251 510 572 660 738 664 343 177 264 295 518 482 593 583 712 670 783 69 628 325 765 205 453 524 235 556 789 270 185
98 856 336 0 740 692 683 649 339 827 331 506 962 550 422 838 891 581 839 585 798 485 915 827 589 678 414 599 199 820 295 629 883 926 868 565 321 755 197 888 532 594 851 209 354 868 546 402
716 393 419 740 0 230 650 285 755 136 711 1033 260 192 844 598 529 290 115 243 166 766 347 677 818 153 478 201 708 131 784 649 188 462 460 1050 466 550 656 647 215 446 116 647 849 726 227 368
639 206 436 692 230 0 427 67 607 193 766 875 298 261 681 372 320 117 328 390 135 582 227 448 617 347 565 349 723 187 649 433 230 285 259 880 502 321 555 424 286 233 315 665 704 498 168 292
591 395 629 683 650 427 0 366 403 611 917 584 679 596 413 206 319 372 754 735 548 282 508 151 248 736 804 706 819 607 465 58 633 417 349 560 693 156 488 236 610 211 742 780 477 186 475 450
590 217 419 649 285 67 366 0 544 260 750 810 362 275 616 335 305 70 389 413 201 516 267 401 551 386 563 375 697 254 588 369 296 294 253 814 487 273 502 389 298 167 378 641 641 452 162 256
243 700 484 339 755 607 403 544 0 790 649 279 905 603 103 596 684 494 869 704 739 151 791 554 253 761 640 696 523 783 63 345 835 753 685 305 518 522 173 635 599 412 870 509 97 585 529 398
790 289 525 827 136 193 611 260 790 0 833 1062 138 301 868 519 431 297 172 377 64 774 221 609 810 288 605 334 819 8 827 623 59 348 361 1070 579 487 717 563 327 425 149 758 886 655 284 432
413 965 331 331 711 766 917 750 649 833 0 836 968 534 741 1026 1043 683 777 483 828 781 988 1043 884 591 239 518 132 827 615 871 891 1043 1000 895 265 943 480 1082 507 767 798 142 680 1091 599 506
434 942 743 506 1033 875 584 810 279 1062 836 0 1172 881 195 790 898 766 1146 975 1009 311 1042 721 345 1038 882 971 704 1055 263 533 1105 983 914 72 765 730 418 815 875 663 1147 710 190 735 807 676
921 304 662 962 260 298 679 362 905 138 968 1172 0 438 977 550 440 412 243 502 169 874 198 647 898 404 737 461 956 145 946 701 80 336 373 1174 716 538 844 583 463 517 215 895 1002 687 417 564
532 466 227 550 192 261 596 275 603 301 534 881 438 0 700 607 576 234 290 141 296 643 464 664 713 159 313 111 520 295 623 579 359 544 518 906 279 539 483 662 28 388 301 459 693 716 123 206
330 751 587 422 844 681 413 616 103 868 741 195 977 700 0 616 716 572 957 804 815 131 850 558 206 858 742 795 613 862 128 357 910 796 727 207 621 550 274 648 697 469 957 604 82 581 618 494
754 246 709 838 598 372 206 335 596 519 1026 790 550 607 616 0 126 377 684 746 457 485 357 101 451 717 872 709 945 517 656 259 523 237 180 764 777 85 650 57 628 260 665 898 676 138 488 525
814 143 715 891 529 320 319 305 684 431 1043 898 440 576 716 126 0 364 601 709 373 588 243 225 566 663 866 669 975 430 742 366 425 113 71 877 784 168 712 145 600 298 579 923 771 255 466 538
524 286 353 581 290 117 372 70 494 297 683 766 412 234 572 377 364 0 401 374 246 482 335 431 529 364 503 340 627 290 534 364 341 362 317 775 422 306 439 433 253 162 395 572 591 483 112 187
821 460 509 839 115 328 754 389 869 172 777 1146 243 290 957 684 601 401 0 295 229 879 389 769 929 187 539 261 790 172 896 757 198 519 531 1164 549 644 766 729 308 554 29 729 962 816 340 478
590 591 251 585 243 390 735 413 704 377 483 975 502 141 804 746 709 374 295 0 392 761 572 805 838 109 245 44 504 371 713 715 431 667 648 1008 271 679 562 801 126 528 316 445 786 857 264 319
754 233 510 798 166 135 548 201 739 64 828 1009 169 296 815 457 373 246 229 392 0 717 182 545 749 316 607 349 804 61 779 560 96 298 303 1015 569 424 676 502 323 365 209 744 836 592 253 398
387 632 572 485 766 582 282 516 151 774 781 311 874 643 131 485 588 482 879 761 717 0 735 428 105 801 741 746 660 768 209 227 812 672 603 302 618 421 302 517 645 359 875 639 201 452 546 443
857 115 660 915 347 227 508 267 791 221 988 1042 198 464 850 357 243 335 389 572 182 735 0 456 742 497 777 528 949 222 841 538 195 140 178 1036 724 357 766 387 491 381 363 891 887 493 391 517
737 344 738 827 677 448 151 401 554 609 1043 721 647 664 558 101 225 431 769 805 545 428 456 0 377 786 908 770 952 606 616 209 617 337 280 689 805 129 633 98 683 288 752 909 626 53 542 554
492 633 664 589 818 617 248 551 253 810 884 345 898 713 206 451 566 529 929 838 749 105 742 377 0 868 836 819 765 804 308 205 842 661 593 314 713 402 407 472 718 385 923 743 286 391 607 521
673 534 343 678 153 347 736 386 761 288 591 1038 404 159 858 717 663 364 187 109 316 801 497 786 868 0 353 80 610 284 778 724 338 607 597 1064 372 658 634 769 163 526 209 550 849 838 265 364
455 770 177 414 478 565 804 563 640 605 239 882 737 313 742 872 866 503 539 245 607 741 777 908 836 353 0 281 280 599 628 768 662 849 815 929 124 794 471 929 286 621 560 228 701 960 403 356
597 549 264 599 201 349 706 375 696 334 518 971 461 111 795 709 669 340 261 44 349 746 528 770 819 80 281 0 531 328 710 689 388 625 607 1000 293 644 562 764 102 497 281 471 782 822 232 304
284 912 295 199 708 723 819 697 523 819 132 704 956 520 613 945 975 627 790 504 804 660 949 952 765 610 280 531 0 812 486 769 877 988 939 763 243 861 359 999 495 688 807 62 549 998 559 442
783 288 518 820 131 187 607 254 783 8 827 1055 145 295 862 517 430 290 172 371 61 768 222 606 804 284 599 328 812 0 820 618 66 349 360 1064 573 484 710 561 321 420 150 751 879 652 277 425
203 753 482 295 784 649 465 588 63 827 615 263 946 623 128 656 742 534 896 713 779 209 841 616 308 778 628 710 486 820 0 407 874 808 741 302 508 581 158 696 616 465 899 479 74 647 558 420
536 428 593 629 649 433 58 369 345 623 871 533 701 579 357 259 366 364 757 715 560 227 538 209 205 724 768 689 769 618 407 0 649 457 389 512 654 199 433 292 590 204 747 733 420 243 460 419
844 283 583 883 188 230 633 296 835 59 891 1105 80 359 910 523 425 341 198 431 96 812 195 617 842 338 662 388 877 66 874 649 0 332 355 1110 638 500 769 563 386 458 171 816 932 660 339 486
856 79 712 926 462 285 417 294 753 348 1043 983 336 544 796 237 113 362 519 667 298 672 140 337 661 607 849 625 988 349 808 457 332 0 70 968 780 261 758 257 570 346 496 933 844 368 448 547
796 72 670 868 460 259 349 253 685 361 1000 914 373 518 727 180 71 317 531 648 303 603 178 280 593 597 815 607 939 360 741 389 355 70 0 899 739 194 696 210 543 282 509 886 776 316 413 498
487 932 783 565 1050 880 560 814 305 1070 895 72 1174 906 207 764 877 775 1164 1008 1015 302 1036 689 314 1064 929 1000 763 1064 302 512 1110 968 899 0 810 711 460 785 903 660 1162 766 228 699 825 701
345 702 69 321 466 502 693 487 518 579 265 765 716 279 621 777 784 422 549 271 569 618 724 805 713 372 124 293 243 573 508 654 638 780 739 810 0 696 351 833 254 521 565 182 582 855 335 253
671 243 628 755 550 321 156 273 522 487 943 730 538 539 550 85 168 306 644 679 424 421 357 129 402 658 794 644 861 484 581 199 500 261 194 711 696 0 567 139 558 177 628 814 606 180 417 443
105 694 325 197 656 555 488 502 173 717 480 418 844 483 274 650 712 439 766 562 676 302 766 633 407 634 471 562 359 710 158 433 769 758 696 460 351 567 0 698 473 416 772 339 232 673 437 290
802 281 765 888 647 424 236 389 635 563 1082 815 583 662 648 57 145 433 729 801 502 517 387 98 472 769 929 764 999 561 696 292 563 257 210 785 833 139 698 0 683 315 710 953 712 113 543 581
518 492 205 532 215 286 610 298 599 327 507 875 463 28 697 628 600 253 308 126 323 645 491 683 718 163 286 102 495 321 616 590 386 570 543 903 254 558 473 683 0 403 321 434 687 735 141 204
517 289 453 594 446 233 211 167 412 425 767 663 517 388 469 260 298 162 554 528 365 359 381 288 385 526 621 497 688 420 465 204 458 346 282 660 521 177 416 315 403 0 544 640 507 340 266 268
830 438 524 851 116 315 742 378 870 149 798 1147 215 301 957 665 579 395 29 316 209 875 363 752 923 209 560 281 807 150 899 747 171 496 509 1162 565 628 772 710 321 544 0 746 964 799 342 483
280 857 235 209 647 665 780 641 509 758 142 710 895 459 604 898 923 572 729 445 744 639 891 909 743 550 228 471 62 751 479 733 816 933 886 766 182 814 339 953 434 640 746 0 546 957 500 388
267 794 556 354 849 704 477 641 97 886 680 190 1002 693 82 676 771 591 962 786 836 201 887 626 286 849 701 782 549 879 74 420 932 844 776 228 582 606 232 712 687 507 964 546 0 652 623 488
777 383 789 868 726 498 186 452 585 655 1091 735 687 716 581 138 255 483 816 857 592 452 493 53 391 838 960 822 998 652 647 243 660 368 316 699 855 180 673 113 735 340 799 957 652 0 594 605
507 369 270 546 227 168 475 162 529 284 599 807 417 123 618 488 466 112 340 264 253 546 391 542 607 265 403 232 559 277 558 460 339 448 413 825 335 417 437 543 141 266 342 500 623 594 0 149
358 471 185 402 368 292 450 256 398 432 506 676 564 206 494 525 538 187 478 319 398 443 517 554 521 364 356 304 442 425 420 419 486 547 498 701 253 443 290 581 204 268 483 388 488 605 149 0
