18
0 486 421 198 568 276 472 612 178 312 361 326 53 448 345 389 99 497
486 0 79 682 106 484 313 784 551 790 542 518 453 558 290 621 559 341
421 79 0 618 148 457 336 710 476 730 525 440 393 484 214 543 501 368
198 682 618 0 765 373 632 654 245 125 435 429 233 549 522 449 141 653
568 106 148 765 0 588 409 785 611 877 648 547 540 564 315 647 648 435
276 484 457 373 588 0 293 880 453 421 90 581 230 694 507 657 244 304
472 313 336 632 409 293 0 978 619 702 304 676 420 759 502 774 492 34
612 784 710 654 785 880 978 0 440 756 968 306 652 227 498 224 686 1010
178 551 476 245 611 453 619 440 0 367 538 184 224 306 318 219 246 648
312 790 730 125 877 421 702 756 367 0 461 550 338 668 646 560 232 719
361 542 525 435 648 90 304 968 538 461 0 670 317 784 592 746 317 306
326 518 440 429 547 581 676 306 184 550 670 0 359 124 233 104 414 708
53 453 393 233 540 230 420 652 224 338 317 359 0 477 343 429 108 446
448 558 484 549 564 694 759 227 306 668 784 124 477 0 272 134 537 792
345 290 214 522 315 507 502 498 318 646 592 233 343 272 0 335 442 535
389 621 543 449 647 657 774 224 219 560 746 104 429 134 335 0 465 805
99 559 501 141 648 244 492 686 246 232 317 414 108 537 442 465 0 513
497 341 368 653 435 304 34 1010 648 719 306 708 446 792 535 805 513 0
