38
0 496 517 910 455 183 607 640 148 508 821 812 993 955 919 867 304 384 573 932 1111 933 246 677 338 753 335 23 617 473 72 947 370 480 315 215 394 399
496 0 463 665 139 373 194 553 406 294 370 319 534 625 556 615 291 236 472 459 616 444 258 539 161 329 348 507 307 114 488 515 325 461 475 312 431 303
517 463 0 407 324 344 374 126 561 181 808 623 671 493 491 371 260 598 61 652 940 819 465 162 401 784 195 539 263 551 568 589 179 41 222 349 125 663
910 665 407 0 562 729 480 306 924 425 887 616 497 165 235 51 618 878 346 535 855 813 796 249 698 904 575 931 361 778 952 399 543 447 628 715 529 949
455 139 324 562 0 296 153 417 406 160 496 378 539 550 494 512 186 317 336 480 698 543 257 409 146 464 226 471 205 235 467 496 197 323 357 244 300 388
183 373 344 729 296 0 444 469 224 327 731 670 829 773 739 685 124 353 397 774 983 816 186 501 218 675 155 204 438 389 225 776 187 310 177 62 226 398
607 194 374 480 153 444 0 427 554 196 448 255 387 432 364 431 326 425 359 331 577 446 402 397 289 443 348 623 139 307 618 345 311 388 476 395 397 494
640 553 126 306 417 469 427 0 686 259 874 659 658 422 440 280 383 711 84 655 963 861 586 64 514 861 321 663 295 651 693 567 302 161 336 474 247 778
148 406 561 924 406 224 554 686 0 503 697 725 931 944 896 878 309 248 609 861 1006 823 153 711 265 623 366 143 596 357 97 898 389 530 397 214 448 253
508 294 181 425 160 327 196 259 503 0 628 450 535 448 413 377 205 468 179 500 771 641 372 249 278 608 189 528 118 394 540 467 148 193 300 299 209 538
821 370 808 887 496 731 448 874 697 628 0 284 521 783 696 842 660 452 803 434 357 178 578 844 515 85 717 826 585 350 792 570 691 814 844 670 796 475
812 319 623 616 378 670 255 659 725 450 284 0 257 502 414 573 564 525 601 169 323 205 577 616 474 325 597 824 367 388 806 290 561 641 727 614 651 579
993 534 671 497 539 829 387 658 931 535 521 257 0 342 262 469 708 760 628 90 367 381 779 600 668 576 718 1009 421 624 1002 99 677 701 835 781 741 820
955 625 493 165 550 773 432 422 944 448 783 502 342 0 89 156 652 854 435 392 707 686 803 359 695 813 626 975 349 738 987 248 588 533 706 747 604 924
919 556 491 235 494 739 364 440 896 413 696 414 262 89 0 210 616 788 436 306 623 597 750 378 639 727 599 938 303 667 946 165 560 528 692 707 590 857
867 615 371 51 512 685 431 280 878 377 842 573 469 156 210 0 573 828 310 500 822 772 748 219 649 856 532 888 311 728 908 370 499 412 592 670 491 899
304 291 260 618 186 124 326 383 309 205 660 564 708 652 616 573 0 351 303 657 882 724 206 403 165 614 73 324 314 340 337 653 82 236 186 98 170 411
384 236 598 878 317 353 425 711 248 468 452 525 760 854 788 828 351 0 627 680 777 590 168 714 197 376 424 385 519 138 344 749 423 581 517 301 520 71
573 472 61 346 336 397 359 84 609 179 803 601 628 435 436 310 303 627 0 615 913 800 505 105 431 786 244 595 235 568 621 543 222 102 283 396 184 694
932 459 652 535 480 774 331 655 861 500 434 169 90 392 306 500 657 680 615 0 322 302 710 602 600 487 674 946 392 543 936 149 635 678 797 723 708 738
1111 616 940 855 698 983 577 963 1006 771 357 323 367 707 623 822 882 777 913 322 0 189 867 914 776 442 919 1120 679 651 1095 460 884 961 1049 925 974 813
933 444 819 813 543 816 446 861 823 641 178 205 381 686 597 772 724 590 800 302 189 0 688 820 603 259 768 941 568 467 914 450 736 833 899 756 833 625
246 258 465 796 257 186 402 586 153 372 578 577 779 803 750 748 206 168 505 710 867 688 0 601 114 512 277 253 455 228 230 747 286 442 354 137 371 215
677 539 162 249 409 501 397 64 711 249 844 616 600 359 378 219 403 714 105 602 914 820 601 0 520 837 348 699 260 643 725 508 323 202 383 498 286 783
338 161 401 698 146 218 289 514 265 278 515 474 668 695 639 649 165 197 431 600 776 603 114 520 0 460 236 350 348 178 336 634 230 386 347 156 331 264
753 329 784 904 464 675 443 861 623 608 85 325 576 813 727 856 614 376 786 487 442 259 512 837 460 0 676 756 581 288 719 614 654 786 800 614 760 394
335 348 195 575 226 155 348 321 366 189 717 597 718 626 599 532 73 424 244 674 919 768 277 348 236 676 0 357 306 408 379 654 41 167 131 154 97 484
23 507 539 931 471 204 623 663 143 528 826 824 1009 975 938 888 324 385 595 946 1120 941 253 699 350 756 357 0 636 479 56 964 391 502 338 233 416 395
617 307 263 361 205 438 139 295 596 118 585 367 421 349 303 311 314 519 235 392 679 568 455 260 348 581 306 636 0 419 643 350 265 287 416 404 321 590
473 114 551 778 235 389 307 651 357 394 350 388 624 738 667 728 340 138 568 543 651 467 228 643 178 288 408 479 419 0 448 616 394 543 523 328 499 198
72 488 568 952 467 225 618 693 97 540 792 806 1002 987 946 908 337 344 621 936 1095 914 230 725 336 719 379 56 643 448 0 962 410 533 376 241 447 349
947 515 589 399 496 776 345 567 898 467 570 290 99 248 165 370 653 749 543 149 460 450 747 508 634 614 654 964 350 616 962 0 613 621 765 733 668 813
370 325 179 543 197 187 311 302 389 148 691 561 677 588 560 499 82 423 222 635 884 736 286 323 230 654 41 391 265 394 410 613 0 158 166 176 107 486
480 461 41 447 323 310 388 161 530 193 814 641 701 533 528 412 236 581 102 678 961 833 442 202 386 786 167 502 287 543 533 621 158 0 182 320 87 644
315 475 222 628 357 177 476 336 397 300 844 727 835 706 692 592 186 517 283 797 1049 899 354 383 347 800 131 338 416 523 376 765 166 182 0 218 103 568
215 312 349 715 244 62 395 474 214 299 670 614 781 747 707 670 98 301 396 723 925 756 137 498 156 614 154 233 404 328 241 733 176 320 218 0 243 351
394 431 125 529 300 226 397 247 448 209 796 651 741 604 590 491 170 520 184 708 974 833 371 286 331 760 97 416 321 499 447 668 107 87 103 243 0 580
399 303 663 949 388 398 494 778 253 538 475 579 820 924 857 899 411 71 694 738 813 625 215 783 264 394 484 395 590 198 349 813 486 644 568 351 580 0
