29
0 614 458 362 34 311 874 663 185 61 618 573 25 769 811 224 754 571 841 881 340 447 492 748 383 457 797 363 581
614 0 404 955 634 524 454 414 507 562 104 71 590 416 608 723 170 361 630 993 839 299 416 243 859 163 235 848 850
458 404 0 812 457 595 841 728 275 440 484 334 443 777 926 663 572 125 953 1190 787 110 36 640 826 287 639 807 949
362 955 812 0 357 503 1124 890 538 401 939 923 383 1010 980 257 1076 929 1007 856 211 808 844 1045 244 806 1108 229 536
34 634 457 357 0 344 904 695 182 92 643 591 54 800 844 244 777 573 874 910 354 453 490 775 399 475 823 378 607
311 524 595 503 344 0 622 389 402 260 476 519 295 508 509 247 606 667 539 606 336 525 629 554 345 421 626 339 359
874 454 841 1124 904 622 0 238 851 814 360 521 851 115 281 868 324 814 283 765 943 732 858 214 940 558 264 940 783
663 414 728 890 695 389 238 0 672 603 313 462 641 123 201 634 372 736 227 607 706 623 753 263 703 446 349 702 561
185 507 275 538 182 402 851 672 0 180 540 453 173 758 848 401 666 392 878 1006 522 280 308 688 563 345 721 543 728
61 562 440 401 92 260 814 603 180 0 561 524 38 708 755 224 697 547 785 846 348 416 475 688 387 407 740 368 555
618 104 484 939 643 476 360 313 540 561 0 164 594 314 505 696 137 456 527 901 804 375 499 158 819 208 182 811 780
573 71 334 923 591 519 521 462 453 524 164 0 550 476 660 701 239 293 683 1023 820 230 345 312 844 117 305 832 859
25 590 443 383 54 295 851 641 173 38 594 550 0 746 792 230 729 554 822 873 349 427 477 723 391 433 773 371 577
769 416 777 1010 800 508 115 123 758 708 314 476 746 0 217 754 324 765 231 685 829 668 798 204 825 490 281 825 676
811 608 926 980 844 509 281 201 848 755 505 660 792 217 0 734 538 936 31 486 779 821 952 420 763 646 498 768 550
224 723 663 257 244 247 868 634 401 224 696 701 230 754 734 0 831 766 763 695 126 631 698 792 163 588 859 144 378
754 170 572 1076 777 606 324 372 666 697 137 239 729 324 538 831 0 518 554 978 937 468 581 120 950 324 70 943 891
571 361 125 929 573 667 814 736 392 547 456 293 554 765 936 766 518 0 961 1244 891 143 103 604 927 293 587 909 1025
841 630 953 1007 874 539 283 227 878 785 527 683 822 231 31 763 554 961 0 488 805 848 979 435 788 672 511 794 569
881 993 1190 856 910 606 765 607 1006 846 901 1023 873 685 486 695 978 1244 488 0 655 1106 1223 869 614 961 954 632 324
340 839 787 211 354 336 943 706 522 348 804 820 349 829 779 126 937 891 805 655 0 756 822 889 49 709 960 27 332
447 299 110 808 453 525 732 623 280 416 375 230 427 668 821 631 468 143 848 1106 756 0 131 532 790 179 534 773 883
492 416 36 844 490 629 858 753 308 475 499 345 477 798 952 698 581 103 979 1223 822 131 0 655 861 309 649 842 984
748 243 640 1045 775 554 214 263 688 688 158 312 723 204 420 792 120 604 435 869 889 532 655 0 896 365 86 891 806
383 859 826 244 399 345 940 703 563 387 819 844 391 825 763 163 950 927 788 614 49 790 861 896 0 734 970 23 293
457 163 287 806 475 421 558 446 345 407 208 117 433 490 646 588 324 293 672 961 709 179 309 365 734 0 383 721 771
797 235 639 1108 823 626 264 349 721 740 182 305 773 281 498 859 70 587 511 954 960 534 649 86 970 383 0 964 889
363 848 807 229 378 339 940 702 543 368 811 832 371 825 768 144 943 909 794 632 27 773 842 891 23 721 964 0 310
581 850 949 536 607 359 783 561 728 555 780 859 577 676 550 378 891 1025 569 324 332 883 984 806 293 771 889 310 0
