12
0 1035 264 832 607 243 329 458 868 762 452 774
1035 0 817 595 439 1125 730 818 376 577 660 444
264 817 0 570 426 311 90 228 729 685 190 513
832 595 570 0 556 785 527 406 792 896 392 177
607 439 426 556 0 735 338 522 312 347 336 392
243 1125 311 785 735 0 401 380 1029 958 473 780
329 730 90 527 338 401 0 250 643 612 136 448
458 818 228 406 522 380 250 0 833 839 187 418
868 376 729 792 312 1029 643 833 0 210 647 615
762 577 685 896 347 958 612 839 210 0 659 725
452 660 190 392 336 473 136 187 647 659 0 323
774 444 513 177 392 780 448 418 615 725 323 0
