25
0 912 732 576 328 428 901 611 970 399 574 81 805 901 661 422 882 1178 690 967 793 1244 64 465 364
912 0 310 375 603 845 58 624 366 542 340 991 773 206 500 604 397 474 225 360 486 508 948 483 832
732 310 0 379 492 815 345 687 623 333 235 811 893 182 593 569 185 771 253 617 201 812 751 268 780
576 375 379 0 249 476 347 308 412 303 155 651 520 459 224 231 561 616 164 408 563 678 623 283 459
328 603 492 249 0 343 584 355 646 213 281 403 582 632 361 149 669 853 378 643 621 919 378 252 297
428 845 815 476 343 0 809 283 734 554 585 456 405 930 396 250 998 929 639 733 961 999 491 594 66
901 58 345 347 584 809 0 578 311 545 336 980 720 259 453 573 447 429 212 304 530 468 940 489 799
611 624 687 308 355 283 578 0 454 535 458 666 231 753 128 209 868 647 456 454 867 716 673 545 310
970 366 623 412 646 734 311 454 0 706 508 1041 500 569 340 562 752 208 396 7 820 276 1023 670 750
399 542 333 303 213 554 545 535 706 0 212 478 766 503 501 347 491 901 340 701 422 959 422 66 504
574 340 235 155 281 585 336 458 508 212 0 654 674 353 378 336 420 696 128 502 410 751 609 165 554
81 991 811 651 403 456 980 666 1041 478 654 0 848 980 725 486 958 1249 769 1038 866 1315 78 544 395
805 773 893 520 582 405 720 231 500 766 674 848 0 934 300 434 1070 644 648 503 1082 709 869 773 458
901 206 182 459 632 930 259 753 569 503 353 980 934 0 641 680 195 675 299 563 302 705 924 438 903
661 500 593 224 361 396 453 128 340 501 378 725 300 641 0 240 770 542 350 340 784 611 719 495 410
422 604 569 231 149 250 573 209 562 347 336 486 434 680 240 0 753 769 392 559 725 837 481 371 229
882 397 185 561 669 998 447 868 752 491 420 958 1070 195 770 753 0 870 423 746 132 900 892 430 961
1178 474 771 616 853 929 429 647 208 901 696 1249 644 675 542 769 870 0 575 211 958 70 1230 860 950
690 225 253 164 378 639 212 456 396 340 128 769 648 299 350 392 423 575 0 391 452 628 729 290 619
967 360 617 408 643 733 304 454 7 701 502 1038 503 563 340 559 746 211 391 0 814 278 1019 665 749
793 486 201 563 621 961 530 867 820 422 410 866 1082 302 784 725 132 958 452 814 0 994 796 370 917
1244 508 812 678 919 999 468 716 276 959 751 1315 709 705 611 837 900 70 628 278 994 0 1296 915 1020
64 948 751 623 378 491 940 673 1023 422 609 78 869 924 719 481 892 1230 729 1019 796 1296 0 487 427
465 483 268 283 252 594 489 545 670 66 165 544 773 438 495 371 430 860 290 665 370 915 487 0 548
364 832 780 459 297 66 799 310 750 504 554 395 458 903 410 229 961 950 619 749 917 1020 427 548 0
