33
0 637 315 374 185 359 535 324 488 273 330 581 232 342 641 136 220 343 26 182 306 195 579 508 595 391 278 117 188 263 432 339 657
637 0 594 474 482 689 236 891 537 377 653 261 695 659 375 737 652 539 619 766 465 629 177 628 202 534 583 526 678 887 221 783 245
315 594 0 134 381 97 393 346 194 384 59 670 540 66 769 444 519 65 326 279 131 129 458 758 654 625 545 261 170 530 470 650 493
374 474 134 0 374 220 262 476 127 340 189 584 575 191 694 510 546 71 377 392 73 231 328 739 560 604 549 284 282 620 384 688 360
185 482 381 374 0 457 437 503 501 105 420 397 232 432 457 257 193 378 161 360 303 305 463 378 415 245 175 128 327 408 265 339 556
359 689 97 220 457 0 481 294 236 473 41 765 590 32 863 476 575 152 375 270 228 165 547 833 751 702 613 332 180 536 567 696 574
535 236 393 262 437 481 0 723 304 346 450 431 668 453 552 660 629 331 525 617 278 462 68 714 386 592 590 420 514 797 267 774 123
324 891 346 476 503 294 723 0 527 572 304 889 509 309 959 359 517 409 350 144 445 264 783 821 894 712 594 393 214 332 715 586 832
488 537 194 127 501 236 304 527 0 464 224 685 697 219 800 622 669 146 493 472 198 319 370 864 654 729 675 406 363 720 488 810 367
273 377 384 340 105 473 346 572 464 0 433 317 330 444 397 360 288 363 252 432 277 342 366 402 325 268 245 180 376 511 162 431 462
330 653 59 189 420 41 450 304 224 433 0 725 560 14 823 452 543 119 345 260 190 135 515 796 711 665 578 295 160 522 527 668 547
581 261 670 584 397 765 431 889 685 317 725 0 549 734 122 639 508 632 557 748 544 653 396 390 61 328 418 496 691 788 202 610 488
232 695 540 575 232 590 668 509 697 330 560 549 0 573 564 152 43 559 216 383 502 426 694 326 585 252 134 292 418 264 475 114 787
342 659 66 191 432 32 453 309 219 444 14 734 573 0 833 464 556 122 358 270 197 148 518 809 720 677 591 308 171 533 536 681 548
641 375 769 694 457 863 552 959 800 397 823 122 564 833 0 675 527 737 615 816 647 739 517 335 175 318 431 571 771 819 312 603 608
136 737 444 510 257 476 660 359 622 360 452 639 152 464 675 0 167 478 138 241 442 319 699 473 664 383 258 243 297 152 521 233 782
220 652 519 546 193 575 629 517 669 288 543 508 43 556 527 167 0 534 200 385 473 410 653 308 543 220 97 265 407 295 432 147 747
343 539 65 71 378 152 331 409 146 363 119 632 559 122 737 478 534 0 351 335 90 176 397 752 612 618 549 270 224 576 431 671 430
26 619 326 377 161 375 525 350 493 252 345 557 216 358 615 138 200 351 0 208 307 211 567 483 573 365 254 107 208 274 411 325 648
182 766 279 392 360 270 617 144 472 432 260 748 383 270 816 241 385 335 208 0 345 162 673 685 755 572 456 253 112 268 580 473 733
306 465 131 73 303 228 278 445 198 277 190 544 502 197 647 442 473 90 307 345 0 186 339 672 526 537 477 211 238 557 343 616 390
195 629 129 231 305 165 462 264 319 342 135 653 426 148 739 319 410 176 211 162 186 0 520 675 649 547 452 178 53 402 466 533 575
579 177 458 328 463 547 68 783 370 366 515 396 694 518 517 699 653 397 567 673 339 520 0 708 345 593 605 462 572 840 258 796 102
508 628 758 739 378 833 714 821 864 402 796 390 326 809 335 473 308 752 483 685 672 675 708 0 447 135 230 502 686 585 451 313 810
595 202 654 560 415 751 386 894 654 325 711 61 585 720 175 664 543 612 573 755 526 649 345 447 0 377 457 503 690 815 186 653 434
391 534 625 604 245 702 592 712 729 268 665 328 252 677 318 383 220 618 365 572 537 547 593 135 377 0 125 371 562 514 337 287 694
278 583 545 549 175 613 590 594 675 245 578 418 134 591 431 258 97 549 254 456 477 452 605 230 457 125 0 285 459 391 367 201 704
117 526 261 284 128 332 420 393 406 180 295 496 292 308 571 243 265 270 107 253 211 178 462 502 503 371 285 0 202 378 329 405 542
188 678 170 282 327 180 514 214 363 376 160 691 418 171 771 297 407 224 208 112 238 53 572 686 690 562 459 202 0 364 508 521 627
263 887 530 620 408 536 797 332 720 511 522 788 264 533 819 152 295 576 274 268 557 402 840 585 815 514 391 378 364 0 672 292 919
432 221 470 384 265 567 267 715 488 162 527 202 475 536 312 521 432 431 411 580 343 466 258 451 186 337 367 329 508 672 0 566 359
339 783 650 688 339 696 774 586 810 431 668 610 114 681 603 233 147 671 325 473 616 533 796 313 653 287 201 405 521 292 566 0 892
657 245 493 360 556 574 123 832 367 462 547 488 787 548 608 782 747 430 648 733 390 575 102 810 434 694 704 542 627 919 359 892 0
