42
0 413 986 659 354 335 280 911 564 472 588 813 906 888 199 365 356 832 444 639 429 377 917 505 834 121 499 411 969 281 397 1038 748 879 561 279 307 262 743 469 49 988
413 0 797 410 749 604 581 1025 151 599 177 840 929 925 489 480 742 584 772 414 629 770 786 464 666 302 394 369 741 258 238 838 867 902 153 281 376 428 934 58 389 725
986 797 0 389 1120 844 884 689 776 647 801 463 474 500 867 671 1094 231 984 386 748 1127 136 492 152 886 488 576 104 716 619 56 641 466 729 712 685 753 797 771 1002 193
659 410 389 0 883 633 651 784 398 494 425 555 625 633 598 443 863 181 806 39 580 896 394 279 266 545 210 291 334 379 264 429 660 601 349 383 400 483 783 383 664 334
354 749 1120 883 0 277 238 799 897 481 925 800 880 853 289 456 30 1028 202 852 385 24 1017 641 974 448 680 593 1135 542 652 1175 663 857 885 527 484 400 585 800 396 1179
335 604 844 633 277 0 62 591 738 206 770 541 627 604 140 192 251 764 179 599 118 283 741 373 700 351 424 346 863 353 439 899 434 603 713 332 255 180 409 644 381 911
280 581 884 651 238 62 0 652 720 259 751 599 686 663 97 218 215 791 191 618 177 249 786 403 737 311 445 360 898 340 437 939 495 661 699 321 257 175 468 625 328 941
911 1025 689 784 799 591 652 0 1105 451 1139 240 217 190 714 575 770 784 600 749 483 791 555 568 627 886 650 657 772 789 789 730 166 224 1063 768 674 669 224 1039 953 858
564 151 776 398 897 738 720 1105 0 705 35 901 985 985 631 594 890 549 910 415 748 918 790 538 663 452 457 460 704 385 327 810 955 958 49 407 495 558 1039 98 539 671
472 599 647 494 481 206 259 451 705 0 739 347 438 419 285 126 454 594 340 456 102 486 538 216 507 436 292 249 675 348 379 702 286 412 669 325 229 219 336 624 511 732
588 177 801 425 925 770 751 1139 35 739 0 934 1017 1018 661 628 918 572 941 444 782 946 818 572 691 478 491 494 726 417 361 832 989 991 79 439 529 591 1073 127 561 689
813 840 463 555 800 541 599 240 901 347 934 0 95 86 631 450 771 544 621 521 424 799 328 377 388 759 449 479 539 630 603 509 186 67 856 612 530 552 343 845 848 622
906 929 474 625 880 627 686 217 985 438 1017 95 0 33 723 543 850 592 694 593 510 877 342 467 428 853 536 572 562 724 692 514 234 29 939 706 625 646 379 932 942 649
888 925 500 633 853 604 663 190 985 419 1018 86 33 0 703 527 823 608 666 600 487 850 366 462 446 839 534 564 585 714 688 541 203 35 940 695 612 630 347 930 925 672
199 489 867 598 289 140 97 714 631 285 661 631 723 703 0 201 273 751 286 568 231 305 780 376 717 215 401 311 869 257 364 922 552 696 612 240 198 117 545 535 244 905
365 480 671 443 456 192 218 575 594 126 628 450 543 527 201 0 433 575 364 408 156 466 580 186 522 314 233 160 680 225 273 726 410 516 562 202 105 103 456 509 399 724
356 742 1094 863 30 251 215 770 890 454 918 771 850 823 273 433 0 1006 173 832 357 34 991 618 949 443 659 573 1111 528 636 1150 633 828 876 513 465 382 556 793 399 1156
832 584 231 181 1028 764 791 784 549 594 572 544 592 608 751 575 1006 0 927 195 691 1039 285 392 166 721 350 441 157 552 441 261 690 574 502 554 554 634 833 552 840 157
444 772 984 806 202 179 191 600 910 340 941 621 694 666 286 364 173 927 0 771 239 192 870 537 847 496 596 522 1014 527 617 1039 470 674 887 507 433 356 384 815 492 1069
639 414 386 39 852 599 618 749 415 456 444 521 593 600 568 408 832 195 771 0 543 865 378 241 254 527 175 259 341 359 247 429 622 569 367 361 370 453 745 392 646 351
429 629 748 580 385 118 177 483 748 102 782 424 510 487 231 156 357 691 239 543 0 388 638 304 608 419 372 311 776 371 429 803 323 486 717 348 254 209 323 661 472 831
377 770 1127 896 24 283 249 791 918 486 946 799 877 850 305 466 34 1039 192 865 388 0 1022 651 982 470 692 606 1144 560 668 1182 658 855 905 544 498 415 575 821 420 1189
917 786 136 394 1017 741 786 555 790 538 818 328 342 366 780 580 991 285 870 378 638 1022 0 413 130 827 431 510 221 663 580 183 507 332 742 654 611 671 663 768 939 310
505 464 492 279 641 373 403 568 538 216 572 377 467 462 376 186 618 392 537 241 304 651 413 0 341 420 85 108 496 266 227 546 419 439 496 253 199 262 521 473 529 539
834 666 152 266 974 700 737 627 663 507 691 388 428 446 717 522 949 166 847 254 608 982 130 341 0 735 337 424 170 567 473 206 547 411 615 561 533 602 697 645 851 242
121 302 886 545 448 351 311 886 452 436 478 759 853 839 215 314 443 721 496 527 419 470 827 420 735 0 400 317 862 170 281 936 720 825 445 175 231 218 741 356 120 877
499 394 488 210 680 424 445 650 457 292 491 449 536 534 401 233 659 350 596 175 372 692 431 85 337 400 0 92 474 233 161 539 503 509 414 225 206 284 605 397 515 504
411 369 576 291 593 346 360 657 460 249 494 479 572 564 311 160 573 441 522 259 311 606 510 108 424 317 92 0 565 159 135 628 500 543 422 146 114 194 580 385 430 595
969 741 104 334 1135 863 898 772 704 675 726 539 562 585 869 680 1111 157 1014 341 776 1144 221 496 170 862 474 565 0 692 586 111 708 550 658 691 678 753 861 709 981 91
281 258 716 379 542 353 340 789 385 348 417 630 724 714 257 225 528 552 527 359 371 560 663 266 567 170 233 159 692 0 118 767 626 695 361 24 120 174 680 293 289 709
397 238 619 264 652 439 437 789 327 379 361 603 692 688 364 273 636 441 617 247 429 668 580 227 473 281 161 135 586 118 0 667 633 665 291 128 185 263 713 251 400 596
1038 838 56 429 1175 899 939 730 810 702 832 509 514 541 922 726 1150 261 1039 429 803 1182 183 546 206 936 539 628 111 767 667 0 689 507 763 762 738 807 846 809 1053 186
748 867 641 660 663 434 495 166 955 286 989 186 234 203 552 410 633 690 470 622 323 658 507 419 547 720 503 500 708 626 633 689 0 219 914 605 510 503 158 884 789 787
879 902 466 601 857 603 661 224 958 412 991 67 29 35 696 516 828 574 674 569 486 855 332 439 411 825 509 543 550 695 665 507 219 0 912 678 597 619 369 905 914 637
561 153 729 349 885 713 699 1063 49 669 79 856 939 940 612 562 876 502 887 367 717 905 742 496 615 445 414 422 658 361 291 763 914 912 0 382 466 533 1002 96 539 626
279 281 712 383 527 332 321 768 407 325 439 612 706 695 240 202 513 554 507 361 348 544 654 253 561 175 225 146 691 24 128 762 605 678 382 0 97 152 658 316 291 710
307 376 685 400 484 255 257 674 495 229 529 530 625 612 198 105 465 554 433 370 254 498 611 199 533 231 206 114 678 120 185 738 510 597 466 97 0 84 561 407 332 709
262 428 753 483 400 180 175 669 558 219 591 552 646 630 117 103 382 634 356 453 209 415 671 262 602 218 284 194 753 174 263 807 503 619 533 152 84 0 530 466 296 788
743 934 797 783 585 409 468 224 1039 336 1073 343 379 347 545 456 556 833 384 745 323 575 663 521 697 741 605 580 861 680 713 846 158 369 1002 658 561 530 0 959 789 938
469 58 771 383 800 644 625 1039 98 624 127 845 932 930 535 509 793 552 815 392 661 821 768 473 645 356 397 385 709 293 251 809 884 905 96 316 407 466 959 0 446 687
49 389 1002 664 396 381 328 953 539 511 561 848 942 925 244 399 399 840 492 646 472 420 939 529 851 120 515 430 981 289 400 1053 789 914 539 291 332 296 789 446 0 996
988 725 193 334 1179 911 941 858 671 732 689 622 649 672 905 724 1156 157 1069 351 831 1189 310 539 242 877 504 595 91 709 596 186 787 637 626 710 709 788 938 687 996 0
