32
0 108 200 887 565 568 309 127 521 642 679 344 484 739 679 789 240 37 885 110 312 150 576 346 796 680 466 328 873 299 183 791
108 0 272 915 671 664 202 125 554 736 740 265 517 665 634 716 135 94 906 217 268 90 611 272 811 703 573 221 908 353 78 803
200 272 0 1041 529 593 441 326 679 674 792 533 644 932 878 983 364 236 1046 153 291 240 729 374 966 844 427 470 1020 447 347 963
887 915 1041 0 851 675 1009 792 367 643 332 808 403 805 573 817 1001 862 54 889 1182 1003 313 1177 148 214 853 992 62 596 916 165
565 671 529 851 0 179 872 612 601 235 521 838 587 1164 1007 1209 805 580 882 463 814 703 615 884 853 734 103 887 803 475 740 860
568 664 593 675 179 0 855 576 453 82 344 778 446 1061 882 1101 798 571 707 485 856 716 457 909 685 570 213 864 625 385 721 693
309 202 441 1009 872 855 0 283 670 923 888 219 635 569 611 618 78 292 990 417 282 202 727 211 886 796 774 36 1013 511 134 875
127 125 326 792 612 576 283 0 430 643 621 239 393 622 553 672 238 91 784 210 391 212 487 394 690 580 521 288 784 235 152 684
521 554 679 367 601 453 670 430 0 466 250 495 37 649 443 682 651 496 368 526 819 641 58 821 292 167 567 660 355 233 563 292
642 736 674 643 235 82 923 643 466 0 313 834 466 1096 906 1134 869 644 680 564 934 791 460 985 671 564 288 930 590 438 790 680
679 740 792 332 521 344 888 621 250 313 0 733 273 890 672 920 856 664 367 647 991 819 210 1012 364 273 532 883 282 388 768 376
344 265 533 808 838 778 219 239 495 834 733 0 464 401 397 451 248 310 785 444 474 331 549 423 678 599 752 194 819 397 201 666
484 517 644 403 587 446 635 393 37 466 273 464 0 638 440 673 615 459 403 492 782 604 94 784 324 200 548 626 392 198 527 323
739 665 932 805 1164 1061 569 622 649 1096 890 401 638 0 233 51 626 704 761 832 849 726 680 776 658 652 1093 534 843 690 598 641
679 634 878 573 1007 882 611 553 443 906 672 397 440 233 0 252 644 643 530 751 870 714 465 819 425 422 949 581 610 541 587 409
789 716 983 817 1209 1101 618 672 682 1134 920 451 673 51 252 0 676 754 771 882 899 777 711 824 671 674 1139 583 858 734 649 654
240 135 364 1001 805 798 78 238 651 869 856 248 615 626 644 676 0 229 986 346 228 125 708 182 885 787 706 108 1001 472 89 875
37 94 236 862 580 571 292 91 496 644 664 310 459 704 643 754 229 0 858 137 328 157 551 352 768 653 483 308 850 279 161 762
885 906 1046 54 882 707 990 784 368 680 367 785 403 761 530 771 986 858 0 893 1174 995 318 1164 110 205 878 972 114 599 902 125
110 217 153 889 463 485 417 210 526 564 647 444 492 832 751 882 346 137 893 0 371 241 576 427 814 691 363 437 868 294 293 811
312 268 291 1182 814 856 282 391 819 934 991 474 782 849 870 899 228 328 1174 371 0 179 876 103 1078 970 712 317 1174 607 288 1071
150 90 240 1003 703 716 202 212 641 791 819 331 604 726 714 777 125 157 995 241 179 0 697 197 900 791 602 231 995 433 131 893
576 611 729 313 615 457 727 487 58 460 210 549 94 680 465 711 708 551 318 576 876 697 0 878 253 126 590 716 299 283 620 255
346 272 374 1177 884 909 211 394 821 985 1012 423 784 776 819 824 182 352 1164 427 103 197 878 0 1064 963 781 244 1174 625 262 1055
796 811 966 148 853 685 886 690 292 671 364 678 324 658 425 671 885 768 110 814 1078 900 253 1064 0 127 838 867 189 522 802 18
680 703 844 214 734 570 796 580 167 564 273 599 200 652 422 674 787 653 205 691 970 791 126 963 127 0 714 780 221 398 702 130
466 573 427 853 103 213 774 521 567 288 532 752 548 1093 949 1139 706 483 878 363 712 602 590 781 838 714 0 790 810 410 644 842
328 221 470 992 887 864 36 288 660 930 883 194 626 534 581 583 108 308 972 437 317 231 716 244 867 780 790 0 999 511 147 856
873 908 1020 62 803 625 1013 784 355 590 282 819 392 843 610 858 1001 850 114 868 1174 995 299 1174 189 221 810 999 0 578 914 206
299 353 447 596 475 385 511 235 233 438 388 397 198 690 541 734 472 279 599 294 607 433 283 625 522 398 410 511 578 0 385 520
183 78 347 916 740 721 134 152 563 790 768 201 527 598 587 649 89 161 902 293 288 131 620 262 802 702 644 147 914 385 0 793
791 803 963 165 860 693 875 684 292 680 376 666 323 641 409 654 875 762 125 811 1071 893 255 1055 18 130 842 856 206 520 793 0
