17
0 694 806 929 547 777 584 740 794 935 940 511 915 549 743 261 539
694 0 392 921 166 208 609 984 106 247 255 636 266 236 291 440 173
806 392 0 581 485 197 391 746 436 510 395 465 594 291 104 623 488
929 921 581 0 941 766 374 336 993 1086 976 424 1161 714 655 905 940
547 166 485 941 0 338 592 946 253 391 419 595 371 230 383 287 9
777 208 197 766 338 0 512 888 240 321 227 565 399 230 112 550 343
584 609 391 374 592 512 0 379 700 818 738 90 870 378 408 532 589
740 984 746 336 946 888 379 0 1077 1197 1114 352 1247 750 782 809 942
794 106 436 993 253 240 700 1077 0 143 181 732 172 335 344 537 261
935 247 510 1086 391 321 818 1197 143 0 137 859 112 468 433 676 399
940 255 395 976 419 227 738 1114 181 137 0 789 247 424 334 691 427
511 636 465 424 595 565 90 352 732 859 789 0 901 401 468 491 591
915 266 594 1161 371 399 870 1247 172 112 247 901 0 502 508 655 379
549 236 291 714 230 230 378 750 335 468 424 401 502 0 205 337 229
743 291 104 655 383 112 408 782 344 433 334 468 508 205 0 541 386
261 440 623 905 287 550 532 809 537 676 691 491 655 337 541 0 279
539 173 488 940 9 343 589 942 261 399 427 591 379 229 386 279 0
