23
0 832 792 242 682 494 845 979 339 177 931 381 659 50 214 334 442 413 524 435 95 534 207
832 0 289 850 314 365 50 320 813 669 457 452 788 804 771 797 525 704 657 532 883 334 746
792 289 0 727 111 458 338 608 889 666 733 467 964 780 807 873 376 813 807 384 867 272 779
242 850 727 0 620 579 876 1064 573 335 1057 449 874 282 443 565 351 625 723 344 330 518 428
682 314 111 620 0 381 359 623 793 560 722 369 894 672 705 777 269 725 730 277 758 172 676
494 365 458 579 381 0 365 492 455 320 483 131 514 458 407 438 367 360 351 368 531 225 382
845 50 338 876 359 365 0 271 806 678 410 464 761 815 771 790 559 692 637 565 891 364 747
979 320 608 1064 623 492 271 0 844 804 194 619 688 940 852 830 786 712 620 791 1003 590 833
339 813 889 573 793 455 806 844 0 280 735 424 337 293 132 17 637 136 250 633 280 621 152
177 669 666 335 560 320 678 804 280 0 758 218 544 139 159 267 365 296 388 359 215 396 132
931 457 733 1057 722 483 410 194 735 758 0 612 524 886 770 723 830 600 491 833 936 644 757
381 452 467 449 369 131 464 619 424 218 612 0 569 352 342 408 267 366 398 266 432 198 314
659 788 964 874 894 514 761 688 337 544 524 569 0 610 446 335 832 250 172 830 613 736 453
50 804 780 282 672 458 815 940 293 139 886 352 610 0 166 287 444 364 475 437 87 517 158
214 771 807 443 705 407 771 852 132 159 770 342 446 166 0 123 523 205 321 518 176 536 29
334 797 873 565 777 438 790 830 17 267 723 408 335 287 123 0 623 124 241 618 279 605 142
442 525 376 351 269 367 559 786 637 365 830 267 832 444 523 623 0 613 661 9 529 198 496
413 704 813 625 725 360 692 712 136 296 600 366 250 364 205 124 613 0 120 609 379 556 207
524 657 807 723 730 351 637 620 250 388 491 398 172 475 321 241 661 120 0 659 496 569 320
435 532 384 344 277 368 565 791 633 359 833 266 830 437 518 618 9 609 659 0 522 204 490
95 883 867 330 758 531 891 1003 280 215 936 432 613 87 176 279 529 379 496 522 0 602 182
534 334 272 518 172 225 364 590 621 396 644 198 736 517 536 605 198 556 569 204 602 0 507
207 746 779 428 676 382 747 833 152 132 757 314 453 158 29 142 496 207 320 490 182 507 0
