36
0 309 353 600 618 808 585 1029 998 866 497 465 759 923 146 272 868 443 771 369 717 948 382 308 818 655 736 1014 874 470 903 44 804 1047 876 756
309 0 548 423 404 616 410 973 703 563 188 489 523 638 205 473 716 175 625 72 503 651 224 80 802 637 428 725 578 440 662 351 755 767 692 453
353 548 0 583 641 761 914 796 1102 1010 705 278 779 1008 480 83 759 588 672 619 716 1063 453 495 571 440 926 1100 991 344 911 348 591 1110 807 909
600 423 583 0 79 209 788 585 544 495 396 334 197 442 581 554 294 269 205 449 133 515 224 353 468 343 491 531 451 252 330 638 395 532 280 424
618 404 641 79 0 212 744 646 472 417 345 404 144 372 581 605 328 236 252 418 102 440 237 345 542 421 417 463 375 321 288 659 466 470 289 347
808 616 761 209 212 0 946 505 477 494 546 490 150 374 786 744 145 448 130 630 120 468 431 553 473 416 559 443 428 418 182 846 386 416 78 467
585 410 914 788 744 946 0 1366 826 662 400 898 816 811 441 832 1071 521 991 355 826 772 626 489 1207 1045 493 871 719 849 926 612 1155 935 1023 582
1029 973 796 585 646 505 1366 0 967 999 980 566 651 870 1076 832 362 846 401 1015 600 967 750 894 226 375 1051 925 931 564 659 1052 226 880 458 965
998 703 1102 544 472 477 826 967 0 164 528 875 360 105 907 1056 608 556 603 666 431 56 659 690 948 866 335 58 125 792 308 1041 861 131 510 261
866 563 1010 495 417 494 662 999 164 0 380 809 351 172 764 955 638 435 608 519 412 110 557 562 942 835 171 210 77 726 365 909 859 278 548 111
497 188 705 396 345 546 400 980 528 380 0 583 421 476 386 636 672 145 595 139 427 474 287 212 843 691 240 557 404 515 543 539 780 606 624 271
465 489 278 334 404 490 898 566 875 809 583 0 529 774 532 283 482 442 395 551 461 843 297 412 353 192 764 864 776 84 651 486 344 864 531 722
759 523 779 197 144 150 816 651 360 351 421 529 0 256 711 746 295 348 258 523 71 341 379 473 596 506 409 340 289 448 145 800 511 335 218 317
923 638 1008 442 372 374 811 870 105 172 476 774 256 0 842 965 509 481 500 610 326 99 571 617 844 761 323 94 98 691 213 966 757 131 412 230
146 205 480 581 581 786 441 1076 907 764 386 532 711 842 0 398 868 370 772 248 682 855 359 239 879 711 621 930 782 513 854 179 850 970 859 655
272 473 83 554 605 744 832 832 1056 955 636 283 746 965 398 0 758 526 667 544 687 1015 399 424 609 464 863 1058 941 332 884 270 617 1073 796 852
868 716 759 294 328 145 1071 362 608 638 672 482 295 509 868 758 0 559 98 740 255 605 510 646 365 355 702 569 569 427 302 902 278 531 100 612
443 175 588 269 236 448 521 846 556 435 145 442 348 481 370 526 559 0 473 183 332 508 147 136 700 547 339 572 434 371 488 486 641 606 525 328
771 625 672 205 252 130 991 401 603 608 595 395 258 500 772 667 98 473 0 653 200 592 415 553 345 293 650 572 546 335 311 805 258 546 141 566
369 72 619 449 418 630 355 1015 666 519 139 551 523 610 248 544 740 183 653 0 513 613 272 140 853 691 373 693 542 497 656 410 802 740 707 410
717 503 716 133 102 120 826 600 431 412 427 461 71 326 682 687 255 332 200 513 0 410 336 446 530 436 452 411 356 381 197 757 447 404 197 367
948 651 1063 515 440 468 772 967 56 110 474 843 341 99 855 1015 605 508 592 613 410 0 616 641 935 845 280 103 75 760 311 992 849 174 510 206
382 224 453 224 237 431 626 750 659 557 287 297 379 571 359 399 510 147 415 272 336 616 0 145 582 420 481 664 543 232 523 422 533 685 503 457
308 80 495 353 345 553 489 894 690 562 212 412 473 617 239 424 646 136 553 140 446 641 145 0 722 557 446 707 567 361 616 351 676 742 628 453
818 802 571 468 542 473 1207 226 948 942 843 353 596 844 879 609 365 700 345 853 530 935 582 722 0 168 958 916 885 368 653 838 89 887 460 886
655 637 440 343 421 416 1045 375 866 835 691 192 506 761 711 464 355 547 293 691 436 845 420 557 168 0 829 843 787 201 596 677 154 826 431 766
736 428 926 491 417 559 493 1051 335 171 240 764 409 323 621 863 702 339 650 373 452 280 481 446 958 829 0 379 228 686 476 779 882 443 626 101
1014 725 1100 531 463 443 871 925 58 210 557 864 340 94 930 1058 569 572 572 693 411 103 664 707 916 843 379 0 156 782 268 1057 828 74 470 297
874 578 991 451 375 428 719 931 125 77 404 776 289 98 782 941 569 434 546 542 356 75 543 567 885 787 228 156 0 692 290 918 800 216 478 142
470 440 344 252 321 418 849 564 792 726 515 84 448 691 513 332 427 371 335 497 381 760 232 361 368 201 686 782 692 0 573 497 339 782 466 640
903 662 911 330 288 182 926 659 308 365 543 651 145 213 854 884 302 488 311 656 197 311 523 616 653 596 476 268 290 573 0 944 565 235 203 376
44 351 348 638 659 846 612 1052 1041 909 539 486 800 966 179 270 902 486 805 410 757 992 422 351 838 677 779 1057 918 497 944 0 828 1090 913 800
804 755 591 395 466 386 1155 226 861 859 780 344 511 757 850 617 278 641 258 802 447 849 533 676 89 154 882 828 800 339 565 828 0 799 372 807
1047 767 1110 532 470 416 935 880 131 278 606 864 335 131 970 1073 531 606 546 740 404 174 685 742 887 826 443 74 216 782 235 1090 799 0 432 356
876 692 807 280 289 78 1023 458 510 548 624 531 218 412 859 796 100 525 141 707 197 510 503 628 460 431 626 470 478 466 203 913 372 432 0 532
756 453 909 424 347 467 582 965 261 111 271 722 317 230 655 852 612 328 566 410 367 206 457 453 886 766 101 297 142 640 376 800 807 356 532 0
