41
0 403 230 265 173 635 111 723 523 722 474 515 66 600 764 311 231 371 133 591 681 159 704 21 170 166 400 203 565 420 829 400 880 636 921 718 446 998 574 653 803
403 0 281 533 295 273 510 559 414 668 606 257 424 421 444 239 576 327 367 401 352 269 302 397 272 370 401 459 253 256 431 170 539 235 529 430 282 701 182 721 401
230 281 0 254 273 553 332 496 297 519 349 296 287 370 717 349 460 146 119 361 625 226 556 214 73 104 193 401 357 438 659 195 666 503 739 692 218 772 460 499 651
265 533 254 0 419 802 289 605 420 538 233 513 324 518 958 541 445 305 182 519 868 386 808 248 270 167 279 463 584 645 904 438 873 757 978 926 414 942 713 418 901
173 295 273 419 0 484 252 747 557 790 596 485 155 611 598 139 283 412 246 597 519 48 586 182 202 274 465 166 515 248 723 365 823 511 823 549 448 968 442 763 685
635 273 553 802 484 0 732 748 649 894 876 459 636 624 183 360 754 591 629 603 97 480 205 635 535 636 665 620 412 280 341 422 571 146 446 198 524 765 114 978 270
111 510 332 289 252 732 0 815 615 795 518 622 97 698 850 389 158 466 220 690 770 253 811 122 278 249 484 200 675 497 938 509 989 742 1031 799 549 1103 678 702 911
723 559 496 605 747 748 815 0 201 198 448 304 782 141 927 769 954 352 596 159 844 701 602 705 566 567 336 893 337 812 592 403 394 615 601 942 301 367 636 390 643
523 414 297 420 557 649 615 201 0 255 313 196 583 101 831 596 754 153 396 108 741 510 550 505 368 366 142 697 264 654 591 244 478 537 633 832 132 523 535 343 619
722 668 519 538 790 894 795 198 255 0 329 435 786 274 1076 844 947 380 589 296 988 743 772 702 591 556 327 913 490 907 780 498 591 772 796 1081 386 546 780 210 824
474 606 349 233 596 876 518 448 313 329 0 480 538 409 1050 695 675 289 354 419 957 555 826 454 405 324 219 676 555 786 890 459 789 795 941 1033 381 811 771 185 907
515 257 296 513 485 459 622 304 196 435 480 0 562 169 641 479 734 211 415 148 554 443 356 501 345 396 266 646 76 512 411 122 371 342 471 648 103 487 346 537 429
66 424 287 324 155 636 97 782 583 786 538 562 0 656 753 293 174 431 197 647 674 160 723 86 221 230 463 140 607 400 854 444 922 652 949 702 500 1048 586 718 823
600 421 370 518 611 624 698 141 101 274 409 169 656 0 806 629 829 233 478 22 720 566 499 582 437 451 240 761 216 673 518 263 381 499 550 816 163 424 511 412 555
764 444 717 958 598 183 850 927 831 1076 1050 641 753 806 0 461 842 768 780 784 93 606 351 768 689 792 842 706 592 357 455 602 715 315 547 75 705 912 296 1158 376
311 239 349 541 139 360 389 769 596 844 695 479 293 629 461 0 395 467 361 612 385 158 492 318 291 383 532 261 489 110 635 368 775 413 739 410 472 939 339 847 586
231 576 460 445 283 754 158 954 754 947 675 734 174 829 842 395 0 602 361 820 774 309 868 250 395 393 629 137 777 488 1005 615 1091 793 1104 782 673 1220 722 859 966
371 327 146 305 412 591 466 352 153 380 289 211 431 233 768 467 602 0 246 228 675 365 541 353 217 219 75 546 286 539 617 171 569 507 681 756 110 650 484 397 626
133 367 119 182 246 629 220 596 396 589 354 415 197 478 780 361 361 246 0 472 691 208 659 113 96 34 268 330 475 464 770 312 785 600 853 745 333 888 548 528 756
591 401 361 519 597 603 690 159 108 296 419 148 647 22 784 612 820 228 472 0 698 552 478 574 426 446 242 749 195 654 499 245 370 478 533 794 150 424 489 430 535
681 352 625 868 519 97 770 844 741 988 957 554 674 720 93 385 774 675 691 698 0 523 289 684 599 702 750 638 508 287 412 510 657 239 512 103 614 853 209 1066 335
159 269 226 386 48 480 253 701 510 743 555 443 160 566 606 158 309 365 208 552 523 0 566 163 156 234 419 204 477 265 699 322 787 493 797 561 403 927 427 718 665
704 302 556 808 586 205 811 602 550 772 826 356 723 499 351 492 868 541 659 478 289 566 0 699 565 656 608 743 287 444 146 376 369 80 253 390 447 565 155 893 100
21 397 214 248 182 635 122 705 505 702 454 501 86 582 768 318 250 353 113 574 684 163 699 0 156 146 381 223 553 427 822 387 868 632 913 724 430 983 571 633 798
170 272 73 270 202 535 278 566 368 591 405 345 221 437 689 291 395 217 96 426 599 156 565 156 0 103 265 329 398 387 679 232 712 505 766 657 279 829 453 564 662
166 370 104 167 274 636 249 567 366 556 324 396 230 451 792 383 393 219 34 446 702 234 656 146 103 0 237 363 460 484 762 299 767 599 843 760 311 864 551 496 751
400 401 193 279 465 665 484 336 142 327 219 266 463 240 842 532 629 75 268 242 750 419 608 381 265 237 0 587 341 609 676 244 603 578 734 830 165 663 557 323 690
203 459 401 463 166 620 200 893 697 913 676 646 140 761 706 261 137 546 330 749 638 204 743 223 329 363 587 0 679 352 883 525 988 666 984 646 599 1131 594 855 840
565 253 357 584 515 412 675 337 264 490 555 76 607 216 592 489 777 286 475 195 508 477 287 553 398 460 341 679 0 505 335 166 316 284 396 606 178 454 300 607 356
420 256 438 645 248 280 497 812 654 907 786 512 400 673 357 110 488 539 464 654 287 265 444 427 387 484 609 352 505 0 590 414 764 365 696 303 525 940 291 930 531
829 431 659 904 723 341 938 592 591 780 890 411 854 518 455 635 1005 617 770 499 412 699 146 822 679 762 676 883 335 590 0 468 274 225 107 508 512 468 300 928 80
400 170 195 438 365 422 509 403 244 498 459 122 444 263 602 368 615 171 312 245 510 322 376 387 232 299 244 525 166 414 468 0 481 337 545 595 113 607 314 557 466
880 539 666 873 823 571 989 394 478 591 789 371 922 381 715 775 1091 569 785 370 657 787 369 868 712 767 603 988 316 764 274 481 0 429 232 759 462 198 490 775 349
636 235 503 757 511 146 742 615 537 772 795 342 652 499 315 413 793 507 600 478 239 493 80 632 505 599 578 666 284 365 225 337 429 0 332 341 423 621 76 876 175
921 529 739 978 823 446 1031 601 633 796 941 471 949 550 547 739 1104 681 853 533 512 797 253 913 766 843 734 984 396 696 107 545 232 332 0 605 573 410 407 961 178
718 430 692 926 549 198 799 942 832 1081 1033 648 702 816 75 410 782 756 745 794 103 561 390 724 657 760 830 646 606 303 508 595 759 341 605 0 703 955 307 1150 430
446 282 218 414 448 524 549 301 132 386 381 103 500 163 705 472 673 110 333 150 614 403 447 430 279 311 165 599 178 525 512 113 462 423 573 703 0 555 412 456 526
998 701 772 942 968 765 1103 367 523 546 811 487 1048 424 912 939 1220 650 888 424 853 927 565 983 829 864 663 1131 454 940 468 607 198 621 410 955 555 0 678 751 545
574 182 460 713 442 114 678 636 535 780 771 346 586 511 296 339 722 484 548 489 209 427 155 571 453 551 557 594 300 291 300 314 490 76 407 307 412 678 0 867 248
653 721 499 418 763 978 702 390 343 210 185 537 718 412 1158 847 859 397 528 430 1066 718 893 633 564 496 323 855 607 930 928 557 775 876 961 1150 456 751 867 0 960
803 401 651 901 685 270 911 643 619 824 907 429 823 555 376 586 966 626 756 535 335 665 100 798 662 751 690 840 356 531 80 466 349 175 178 430 526 545 248 960 0
