47
0 549 667 411 1146 643 680 833 526 338 260 679 1060 253 289 336 388 313 723 612 115 523 602 751 856 973 862 780 255 619 597 275 559 251 856 688 588 209 957 688 947 83 966 853 606 456 447
549 0 892 494 922 153 132 693 540 302 366 603 841 542 300 612 471 680 628 251 530 556 794 331 726 706 473 625 295 305 87 502 459 621 574 586 792 424 608 945 617 479 421 531 687 793 631
667 892 0 400 781 862 993 516 371 606 853 419 718 436 641 342 424 358 441 733 560 351 99 819 511 729 828 519 733 687 870 929 479 416 694 450 101 557 825 65 795 716 1172 742 241 232 267
411 494 400 0 740 480 600 425 115 211 503 269 655 180 257 172 30 269 313 368 302 114 303 485 446 584 547 375 362 337 478 613 174 250 484 281 299 219 605 452 586 418 810 501 226 328 140
1146 922 781 740 0 783 923 317 629 846 1162 473 87 917 911 876 761 965 430 674 1040 637 735 610 301 218 484 367 1015 625 842 1298 590 974 348 460 751 940 354 837 329 1137 883 396 614 931 766
643 153 862 480 783 0 152 581 493 336 500 518 706 576 363 628 465 710 535 141 600 512 764 181 614 566 322 516 399 198 67 641 393 661 437 495 764 480 459 920 470 584 340 389 637 803 618
680 132 993 600 923 152 0 732 630 423 485 667 849 666 429 731 581 804 685 290 661 647 894 314 765 706 447 667 426 348 124 614 536 748 581 645 894 553 586 1049 602 609 296 528 775 911 739
833 693 516 425 317 581 732 0 313 552 874 157 235 601 616 561 447 651 113 447 726 321 449 445 34 213 381 68 725 390 626 1004 287 658 211 146 464 631 327 579 295 831 792 273 312 629 453
526 540 371 115 629 493 630 313 0 295 606 156 545 289 351 256 141 352 200 363 416 20 273 455 333 484 489 268 460 317 507 722 112 349 397 172 276 331 524 431 502 532 803 425 147 370 168
338 302 606 211 846 336 423 552 295 0 323 415 760 244 65 310 184 381 454 277 271 304 512 416 581 655 524 489 173 281 311 453 267 327 530 412 506 147 624 655 616 304 675 521 431 492 340
260 366 853 503 1162 500 485 874 606 323 0 737 1076 420 260 514 474 530 776 526 317 612 772 652 903 962 786 810 150 557 439 144 589 462 832 735 761 299 906 888 905 179 781 810 728 674 597
679 603 419 269 473 518 667 157 156 415 737 0 390 445 477 406 292 498 44 378 570 164 335 425 178 341 412 119 588 321 550 861 153 502 279 32 346 479 410 483 383 680 785 323 185 490 302
1060 841 718 655 87 706 849 235 545 760 1076 390 0 833 824 795 675 885 347 593 955 554 666 536 222 146 418 281 928 542 763 1212 503 892 269 375 682 854 296 777 267 1051 827 322 539 857 686
253 542 436 180 917 576 666 601 289 244 420 445 833 0 246 95 166 139 489 493 138 282 359 625 620 764 707 554 312 478 554 497 350 86 660 459 347 131 777 469 761 285 916 673 354 265 196
289 300 641 257 911 363 429 616 351 65 260 477 824 246 0 325 228 383 517 324 238 359 550 463 645 719 578 554 111 336 327 389 331 322 593 476 543 124 683 686 676 245 697 581 481 506 375
336 612 342 172 876 628 731 561 256 310 514 406 795 95 325 0 173 98 449 529 224 244 268 653 576 740 718 522 402 504 614 589 342 102 649 426 255 221 773 375 753 376 965 670 284 182 119
388 471 424 30 761 465 581 447 141 184 474 292 675 166 228 173 0 267 336 358 280 142 328 480 469 600 549 395 333 331 460 585 185 242 495 302 324 191 613 475 596 392 798 509 255 339 160
313 680 358 269 965 710 804 651 352 381 530 498 885 139 383 98 267 0 540 619 216 338 307 746 664 835 815 615 441 597 691 583 439 69 746 519 290 264 870 376 850 371 1049 767 360 146 200
723 628 441 313 430 535 685 113 200 454 776 44 347 489 517 449 336 540 0 395 614 208 362 427 134 304 400 82 627 337 571 902 188 545 254 44 374 522 385 505 355 723 786 305 215 527 343
612 251 733 368 674 141 290 447 363 277 526 378 593 493 324 529 358 619 395 0 546 382 635 140 480 460 261 381 396 59 180 670 257 579 327 355 637 422 381 793 384 567 445 292 502 695 501
115 530 560 302 1040 600 661 726 416 271 317 570 955 138 238 224 280 216 614 546 0 412 491 684 747 874 785 674 252 545 564 371 458 149 762 581 477 125 871 585 858 157 934 766 491 361 333
523 556 351 114 637 512 647 321 20 304 612 164 554 282 359 244 142 338 208 382 412 0 254 475 339 497 508 279 468 337 524 725 132 339 413 182 256 332 541 412 518 532 823 442 132 352 151
602 794 99 303 735 764 894 449 273 512 772 335 666 359 550 268 328 307 362 635 491 254 0 724 449 660 739 443 645 589 771 856 382 355 613 366 19 473 745 159 716 643 1075 657 151 211 177
751 331 819 485 610 181 314 445 455 416 652 425 536 625 463 653 480 746 427 140 684 475 724 0 477 392 142 386 530 149 246 796 344 710 270 396 729 560 278 882 290 704 361 215 580 810 610
856 726 511 446 301 614 765 34 333 581 903 178 222 620 645 576 469 664 134 480 747 339 449 477 0 223 409 101 754 423 660 1032 315 674 237 171 464 655 348 572 315 856 822 301 317 635 465
973 706 729 584 218 566 706 213 484 655 962 341 146 764 719 740 600 835 304 460 874 497 660 392 223 0 272 224 818 414 625 1102 417 831 134 317 674 764 157 792 125 955 684 178 517 831 642
862 473 828 547 484 322 447 381 489 524 786 412 418 707 578 718 549 815 400 261 785 508 739 142 409 272 0 337 656 243 387 929 382 789 174 380 748 662 139 892 156 823 420 110 589 857 655
780 625 519 375 367 516 667 68 268 489 810 119 281 554 554 522 395 615 82 381 674 279 443 386 101 224 337 0 661 323 560 942 226 616 179 97 456 575 307 583 277 773 739 235 296 608 420
255 295 733 362 1015 399 426 725 460 173 150 588 928 312 111 402 333 441 627 396 252 468 645 530 754 818 656 661 0 420 347 284 440 374 689 585 637 181 770 773 766 187 713 671 588 576 470
619 305 687 337 625 198 348 390 317 281 557 321 542 478 336 504 331 597 337 59 545 337 589 149 423 414 243 323 420 0 237 700 208 562 281 298 593 421 350 748 348 581 486 254 453 663 465
597 87 870 478 842 67 124 626 507 311 439 550 763 554 327 614 460 691 571 180 564 524 771 246 660 625 387 560 347 237 0 579 415 638 495 530 771 448 523 926 533 534 372 450 653 793 617
275 502 929 613 1298 641 614 1004 722 453 144 861 1212 497 389 589 585 583 902 670 371 725 856 796 1032 1102 929 942 284 700 579 0 718 518 972 862 843 397 1049 956 1047 214 909 952 832 728 688
559 459 479 174 590 393 536 287 112 267 589 153 503 350 331 342 185 439 188 257 458 132 382 344 315 417 382 226 440 208 415 718 0 423 311 146 387 352 432 541 413 548 694 328 245 476 274
251 621 416 250 974 661 748 658 349 327 462 502 892 86 322 102 242 69 545 579 149 339 355 710 674 831 789 616 374 562 638 518 423 0 733 520 340 201 854 439 836 305 1001 750 385 213 220
856 574 694 484 348 437 581 211 397 530 832 279 269 660 593 649 495 746 254 327 762 413 613 270 237 134 174 179 689 281 495 972 311 733 0 249 624 648 132 758 106 832 593 65 463 761 563
688 586 450 281 460 495 645 146 172 412 735 32 375 459 476 426 302 519 44 355 581 182 366 396 171 317 380 97 585 298 530 862 146 520 249 0 377 486 380 515 353 685 756 292 215 517 326
588 792 101 299 751 764 894 464 276 506 761 346 682 347 543 255 324 290 374 637 477 256 19 729 464 674 748 456 637 593 771 843 387 340 624 377 0 462 756 156 728 630 1079 667 162 192 169
209 424 557 219 940 480 553 631 331 147 299 479 854 131 124 221 191 264 522 422 125 332 473 560 655 764 662 575 181 421 448 397 352 201 648 486 462 0 752 594 740 201 817 647 436 396 299
957 608 825 605 354 459 586 327 524 624 906 410 296 777 683 773 613 870 385 381 871 541 745 278 348 157 139 307 770 350 523 1049 432 854 132 380 756 752 0 889 34 927 532 106 595 891 691
688 945 65 452 837 920 1049 579 431 655 888 483 777 469 686 375 475 376 505 793 585 412 159 882 572 792 892 583 773 748 926 956 541 439 758 515 156 594 889 0 859 742 1233 806 304 237 316
947 617 795 586 329 470 602 295 502 616 905 383 267 761 676 753 596 850 355 384 858 518 716 290 315 125 156 277 766 348 533 1047 413 836 106 353 728 740 34 859 0 919 560 96 567 866 668
83 479 716 418 1137 584 609 831 532 304 179 680 1051 285 245 376 392 371 723 567 157 532 643 704 856 955 823 773 187 581 534 214 548 305 832 685 630 201 927 742 919 0 899 824 629 517 479
966 421 1172 810 883 340 296 792 803 675 781 785 827 916 697 965 798 1049 786 445 934 823 1075 361 822 684 420 739 713 486 372 909 694 1001 593 756 1079 817 532 1233 560 899 0 528 936 1136 945
853 531 742 501 396 389 528 273 425 521 810 323 322 673 581 670 509 767 305 292 766 442 657 215 301 178 110 235 671 254 450 952 328 750 65 292 667 647 106 806 96 824 528 0 506 793 592
606 687 241 226 614 637 775 312 147 431 728 185 539 354 481 284 255 360 215 502 491 132 151 580 317 517 589 296 588 453 653 832 245 385 463 215 162 436 595 304 567 629 936 506 0 319 166
456 793 232 328 931 803 911 629 370 492 674 490 857 265 506 182 339 146 527 695 361 352 211 810 635 831 857 608 576 663 793 728 476 213 761 517 192 396 891 237 866 517 1136 793 319 0 203
447 631 267 140 766 618 739 453 168 340 597 302 686 196 375 119 160 200 343 501 333 151 177 610 465 642 655 420 470 465 617 688 274 220 563 326 169 299 691 316 668 479 945 592 166 203 0
