22
0 211 683 326 465 660 505 384 259 274 527 132 159 323 118 303 255 393 538 232 298 149
211 0 767 152 482 845 368 318 378 330 584 150 339 369 160 407 439 555 748 443 467 316
683 767 0 917 319 482 663 523 425 954 1191 800 546 1002 790 960 498 955 701 648 879 543
326 152 917 0 627 981 450 447 527 316 533 212 474 340 228 411 574 589 856 551 513 455
465 482 319 627 0 632 351 205 256 734 992 554 385 782 549 767 400 822 727 539 731 366
660 845 482 981 632 0 946 771 494 856 1018 789 508 894 773 812 408 712 302 472 676 529
505 368 663 450 351 946 0 175 469 696 950 509 537 736 515 768 608 894 962 693 800 508
384 318 523 447 205 771 175 0 297 620 881 428 379 665 429 675 441 774 795 541 679 351
259 378 425 527 256 494 469 297 0 530 774 380 135 578 369 543 152 572 501 284 485 123
274 330 954 316 734 856 696 620 530 0 262 192 413 49 192 98 488 288 650 385 233 412
527 584 1191 533 992 1018 950 881 774 262 0 454 646 217 454 232 703 318 760 570 343 652
132 150 800 212 554 789 509 428 380 192 454 0 291 238 17 260 386 407 646 342 321 278
159 339 546 474 385 508 537 379 135 413 646 291 0 460 277 415 100 439 433 163 351 30
323 369 1002 340 782 894 736 665 578 49 217 238 460 0 238 102 532 291 678 424 251 460
118 160 790 228 549 773 515 429 369 192 454 17 277 238 0 254 371 395 629 325 308 265
303 407 960 411 767 812 768 675 543 98 232 260 415 102 254 0 473 192 582 348 152 421
255 439 498 574 400 408 608 441 152 488 703 386 100 532 371 473 0 458 355 152 381 124
393 555 955 589 822 712 894 774 572 288 318 407 439 291 395 192 458 0 443 307 95 456
538 748 701 856 727 302 962 795 501 650 760 646 433 678 629 582 355 443 0 307 433 462
232 443 648 551 539 472 693 541 284 385 570 342 163 424 325 348 152 307 307 0 235 190
298 467 879 513 731 676 800 679 485 233 343 321 351 251 308 152 381 95 433 235 0 366
149 316 543 455 366 529 508 351 123 412 652 278 30 460 265 421 124 456 462 190 366 0
