50
0 435 967 292 876 378 1040 829 540 877 489 449 577 658 133 728 1018 556 984 164 230 565 676 581 549 912 466 698 293 953 845 941 784 269 398 650 473 747 806 756 157 580 808 1063 597 838 312 955 937 735
435 0 713 246 617 91 850 458 598 643 61 457 143 831 303 774 857 259 851 397 220 416 273 733 462 720 238 268 310 743 695 638 845 350 433 253 114 938 581 724 338 147 994 850 472 760 155 833 773 545
967 713 0 682 97 798 189 346 584 94 667 564 672 790 865 575 239 459 285 819 774 407 501 726 445 142 523 599 675 102 231 128 617 706 608 504 601 866 163 441 969 687 888 158 388 363 842 298 203 243
292 246 682 0 589 257 772 544 378 595 275 243 368 593 184 568 760 268 736 179 104 291 411 496 299 641 175 461 66 678 586 649 636 104 205 384 220 699 524 549 295 377 756 789 335 610 243 711 676 459
876 617 97 589 0 702 256 278 522 52 573 485 581 745 771 542 290 363 319 730 678 320 415 673 366 157 427 517 584 148 215 111 593 617 526 415 506 829 86 411 873 597 857 240 309 352 745 323 228 169
378 91 798 257 702 0 929 549 630 725 150 490 215 849 253 814 933 340 922 374 193 479 362 752 515 798 302 346 321 823 767 726 884 353 459 343 197 954 661 778 262 214 1012 932 533 822 72 903 848 620
1040 850 189 772 256 929 0 529 576 214 812 602 830 731 954 505 68 592 133 881 872 482 669 687 492 133 635 772 750 111 199 316 528 772 651 668 737 789 270 379 1067 846 799 58 443 278 964 161 110 316
829 458 346 544 278 549 529 0 657 328 400 562 370 910 703 744 568 278 595 718 602 393 192 821 466 433 373 268 571 424 472 228 806 615 583 208 369 1008 311 629 777 382 1047 503 422 598 610 595 504 351
540 598 584 378 522 630 576 657 0 495 602 142 680 258 508 194 535 445 484 379 472 266 629 165 192 473 387 721 319 524 382 626 260 306 174 607 519 363 437 226 629 694 411 617 236 322 620 452 467 355
877 643 94 595 52 725 214 328 495 0 602 471 617 708 778 500 242 386 268 728 689 315 456 640 352 106 441 560 585 104 166 157 548 614 515 454 530 790 72 368 884 632 815 208 295 303 765 271 177 150
489 61 667 275 573 150 812 400 602 602 0 462 94 844 357 771 823 224 820 439 268 399 213 745 452 684 224 210 336 703 666 586 842 379 445 194 87 951 543 711 398 103 1006 809 455 740 216 805 740 514
449 457 564 243 485 490 602 562 142 471 462 0 542 387 392 326 574 322 536 286 341 176 507 288 120 480 252 592 188 527 403 577 395 188 52 483 381 493 403 315 513 556 545 632 177 390 485 507 495 321
577 143 672 368 581 215 830 370 680 617 94 542 0 927 446 840 848 266 853 532 360 457 179 828 517 707 294 133 427 720 701 577 911 471 529 170 162 1034 565 770 475 16 1087 821 512 788 287 841 768 549
658 831 790 593 745 849 731 910 258 708 844 387 927 0 674 226 674 702 611 524 669 523 887 100 449 659 638 977 528 710 564 854 223 499 400 864 765 108 663 356 784 940 164 782 488 453 825 578 630 587
133 303 865 184 771 253 954 703 508 778 357 392 446 674 0 701 940 435 912 152 101 473 545 586 472 823 350 565 210 861 765 828 765 205 344 519 342 772 708 706 122 449 833 972 514 778 193 886 856 642
728 774 575 568 542 814 505 744 194 500 771 326 840 226 701 0 448 585 385 569 663 390 760 201 323 439 548 861 510 490 346 653 72 499 365 741 685 292 464 135 822 855 316 557 340 228 810 352 405 398
1018 857 239 760 290 933 68 568 535 242 823 574 848 674 940 448 0 600 67 857 862 470 694 635 471 142 633 800 732 145 175 365 466 750 624 690 744 728 284 326 1055 864 736 126 426 224 962 98 85 314
556 259 459 268 363 340 592 278 445 386 224 322 266 702 435 585 600 0 597 441 336 197 186 605 264 462 96 278 294 484 443 399 656 339 328 162 146 807 323 507 524 282 855 592 250 523 383 582 517 290
984 851 285 736 319 922 133 595 484 268 820 536 853 611 912 385 67 597 0 821 838 450 707 576 440 163 621 814 703 184 156 406 401 718 587 701 739 663 296 268 1029 869 670 190 402 166 947 34 92 307
164 397 819 179 730 374 881 718 379 728 439 286 532 524 152 569 857 441 821 0 182 413 590 439 389 755 346 635 151 798 684 804 629 114 235 563 395 622 657 592 261 540 682 906 440 674 328 792 776 581
230 220 774 104 678 193 872 602 472 689 268 341 360 669 101 663 862 336 838 182 0 392 446 575 402 740 254 473 154 775 688 731 731 172 299 420 244 772 619 651 196 365 831 886 438 714 157 814 777 557
565 416 407 291 320 479 482 393 266 315 399 176 457 523 473 390 470 197 450 413 392 0 372 431 75 351 179 472 272 390 297 405 460 300 210 352 312 625 244 314 586 472 669 500 57 345 499 428 386 171
676 273 501 411 415 362 669 192 629 456 213 507 179 887 545 760 694 186 707 590 446 372 0 790 444 553 266 108 454 559 562 401 829 500 511 27 203 991 413 669 604 192 1038 654 420 667 427 699 619 415
581 733 726 496 673 752 687 821 165 640 745 288 828 100 586 201 635 605 576 439 575 431 790 0 357 602 540 879 431 654 507 780 229 404 301 767 666 207 589 310 700 841 262 734 400 412 730 543 581 510
549 462 445 299 366 515 492 466 192 352 452 120 517 449 472 323 471 264 440 389 402 75 444 357 0 366 228 541 263 411 297 460 394 281 164 423 365 551 284 264 590 532 596 518 58 313 526 415 389 202
912 720 142 641 157 798 133 433 473 106 684 480 707 659 823 439 142 462 163 755 740 351 553 602 366 0 502 659 620 53 96 251 478 644 528 549 607 731 143 305 935 723 750 152 315 222 831 167 71 184
466 238 523 175 427 302 635 373 387 441 224 252 294 638 350 548 633 96 621 346 254 179 266 540 228 502 0 343 199 532 466 478 619 244 248 240 138 745 372 488 447 309 796 643 235 523 330 601 549 321
698 268 599 461 517 346 772 268 721 560 210 592 133 977 565 861 800 278 814 635 473 472 108 879 541 659 343 0 513 663 670 491 931 559 590 122 242 1083 519 774 604 138 1132 754 522 774 417 807 725 523
293 310 675 66 584 321 750 571 319 585 336 188 427 528 210 510 732 294 703 151 154 272 454 431 263 620 199 513 0 661 558 654 578 47 146 427 273 633 513 501 329 438 691 771 308 569 303 677 650 442
953 743 102 678 148 823 111 424 524 104 703 527 720 710 861 490 145 484 184 798 775 390 559 654 411 53 532 663 661 0 148 223 527 686 574 557 630 781 163 356 971 736 799 112 358 270 860 196 101 220
845 695 231 586 215 767 199 472 382 166 666 403 701 564 765 346 175 443 156 684 688 297 562 507 297 96 466 670 558 148 0 322 387 577 453 554 584 637 161 212 881 717 658 236 252 137 793 140 93 153
941 638 128 649 111 726 316 228 626 157 586 577 577 854 828 653 365 399 406 804 731 405 401 780 460 251 478 491 654 223 322 0 703 691 614 408 532 940 192 522 922 591 968 281 404 459 778 416 319 272
784 845 617 636 593 884 528 806 260 548 842 395 911 223 765 72 466 656 401 629 731 460 829 229 394 478 619 931 578 527 387 703 0 565 433 810 756 263 518 182 884 926 274 582 409 257 878 369 435 457
269 350 706 104 617 353 772 615 306 614 379 188 471 499 205 499 750 339 718 114 172 300 500 404 281 644 244 559 47 686 577 691 565 0 139 474 319 603 543 503 326 481 661 795 329 577 327 690 669 469
398 433 608 205 526 459 651 583 174 515 445 52 529 400 344 365 624 328 587 235 299 210 511 301 164 528 248 590 146 574 453 614 433 139 0 486 367 507 446 364 465 542 562 680 220 441 447 558 545 365
650 253 504 384 415 343 668 208 607 454 194 483 170 864 519 741 690 162 701 563 420 352 27 767 423 549 240 122 427 557 554 408 810 474 486 0 177 969 407 653 581 184 1017 655 402 654 406 691 613 404
473 114 601 220 506 197 737 369 519 530 87 381 162 765 342 685 744 146 739 395 244 312 203 666 365 607 138 242 273 630 584 532 756 319 367 177 0 872 468 624 408 176 925 737 368 654 247 722 661 433
747 938 866 699 829 954 789 1008 363 790 951 493 1034 108 772 292 728 807 663 622 772 625 991 207 551 731 745 1083 633 781 637 940 263 603 507 969 872 0 749 426 880 1047 62 843 587 515 928 631 694 677
806 581 163 524 86 661 270 311 437 72 543 403 565 663 708 464 284 323 296 657 619 244 413 589 284 143 372 519 513 163 161 192 518 543 446 407 468 749 0 337 814 581 779 272 227 290 699 290 206 84
756 724 441 549 411 778 379 629 226 368 711 315 770 356 706 135 326 507 268 592 651 314 669 310 264 305 488 774 501 356 212 522 182 503 364 653 624 426 337 0 828 786 448 428 258 103 785 235 275 279
157 338 969 295 873 262 1067 777 629 884 398 513 475 784 122 822 1055 524 1029 261 196 586 604 700 590 935 447 604 329 971 881 922 884 326 465 581 408 880 814 828 0 475 941 1082 630 898 190 1004 971 753
580 147 687 377 597 214 846 382 694 632 103 556 16 940 449 855 864 282 869 540 365 472 192 841 532 723 309 138 438 736 717 591 926 481 542 184 176 1047 581 786 475 0 1100 836 528 804 286 857 784 565
808 994 888 756 857 1012 799 1047 411 815 1006 545 1087 164 833 316 736 855 670 682 831 669 1038 262 596 750 796 1132 691 799 658 968 274 661 562 1017 925 62 779 448 941 1100 0 854 629 530 987 639 708 710
1063 850 158 789 240 932 58 503 617 208 809 632 821 782 972 557 126 592 190 906 886 500 654 734 518 152 643 754 771 112 236 281 582 795 680 655 737 843 272 428 1082 836 854 0 467 330 970 218 154 331
597 472 388 335 309 533 443 422 236 295 455 177 512 488 514 340 426 250 402 440 438 57 420 400 58 315 235 522 308 358 252 404 409 329 220 402 368 587 227 258 630 528 629 467 0 290 551 378 343 145
838 760 363 610 352 822 278 598 322 303 740 390 788 453 778 228 224 523 166 674 714 345 667 412 313 222 523 774 569 270 137 459 257 577 441 654 654 515 290 103 898 804 530 330 290 0 837 133 179 255
312 155 842 243 745 72 964 610 620 765 216 485 287 825 193 810 962 383 947 328 157 499 427 730 526 831 330 417 303 860 793 778 878 327 447 406 247 928 699 785 190 286 987 970 551 837 0 926 878 650
955 833 298 711 323 903 161 595 452 271 805 507 841 578 886 352 98 582 34 792 814 428 699 543 415 167 601 807 677 196 140 416 369 690 558 691 722 631 290 235 1004 857 639 218 378 133 926 0 97 293
937 773 203 676 228 848 110 504 467 177 740 495 768 630 856 405 85 517 92 776 777 386 619 581 389 71 549 725 650 101 93 319 435 669 545 613 661 694 206 275 971 784 708 154 343 179 878 97 0 229
735 545 243 459 169 620 316 351 355 150 514 321 549 587 642 398 314 290 307 581 557 171 415 510 202 184 321 523 442 220 153 272 457 469 365 404 433 677 84 279 753 565 710 331 145 255 650 293 229 0
