44
0 722 451 417 456 533 367 220 268 387 328 172 323 488 318 308 621 635 116 792 704 209 268 482 485 556 536 346 197 221 283 317 365 314 322 453 658 293 341 259 650 419 348 749
722 0 513 306 456 340 364 832 601 875 454 850 993 1152 543 947 128 124 722 940 73 534 989 890 561 171 742 401 853 700 630 663 438 797 509 563 594 932 659 950 960 1140 1070 951
451 513 0 346 598 577 376 659 189 390 173 622 580 714 548 520 492 390 370 473 456 414 678 870 694 368 234 225 646 284 192 639 493 330 137 51 215 741 653 706 451 813 745 465
417 306 346 0 271 231 69 537 343 623 204 547 701 865 282 661 209 234 428 818 296 232 684 644 379 147 571 137 552 428 377 402 188 538 268 390 523 636 406 647 776 834 765 808
456 456 598 271 0 125 224 453 532 786 432 505 779 944 145 759 329 451 529 1064 486 263 678 438 112 370 805 374 492 580 567 236 112 699 489 636 790 544 223 595 991 818 757 1045
533 340 577 231 125 0 215 565 551 823 426 608 851 1017 252 823 215 354 586 1049 378 326 775 561 222 284 800 361 599 618 587 356 170 736 489 621 748 659 346 702 1000 920 855 1038
367 364 376 69 224 215 0 472 337 612 215 487 666 831 216 630 255 301 393 845 360 171 631 577 325 213 590 152 490 409 373 334 127 525 277 416 567 571 339 587 787 781 712 829
220 832 659 537 453 565 472 0 484 583 515 86 439 578 314 453 714 770 332 1009 831 307 255 286 429 683 755 512 53 439 501 230 407 521 524 666 870 100 251 146 858 376 323 963
268 601 189 343 532 551 337 484 0 281 148 439 411 560 442 357 539 487 181 557 559 293 489 721 608 433 292 211 465 106 36 507 421 198 94 185 390 560 525 519 460 627 558 525
387 875 390 623 786 823 612 583 281 0 428 508 256 343 671 194 819 756 276 462 827 526 452 863 843 710 275 491 543 206 248 699 677 88 368 350 499 621 721 543 281 539 486 404
328 454 173 204 432 426 215 515 148 428 0 493 545 701 376 496 392 344 285 633 416 245 585 705 523 285 376 68 511 247 180 469 323 346 65 206 383 605 482 586 574 731 660 615
172 850 622 547 505 608 487 86 439 508 493 0 353 494 361 369 738 777 272 944 842 317 179 369 494 693 696 501 36 380 451 297 443 451 493 624 829 123 320 100 785 314 254 895
323 993 580 701 779 851 666 439 411 256 545 353 0 167 640 64 910 888 274 713 960 525 228 721 803 822 524 593 388 305 394 622 685 263 503 553 733 439 646 347 518 286 239 651
488 1152 714 865 944 1017 831 578 560 343 701 494 167 0 804 206 1073 1044 439 754 1116 692 335 851 964 982 614 752 526 456 538 778 851 385 654 681 841 559 802 463 548 314 304 687
318 543 548 282 145 252 216 314 442 671 376 361 640 804 0 625 418 506 403 994 556 150 533 363 172 418 730 334 349 470 475 122 106 587 422 578 756 409 124 452 898 674 612 967
308 947 520 661 759 823 630 453 357 194 496 369 64 206 625 0 869 839 238 654 911 500 270 738 792 777 461 547 405 252 337 618 660 200 450 492 669 467 642 379 463 346 294 593
621 128 492 209 329 215 255 714 539 819 392 738 910 1073 418 869 0 157 636 948 165 423 885 762 434 126 725 330 738 631 572 537 314 737 454 541 616 813 533 837 941 1035 966 950
635 124 390 234 451 354 301 770 487 756 344 777 888 1044 506 839 157 0 621 820 73 464 903 866 561 89 618 298 784 590 514 627 403 680 394 440 477 869 628 876 836 1053 982 829
116 722 370 428 529 586 393 332 181 276 285 272 274 439 403 238 636 621 0 678 693 267 309 598 574 552 425 324 303 109 185 423 426 199 258 363 566 394 446 342 535 450 380 633
792 940 473 818 1064 1049 845 1009 557 462 633 944 713 754 994 654 948 820 678 0 871 847 912 1269 1152 823 265 693 977 571 528 1063 955 496 577 429 351 1064 1081 995 207 998 947 69
704 73 456 296 486 378 360 831 559 827 416 842 960 1116 556 911 165 73 693 871 0 527 972 912 594 150 680 369 848 662 586 678 451 752 466 505 524 931 676 941 899 1122 1051 885
209 534 414 232 263 326 171 307 293 526 245 317 525 692 150 500 423 464 267 847 527 0 464 461 320 378 582 220 321 322 325 225 161 440 281 439 626 405 240 417 748 614 546 818
268 989 678 684 678 775 631 255 489 452 585 179 228 335 533 270 885 903 309 912 972 464 0 518 673 824 692 611 204 400 488 476 607 423 565 666 866 224 499 128 729 151 82 855
482 890 870 644 438 561 577 286 721 863 705 369 721 851 363 738 762 866 598 1269 912 461 518 0 349 779 1008 678 334 700 745 244 464 795 735 890 1085 296 239 391 1132 600 567 1228
485 561 694 379 112 222 325 429 608 843 523 494 803 964 172 792 434 561 574 1152 594 320 673 349 0 482 890 470 474 641 641 199 202 758 576 729 891 509 179 574 1066 803 747 1129
556 171 368 147 370 284 213 683 433 710 285 693 822 982 418 777 126 89 552 823 150 378 824 779 482 0 601 230 699 531 463 540 316 630 343 418 493 783 541 792 818 974 904 825
536 742 234 571 805 800 590 755 292 275 376 696 524 614 730 461 725 618 425 265 680 582 692 1008 890 601 0 440 728 317 264 798 694 270 316 185 238 818 817 758 219 800 740 240
346 401 225 137 374 361 152 512 211 491 68 501 593 752 334 547 330 298 324 693 369 220 611 678 470 230 440 0 515 303 244 437 269 408 132 264 424 607 447 598 641 760 689 678
197 853 646 552 492 599 490 53 465 543 511 36 388 526 349 405 738 784 303 977 848 321 204 334 474 699 728 515 0 411 479 276 437 485 514 649 854 96 298 104 820 330 274 929
221 700 284 428 580 618 409 439 106 206 247 380 305 456 470 252 631 590 109 571 662 322 400 700 641 531 317 303 411 0 92 510 471 120 199 267 467 502 531 447 438 530 463 529
283 630 192 377 567 587 373 501 36 248 180 451 394 538 475 337 572 514 185 528 586 325 488 745 641 463 264 244 479 92 0 535 456 167 121 179 382 573 555 526 425 621 553 495
317 663 639 402 236 356 334 230 507 699 469 297 622 778 122 618 537 627 423 1063 678 225 476 244 199 540 798 437 276 510 535 0 227 620 506 663 851 314 25 375 947 605 549 1029
365 438 493 188 112 170 127 407 421 677 323 443 685 851 106 660 314 403 426 955 451 161 607 464 202 316 694 269 437 471 456 227 0 590 379 529 690 505 226 539 879 753 688 934
314 797 330 538 699 736 525 521 198 88 346 451 263 385 587 200 737 680 199 496 752 440 423 795 758 630 270 408 485 120 167 620 590 0 288 296 470 569 642 499 338 531 470 445
322 509 137 268 489 489 277 524 94 368 65 493 503 654 422 450 454 394 258 577 466 281 565 735 576 343 316 132 514 199 121 506 379 288 0 158 351 610 521 580 511 708 637 556
453 563 51 390 636 621 416 666 185 350 206 624 553 681 578 492 541 440 363 429 505 439 666 890 729 418 185 264 649 267 179 663 529 296 158 0 206 745 679 703 401 797 730 418
658 594 215 523 790 748 567 870 390 499 383 829 733 841 756 669 616 477 566 351 524 626 866 1085 891 493 238 424 854 467 382 851 690 470 351 206 0 950 865 907 426 991 926 373
293 932 741 636 544 659 571 100 560 621 605 123 439 559 409 467 813 869 394 1064 931 405 224 296 509 783 818 607 96 502 573 314 505 569 610 745 950 0 332 97 901 312 273 1014
341 659 653 406 223 346 339 251 525 721 482 320 646 802 124 642 533 628 446 1081 676 240 499 239 179 541 817 447 298 531 555 25 226 642 521 679 865 332 0 396 968 626 571 1049
259 950 706 647 595 702 587 146 519 543 586 100 347 463 452 379 837 876 342 995 941 417 128 391 574 792 758 598 104 447 526 375 539 499 580 703 907 97 396 0 824 230 182 942
650 960 451 776 991 1000 787 858 460 281 574 785 518 548 898 463 941 836 535 207 899 748 729 1132 1066 818 219 641 820 438 425 947 879 338 511 401 426 901 968 824 0 803 756 140
419 1140 813 834 818 920 781 376 627 539 731 314 286 314 674 346 1035 1053 450 998 1122 614 151 600 803 974 800 760 330 530 621 605 753 531 708 797 991 312 626 230 803 0 71 936
348 1070 745 765 757 855 712 323 558 486 660 254 239 304 612 294 966 982 380 947 1051 546 82 567 747 904 740 689 274 463 553 549 688 470 637 730 926 273 571 182 756 71 0 887
749 951 465 808 1045 1038 829 963 525 404 615 895 651 687 967 593 950 829 633 69 885 818 855 1228 1129 825 240 678 929 529 495 1029 934 445 556 418 373 1014 1049 942 140 936 887 0
