14
0 657 750 600 144 466 583 317 103 639 745 687 807 457
657 0 540 150 800 201 166 532 647 455 661 30 381 625
750 540 0 660 865 582 389 440 812 119 147 550 920 362
600 150 660 0 738 146 271 552 568 561 766 165 277 674
144 800 865 738 0 607 725 426 184 760 843 830 931 542
466 201 582 146 607 0 216 410 448 472 669 230 411 540
583 166 389 271 725 216 0 394 598 294 500 186 536 467
317 532 440 552 426 410 394 0 394 337 429 560 820 162
103 647 812 568 184 448 598 394 0 697 821 676 748 544
639 455 119 561 760 472 294 337 697 0 207 469 830 292
745 661 147 766 843 669 500 429 821 207 0 674 1036 305
687 30 550 165 830 230 186 560 676 469 674 0 376 649
807 381 920 277 931 411 536 820 748 830 1036 376 0 949
457 625 362 674 542 540 467 162 544 292 305 649 949 0
