21
0 381 1062 770 922 682 858 670 795 292 811 155 280 561 852 661 678 901 92 1053 725
381 0 907 668 769 375 720 409 415 213 468 392 228 574 660 585 601 861 332 830 706
1062 907 0 299 142 591 204 517 921 1100 646 926 805 546 253 409 393 311 1093 203 413
770 668 299 0 172 442 105 350 798 841 560 630 527 252 194 111 95 214 808 368 158
922 769 142 172 0 470 68 388 814 960 546 789 663 423 131 277 263 270 951 211 312
682 375 591 442 470 0 444 94 357 588 156 612 411 507 341 417 426 655 667 472 556
858 720 204 105 68 444 0 357 795 906 538 723 603 356 127 210 196 243 890 267 252
670 409 517 350 388 94 357 0 449 616 233 581 391 425 265 326 334 563 667 422 463
795 415 921 798 814 357 795 449 0 572 279 793 599 833 683 766 776 1012 740 765 905
292 213 1100 841 960 588 906 616 572 0 675 386 328 700 858 746 763 1018 207 1037 850
811 468 646 560 546 156 538 233 279 675 0 756 552 657 418 554 561 768 785 487 689
155 392 926 630 789 612 723 581 793 386 756 0 205 410 731 520 536 750 228 935 574
280 228 805 527 663 411 603 391 599 328 552 205 0 373 581 425 443 692 291 778 523
561 574 546 252 423 507 356 425 833 700 657 410 373 0 415 152 163 340 616 610 165
852 660 253 194 131 341 127 265 683 858 418 731 581 415 0 264 256 369 871 205 352
661 585 409 111 277 417 210 326 766 746 554 520 425 152 264 0 18 277 701 458 140
678 601 393 95 263 426 196 334 776 763 561 536 443 163 256 18 0 261 719 448 130
901 861 311 214 270 655 243 563 1012 1018 768 750 692 340 369 277 261 0 953 473 176
92 332 1093 808 951 667 890 667 740 207 785 228 291 616 871 701 719 953 0 1067 779
1053 830 203 368 211 472 267 422 765 1037 487 935 778 610 205 458 448 473 1067 0 518
725 706 413 158 312 556 252 463 905 850 689 574 523 165 352 140 130 176 779 518 0
