49
0 750 739 793 1042 703 353 317 375 824 433 854 567 678 548 1064 1082 1094 792 632 476 1037 982 830 290 836 1093 1032 675 894 305 770 1005 946 876 412 562 243 485 738 385 871 699 203 508 278 980 1017 931
750 0 462 546 341 538 478 586 571 621 523 293 441 364 297 323 339 410 100 166 315 295 233 348 483 138 396 407 88 659 448 180 299 196 214 506 573 508 266 48 366 246 464 607 243 473 271 414 453
739 462 0 959 770 922 677 434 793 1030 781 753 172 109 266 701 707 496 562 542 576 673 597 800 614 397 512 390 401 1081 553 634 469 569 361 330 891 565 450 415 491 322 42 715 439 551 461 873 220
793 546 959 0 532 93 453 849 422 75 361 316 866 851 711 635 656 916 472 419 423 628 635 237 541 679 895 942 572 124 572 377 805 619 756 833 249 629 536 587 558 791 947 591 537 602 780 391 996
1042 341 770 532 0 580 716 921 773 594 709 232 778 684 637 123 139 473 261 411 568 132 191 304 755 374 445 547 428 596 739 274 387 208 425 846 690 805 576 381 668 470 781 868 556 769 373 171 686
703 538 922 93 580 0 370 776 331 127 271 352 816 814 665 674 695 928 478 393 363 663 660 277 460 675 909 942 550 195 496 385 815 639 752 769 156 550 484 574 493 783 906 502 489 526 789 456 979
353 478 677 453 716 370 0 420 116 496 119 511 530 580 416 759 779 875 488 325 163 736 694 480 93 597 866 843 428 565 144 443 769 660 658 438 258 184 251 484 186 670 648 157 272 166 742 672 806
317 586 434 849 921 776 420 0 514 903 538 789 266 393 309 907 922 850 661 533 435 878 810 795 328 627 855 769 499 968 282 677 778 774 646 108 677 240 358 557 296 629 393 367 373 255 758 949 641
375 571 793 422 773 331 116 514 0 450 68 552 644 696 532 830 850 975 566 409 260 809 775 506 192 697 964 950 530 519 252 507 867 742 762 544 187 275 364 583 302 777 764 178 383 267 840 704 920
824 621 1030 75 594 127 496 903 450 0 394 385 933 922 779 702 722 989 546 491 484 696 706 306 587 753 968 1016 646 70 623 451 878 691 830 893 266 676 602 661 617 865 1016 624 604 652 853 445 1070
433 523 781 361 709 271 119 538 68 394 0 487 642 680 517 770 791 930 511 358 223 750 719 439 211 653 918 912 490 463 262 446 821 688 721 556 141 300 339 539 295 739 755 231 355 285 793 637 894
854 293 753 316 232 352 511 789 552 385 487 0 709 650 551 323 345 610 196 257 382 314 322 80 565 402 587 649 356 403 562 122 502 309 476 734 459 630 431 340 505 517 752 667 418 595 478 165 736
567 441 172 866 778 816 530 266 644 933 642 709 0 134 160 734 744 606 536 467 455 705 630 741 458 428 615 515 360 990 396 588 551 596 423 160 763 400 332 398 347 395 133 551 329 390 535 850 375
678 364 109 851 684 814 580 393 696 922 680 650 134 0 164 627 635 473 463 435 471 598 522 695 523 318 483 381 296 973 463 531 423 490 299 285 787 483 345 317 395 267 102 631 333 465 409 777 253
548 297 266 711 637 665 416 309 532 779 517 551 160 164 0 608 621 551 386 308 311 579 508 582 363 319 554 484 211 834 303 431 472 472 340 215 627 332 185 259 232 328 243 476 177 309 451 697 400
1064 323 701 635 123 674 759 907 830 702 770 323 734 627 608 0 22 356 273 438 601 30 106 401 784 310 327 438 409 709 759 324 279 138 343 822 770 822 583 351 681 386 718 904 561 787 270 293 591
1082 339 707 656 139 695 779 922 850 722 791 345 744 635 621 22 0 346 293 457 621 45 115 422 803 318 318 432 424 729 777 345 275 150 347 836 791 840 600 365 699 390 725 924 578 805 268 310 590
1094 410 496 916 473 928 875 850 975 989 930 610 606 473 551 356 346 0 451 575 716 342 296 687 862 279 30 115 447 1012 815 544 114 302 221 745 980 862 635 393 730 224 529 987 612 832 141 637 306
792 100 562 472 261 478 488 661 566 546 511 196 536 463 386 273 293 451 0 165 329 249 209 258 512 210 433 470 177 578 488 96 338 178 287 589 536 552 317 147 412 325 564 631 297 516 312 316 541
632 166 542 419 411 393 325 533 409 491 358 257 467 435 308 438 457 575 165 0 164 413 370 276 348 301 561 567 158 540 328 147 464 336 374 478 410 394 175 190 258 399 532 467 161 358 436 417 587
476 315 576 423 568 363 163 435 260 484 223 382 455 471 311 601 621 716 329 164 0 577 532 370 188 438 706 691 271 546 182 295 609 498 503 411 317 249 127 324 139 518 554 304 138 214 582 546 673
1037 295 673 628 132 663 736 878 809 696 750 314 705 598 579 30 45 342 249 413 577 0 77 392 759 281 314 419 380 706 733 305 259 109 316 793 754 796 556 322 654 360 690 880 534 760 247 299 567
982 233 597 635 191 660 694 810 775 706 719 322 630 522 508 106 115 296 209 370 532 77 0 401 710 205 271 359 315 723 679 283 199 38 241 723 737 740 498 255 598 285 613 833 476 705 183 344 496
830 348 800 237 304 277 480 795 506 306 439 80 741 695 582 401 422 687 258 276 370 392 401 0 544 468 664 722 400 326 550 169 577 386 544 750 394 617 441 395 503 583 795 636 432 583 553 199 799
290 483 614 541 755 460 93 328 192 587 211 565 458 523 363 784 803 862 512 348 188 759 710 544 0 588 856 819 419 655 62 482 761 674 642 352 350 91 227 480 136 648 583 126 251 76 735 729 761
836 138 397 679 374 675 597 627 697 753 653 402 428 318 319 310 318 279 210 301 438 281 205 468 588 0 270 269 170 787 545 304 174 174 78 532 710 597 362 114 460 115 411 713 338 565 147 492 335
1093 396 512 895 445 909 866 855 964 968 918 587 615 483 554 327 318 30 433 561 706 314 271 664 856 270 0 139 439 989 810 524 98 278 218 751 964 859 629 382 725 227 543 981 606 829 126 610 329
1032 407 390 942 547 942 843 769 950 1016 912 649 515 381 484 438 432 115 470 567 691 419 359 722 819 269 139 0 422 1046 767 565 161 354 194 662 976 808 595 378 684 174 426 942 573 781 177 701 193
675 88 401 572 428 550 428 499 530 646 490 356 360 296 211 409 424 447 177 158 271 380 315 400 419 170 439 422 0 691 378 235 344 278 232 419 560 434 194 63 294 250 397 545 170 401 317 491 429
894 659 1081 124 596 195 565 968 519 70 463 403 990 973 834 709 729 1012 578 540 546 706 723 326 655 787 989 1046 691 0 689 484 903 711 864 956 335 744 660 701 680 901 1069 694 661 719 879 437 1111
305 448 553 572 739 496 144 282 252 623 262 562 396 463 303 759 777 815 488 328 182 733 679 550 62 545 810 767 378 689 0 470 717 643 595 295 399 68 185 440 85 597 521 175 208 34 691 727 703
770 180 634 377 274 385 443 677 507 451 446 122 588 531 431 324 345 544 96 147 295 305 283 169 482 304 524 565 235 484 470 0 432 258 381 618 455 537 320 226 404 418 632 595 305 501 406 273 631
1005 299 469 805 387 815 769 778 867 878 821 502 551 423 472 279 275 114 338 464 609 259 199 577 761 174 98 161 344 903 717 432 0 197 133 677 867 769 535 286 632 156 496 887 512 737 28 542 320
946 196 569 619 208 639 660 774 742 691 688 309 596 490 472 138 150 302 178 336 498 109 38 386 674 174 278 354 278 711 643 258 197 0 218 686 710 703 461 218 561 263 584 797 439 669 177 349 479
876 214 361 756 425 752 658 646 762 830 721 476 423 299 340 343 347 221 287 374 503 316 241 544 642 78 218 194 232 864 595 381 133 218 0 545 783 643 415 184 510 45 382 767 393 612 113 556 266
412 506 330 833 846 769 438 108 544 893 556 734 160 285 215 822 836 745 589 478 411 793 723 750 352 532 751 662 419 956 295 618 677 686 545 0 689 276 311 472 277 525 289 422 319 277 658 890 533
562 573 891 249 690 156 258 677 187 266 141 459 763 787 627 770 791 980 536 410 317 754 737 394 350 710 964 976 560 335 399 455 867 710 783 689 0 440 442 599 419 807 869 365 454 423 840 588 982
243 508 565 629 805 550 184 240 275 676 300 630 400 483 332 822 840 862 552 394 249 796 740 617 91 597 859 808 434 744 68 537 769 703 643 276 440 0 243 497 143 642 530 151 266 36 743 794 730
485 266 450 536 576 484 251 358 364 602 339 431 332 345 185 583 600 635 317 175 127 556 498 441 227 362 629 595 194 660 185 320 535 461 415 311 442 243 0 256 101 423 428 353 24 208 509 591 557
738 48 415 587 381 574 484 557 583 661 539 340 398 317 259 351 365 393 147 190 324 322 255 395 480 114 382 378 63 701 440 226 286 218 184 472 599 497 256 0 356 210 417 605 233 464 258 461 410
385 366 491 558 668 493 186 296 302 617 295 505 347 395 232 681 699 730 412 258 139 654 598 503 136 460 725 684 294 680 85 404 632 561 510 277 419 143 101 356 0 514 463 258 124 108 607 669 627
871 246 322 791 470 783 670 629 777 865 739 517 395 267 328 386 390 224 325 399 518 360 285 583 648 115 227 174 250 901 597 418 156 263 45 525 807 642 423 210 514 0 344 771 401 613 142 600 222
699 464 42 947 781 906 648 393 764 1016 755 752 133 102 243 718 725 529 564 532 554 690 613 795 583 411 543 426 397 1069 521 632 496 584 382 289 869 530 428 417 463 344 0 681 419 517 485 878 261
203 607 715 591 868 502 157 367 178 624 231 667 551 631 476 904 924 987 631 467 304 880 833 636 126 713 981 942 545 694 175 595 887 797 767 422 365 151 353 605 258 771 681 0 376 167 860 828 876
508 243 439 537 556 489 272 373 383 604 355 418 329 333 177 561 578 612 297 161 138 534 476 432 251 338 606 573 170 661 208 305 512 439 393 319 454 266 24 233 124 401 419 376 0 232 485 577 539
278 473 551 602 769 526 166 255 267 652 285 595 390 465 309 787 805 832 516 358 214 760 705 583 76 565 829 781 401 719 34 501 737 669 612 277 423 36 208 464 108 613 517 167 232 0 712 759 709
980 271 461 780 373 789 742 758 840 853 793 478 535 409 451 270 268 141 312 436 582 247 183 553 735 147 126 177 317 879 691 406 28 177 113 658 840 743 509 258 607 142 485 860 485 712 0 525 323
1017 414 873 391 171 456 672 949 704 445 637 165 850 777 697 293 310 637 316 417 546 299 344 199 729 492 610 701 491 437 727 273 542 349 556 890 588 794 591 461 669 600 878 828 577 759 525 0 821
931 453 220 996 686 979 806 641 920 1070 894 736 375 253 400 591 590 306 541 587 673 567 496 799 761 335 329 193 429 1111 703 631 320 479 266 533 982 730 557 410 627 222 261 876 539 709 323 821 0
