30
0 469 897 334 474 739 787 784 275 610 898 478 700 537 258 841 785 683 370 471 139 331 369 878 413 258 398 541 878 733
469 0 728 254 777 369 560 503 196 458 852 329 367 846 227 826 393 296 266 466 369 485 127 596 529 363 479 921 443 869
897 728 0 932 754 441 177 263 790 297 238 446 397 787 721 278 474 495 961 431 766 592 811 224 527 992 516 942 593 528
334 254 932 0 766 619 778 735 153 640 1014 492 609 835 238 974 646 547 41 582 312 523 132 832 594 122 554 865 693 951
474 777 754 766 0 853 740 792 644 579 631 549 790 70 569 560 910 833 807 412 456 300 738 856 293 723 339 192 1042 337
739 369 441 619 853 0 267 179 517 301 636 309 66 912 489 640 58 74 635 443 605 571 488 250 561 717 516 1034 196 794
787 560 177 778 740 267 0 94 643 183 375 313 221 786 582 389 306 319 803 354 651 518 652 117 471 849 444 931 434 589
784 503 263 735 792 179 94 0 610 214 468 308 143 842 559 481 214 238 757 388 646 545 605 98 509 816 475 981 341 669
275 196 790 153 644 517 643 610 0 495 863 345 495 713 87 822 554 451 189 430 196 380 100 707 447 207 404 763 626 804
610 458 297 640 579 301 183 214 495 0 395 150 236 631 424 376 357 312 671 175 475 337 524 290 296 696 265 767 496 494
898 852 238 1014 631 636 375 468 863 395 0 530 581 646 782 72 680 676 1048 441 784 568 908 455 488 1048 501 805 809 337
478 329 446 492 549 309 313 308 345 150 530 0 252 612 275 499 365 284 523 156 340 262 380 401 259 546 211 727 493 556
700 367 397 609 790 66 221 143 495 236 581 252 0 849 457 581 123 98 628 380 563 513 477 230 499 698 455 973 261 729
537 846 787 835 70 912 786 842 713 631 646 612 849 0 638 575 969 895 875 470 524 367 808 903 353 788 401 160 1102 331
258 227 721 238 569 489 582 559 87 424 782 275 457 638 0 739 532 429 275 346 143 296 171 656 360 272 318 699 621 717
841 826 278 974 560 640 389 481 822 376 72 499 581 575 739 0 687 672 1009 395 731 510 873 481 429 1002 447 734 820 269
785 393 474 646 910 58 306 214 554 357 680 365 123 969 532 687 0 104 658 500 653 627 515 268 618 748 573 1091 140 848
683 296 495 547 833 74 319 238 451 312 676 284 98 895 429 672 104 0 562 430 551 542 416 318 542 647 494 1009 212 804
370 266 961 41 807 635 803 757 189 671 1048 523 628 875 275 1009 658 562 0 618 352 563 153 853 633 141 592 903 697 990
471 466 431 582 412 443 354 388 430 175 441 156 380 470 346 395 500 430 618 0 347 166 490 464 123 608 91 598 635 406
139 369 766 312 456 605 651 646 196 475 784 340 563 524 143 731 653 551 352 347 0 232 295 740 312 287 286 568 752 658
331 485 592 523 300 571 518 545 380 337 568 262 513 367 296 510 627 542 563 166 232 0 465 626 82 518 77 468 753 429
369 127 811 132 738 488 652 605 100 524 908 380 477 808 171 873 515 416 153 490 295 465 0 701 524 237 479 862 569 879
878 596 224 832 856 250 117 98 707 290 455 401 230 903 656 481 268 318 853 464 740 626 701 0 583 914 554 1047 373 699
413 529 527 594 293 561 471 509 447 296 488 259 499 353 360 429 618 542 633 123 312 82 524 583 0 595 52 476 750 358
258 363 992 122 723 717 849 816 207 696 1048 546 698 788 272 1002 748 647 141 608 287 518 237 914 595 0 563 798 805 945
398 479 516 554 339 516 444 475 404 265 501 211 455 401 318 447 573 494 592 91 286 77 479 554 52 563 0 519 703 401
541 921 942 865 192 1034 931 981 763 767 805 727 973 160 699 734 1091 1009 903 598 568 468 862 1047 476 798 519 0 1220 486
878 443 593 693 1042 196 434 341 626 496 809 493 261 1102 621 820 140 212 697 635 752 753 569 373 750 805 703 1220 0 987
733 869 528 951 337 794 589 669 804 494 337 556 729 331 717 269 848 804 990 406 658 429 879 699 358 945 401 486 987 0
